src,dst,spec,slots_used,core_src,core_dst,tfk_slot
0,2,0,3,0,0,50.0
0,3,3,3,0,0,50.0
0,4,6,3,0,0,50.0
97,94,0,17,0,0,400.0
0,11,9,3,0,0,50.0
97,27,17,17,0,0,400.0
0,14,12,3,0,0,50.0
96,86,0,17,0,0,400.0
96,83,17,17,0,0,400.0
96,12,34,17,0,0,400.0
0,18,15,3,0,0,50.0
95,48,0,17,0,0,400.0
95,33,17,17,0,0,400.0
0,20,18,3,0,0,50.0
0,24,21,3,0,0,50.0
94,60,17,17,0,0,400.0
0,36,24,3,0,0,50.0
0,47,27,3,0,0,50.0
0,52,30,3,0,0,50.0
0,53,33,3,0,0,50.0
0,60,36,3,0,0,50.0
0,74,39,3,0,0,50.0
0,76,42,3,0,0,50.0
94,53,36,17,0,0,400.0
93,0,45,17,0,0,400.0
0,82,62,3,0,0,50.0
0,98,65,3,0,0,50.0
92,10,0,17,0,0,400.0
1,5,0,3,0,0,50.0
1,14,3,3,0,0,50.0
90,94,53,17,0,0,400.0
90,92,17,17,0,0,400.0
1,22,6,3,0,0,50.0
90,65,0,17,0,0,400.0
1,27,9,3,0,0,50.0
90,21,34,17,0,0,400.0
89,51,0,17,0,0,400.0
88,87,0,17,0,0,400.0
1,40,12,3,0,0,50.0
1,47,15,3,0,0,50.0
88,66,17,17,0,0,400.0
88,52,34,17,0,0,400.0
88,49,51,17,0,0,400.0
87,66,34,17,0,0,400.0
87,39,17,17,0,0,400.0
86,31,17,17,0,0,400.0
85,87,51,17,0,0,400.0
1,53,18,3,0,0,50.0
1,54,21,3,0,0,50.0
85,51,17,17,0,0,400.0
85,9,0,17,0,0,400.0
84,41,0,17,0,0,400.0
1,62,24,3,0,0,50.0
84,29,17,17,0,0,400.0
82,86,34,17,0,0,400.0
82,76,0,17,0,0,400.0
82,62,17,17,0,1,400.0
1,65,27,3,0,0,50.0
82,1,30,17,1,0,400.0
81,48,17,17,0,0,400.0
1,66,51,3,0,0,50.0
81,33,0,17,0,0,400.0
1,68,47,3,0,0,50.0
81,7,34,17,0,0,400.0
79,60,0,17,0,0,400.0
1,73,54,3,0,0,50.0
79,15,17,17,0,0,400.0
78,98,0,17,0,0,400.0
1,75,57,3,0,0,50.0
78,66,54,17,0,0,400.0
77,0,0,17,0,1,400.0
76,97,45,17,0,0,400.0
1,81,60,3,0,0,50.0
1,88,68,3,0,0,50.0
76,89,17,17,0,0,400.0
1,99,63,3,0,0,50.0
2,0,68,3,0,0,50.0
2,6,3,3,0,0,50.0
2,18,6,3,0,0,50.0
2,22,9,3,0,0,50.0
2,36,12,3,0,0,50.0
76,45,62,17,0,0,400.0
2,40,15,3,0,0,50.0
2,41,18,3,0,0,50.0
2,46,21,3,0,0,50.0
2,48,34,3,0,0,50.0
76,19,0,17,1,0,400.0
75,29,0,17,0,0,400.0
2,55,24,3,0,0,50.0
74,54,0,17,0,0,400.0
73,52,0,17,0,0,400.0
2,66,71,3,0,0,50.0
71,45,0,17,0,0,400.0
2,85,37,3,0,0,50.0
2,88,74,3,0,0,50.0
70,21,0,17,0,0,400.0
69,96,51,17,0,0,400.0
3,10,17,3,0,0,50.0
69,20,0,17,0,0,400.0
68,41,21,17,0,0,400.0
3,15,0,3,0,0,50.0
3,34,6,3,0,0,50.0
67,64,0,17,0,0,400.0
3,42,9,3,0,0,50.0
3,44,12,3,0,0,50.0
67,48,37,17,0,0,400.0
67,2,17,17,0,1,400.0
66,10,0,17,0,1,400.0
65,39,34,17,0,0,400.0
64,32,17,17,0,0,400.0
3,54,24,3,0,0,50.0
62,53,0,17,0,0,400.0
62,38,27,17,0,0,400.0
61,98,17,17,0,0,400.0
3,58,20,3,0,0,50.0
3,64,34,3,0,0,50.0
61,40,34,17,0,0,400.0
3,79,37,3,0,0,50.0
61,36,51,17,0,0,400.0
3,85,40,3,0,0,50.0
3,89,43,3,0,0,50.0
4,8,0,3,0,0,50.0
61,34,0,17,0,1,400.0
57,67,54,17,0,0,400.0
56,42,12,17,0,0,400.0
56,22,29,17,0,0,400.0
56,13,46,17,0,0,400.0
52,33,51,17,0,0,400.0
4,20,21,3,0,0,50.0
4,42,3,3,0,0,50.0
4,61,68,3,0,0,50.0
4,73,17,3,0,0,50.0
5,9,17,3,0,0,50.0
51,47,34,17,0,0,400.0
50,78,17,17,0,0,400.0
50,15,34,17,0,0,400.0
5,21,20,3,0,0,50.0
50,8,51,17,0,0,400.0
5,29,34,3,0,0,50.0
5,42,6,3,0,0,50.0
49,88,0,17,0,1,400.0
5,43,3,3,0,0,50.0
5,46,9,3,0,0,50.0
49,13,17,17,0,0,400.0
48,53,54,17,0,0,400.0
5,47,12,3,0,0,50.0
48,29,37,17,1,0,400.0
47,93,62,17,0,0,400.0
5,53,23,3,0,0,50.0
46,87,24,17,0,1,400.0
5,55,27,3,0,0,50.0
5,59,30,3,0,0,50.0
5,66,74,3,0,0,50.0
5,73,37,3,0,0,50.0
5,77,40,3,0,0,50.0
5,79,43,3,0,0,50.0
5,99,46,3,0,0,50.0
46,51,51,17,0,0,400.0
6,1,71,3,0,0,50.0
45,60,39,17,0,0,400.0
6,26,0,3,0,0,50.0
6,30,6,3,0,0,50.0
45,49,17,17,0,1,400.0
45,1,0,17,1,1,400.0
44,66,15,17,0,1,400.0
44,56,63,17,0,0,400.0
43,71,17,17,0,0,400.0
43,54,34,17,0,0,400.0
6,32,9,3,0,0,50.0
6,33,34,3,0,0,50.0
43,44,51,17,0,1,400.0
42,19,29,17,0,0,400.0
42,11,46,17,0,0,400.0
6,36,15,3,0,0,50.0
6,43,12,3,0,0,50.0
41,6,38,17,0,0,400.0
40,36,51,17,0,1,400.0
40,29,54,17,1,0,400.0
39,25,0,17,0,0,400.0
6,53,26,3,0,0,50.0
6,55,18,3,0,0,50.0
38,5,49,17,0,0,400.0
37,79,46,17,0,0,400.0
37,40,0,17,0,1,400.0
37,38,17,17,0,1,400.0
6,61,74,3,0,0,50.0
36,78,34,17,0,0,400.0
36,52,0,17,1,1,400.0
35,62,44,17,0,0,400.0
6,62,21,3,0,0,50.0
35,54,61,17,0,0,400.0
35,28,0,17,0,0,400.0
35,13,17,17,0,1,400.0
6,64,55,3,0,0,50.0
35,2,40,17,1,0,400.0
34,37,63,17,0,0,400.0
33,68,0,17,1,0,400.0
33,44,32,17,1,0,400.0
6,79,63,3,0,0,50.0
6,81,66,3,0,0,50.0
6,93,29,3,0,0,50.0
6,95,58,3,0,0,50.0
33,18,49,17,1,0,400.0
32,56,34,17,0,1,400.0
6,97,77,3,0,0,50.0
32,36,51,17,0,2,400.0
32,13,0,17,1,0,400.0
31,77,43,17,0,0,400.0
7,4,9,3,0,0,50.0
30,76,17,17,0,1,400.0
30,23,34,17,0,0,400.0
7,20,24,3,0,0,50.0
30,22,51,17,0,0,400.0
30,7,51,17,1,0,400.0
29,9,20,17,1,0,400.0
27,60,56,17,0,0,400.0
7,24,0,3,0,0,50.0
27,37,34,17,0,1,400.0
7,27,3,3,0,0,50.0
26,86,51,17,0,0,400.0
26,61,3,17,0,1,400.0
7,30,12,3,0,0,50.0
7,39,68,3,0,0,50.0
25,97,17,17,0,1,400.0
7,46,6,3,0,0,50.0
7,56,15,3,0,1,50.0
7,57,18,3,0,0,50.0
7,64,71,3,0,0,50.0
25,89,46,17,0,0,400.0
25,73,63,17,0,0,400.0
25,15,51,17,1,0,400.0
24,71,34,17,0,0,400.0
24,34,51,17,0,1,400.0
7,69,21,3,0,0,50.0
24,8,3,17,0,0,400.0
23,99,0,17,0,0,400.0
7,74,27,3,0,0,50.0
23,61,51,17,0,1,400.0
7,75,30,3,0,0,50.0
7,79,74,3,0,0,50.0
23,21,17,17,0,1,400.0
22,31,12,17,0,1,400.0
21,98,51,17,0,1,400.0
21,44,0,17,1,1,400.0
21,9,37,17,1,0,400.0
7,81,77,3,0,0,50.0
18,87,18,17,0,2,400.0
18,32,17,17,1,1,400.0
7,84,34,3,1,0,50.0
15,11,12,17,1,0,400.0
7,87,68,3,1,0,50.0
14,37,15,17,0,1,400.0
7,90,71,3,1,0,50.0
7,91,0,3,1,0,50.0
14,29,37,17,0,1,400.0
7,96,74,3,1,0,50.0
7,98,37,3,1,0,50.0
13,60,63,17,0,1,400.0
13,32,34,17,1,1,400.0
8,2,27,3,0,0,50.0
8,7,20,3,0,1,50.0
8,12,23,3,0,0,50.0
13,11,63,17,1,0,400.0
12,91,3,17,0,0,400.0
8,13,34,3,0,0,50.0
8,16,30,3,0,0,50.0
12,80,51,17,0,0,400.0
8,18,37,3,0,0,50.0
8,23,68,3,0,0,50.0
8,24,71,3,0,0,50.0
12,37,51,17,1,1,400.0
11,80,29,17,0,0,400.0
8,27,74,3,0,0,50.0
11,41,55,17,1,0,400.0
8,38,44,3,0,0,50.0
11,32,0,17,1,2,400.0
11,4,24,17,1,0,400.0
10,99,20,17,0,0,400.0
10,84,37,17,0,0,400.0
10,68,54,17,0,0,400.0
10,57,21,17,1,0,400.0
8,49,40,3,0,0,50.0
10,6,38,17,1,1,400.0
8,54,47,3,0,1,50.0
8,60,77,3,0,0,50.0
8,61,71,3,1,0,50.0
9,86,54,17,0,1,400.0
8,75,17,3,1,0,50.0
8,58,0,17,1,0,400.0
8,52,20,17,1,1,400.0
8,77,37,3,1,0,50.0
8,44,40,17,1,2,400.0
7,25,3,17,1,1,400.0
6,84,55,17,1,0,400.0
8,96,68,3,1,0,50.0
6,75,0,17,1,1,400.0
9,11,72,3,0,1,50.0
9,12,75,3,0,0,50.0
6,69,17,17,1,1,400.0
6,13,0,17,2,1,400.0
5,75,33,17,1,0,400.0
9,14,0,3,1,0,50.0
5,27,0,17,1,1,400.0
9,22,3,3,1,0,50.0
4,48,41,17,0,2,400.0
9,26,20,3,1,0,50.0
9,47,6,3,1,0,50.0
3,82,47,17,0,1,400.0
3,16,0,17,1,0,400.0
9,62,17,3,1,0,50.0
9,76,34,3,1,0,50.0
9,84,72,3,1,0,50.0
2,80,0,17,1,0,400.0
0,86,17,17,1,1,400.0
9,85,43,3,1,0,50.0
9,87,75,3,1,0,50.0
99,93,17,3,0,0,50.0
99,74,42,3,0,0,50.0
99,73,49,3,0,0,50.0
99,65,52,3,0,0,50.0
99,53,71,3,0,0,50.0
99,44,55,3,0,0,50.0
99,42,66,3,0,0,50.0
99,34,37,3,0,0,50.0
9,99,58,3,1,0,50.0
99,29,74,3,0,0,50.0
10,2,77,3,0,0,50.0
98,93,34,3,0,0,50.0
10,8,74,3,0,1,50.0
98,79,40,3,0,0,50.0
10,19,71,3,0,0,50.0
98,68,43,3,0,0,50.0
10,35,17,3,1,1,50.0
98,44,49,3,0,0,50.0
10,40,68,3,1,0,50.0
10,42,63,3,1,0,50.0
10,51,71,3,1,0,50.0
98,40,71,3,0,0,50.0
98,39,52,3,0,0,50.0
98,37,68,3,0,1,50.0
98,30,74,3,0,0,50.0
98,22,46,3,0,0,50.0
97,92,34,3,0,0,50.0
97,89,37,3,0,0,50.0
97,85,68,3,0,0,50.0
10,52,74,3,1,0,50.0
10,54,55,3,1,0,50.0
10,55,58,3,1,0,50.0
97,82,65,3,0,0,50.0
97,58,40,3,0,0,50.0
10,58,77,3,1,0,50.0
10,70,17,3,2,0,50.0
97,55,62,3,0,0,50.0
10,80,20,3,2,0,50.0
10,82,51,3,2,0,50.0
97,51,74,3,0,0,50.0
97,47,71,3,0,1,50.0
97,29,71,3,1,0,50.0
97,28,34,3,1,0,50.0
10,85,34,3,2,0,50.0
10,89,40,3,2,0,50.0
10,90,74,3,2,0,50.0
10,91,23,3,2,0,50.0
97,15,3,3,1,0,50.0
10,92,37,3,2,0,50.0
11,2,0,3,0,2,50.0
11,18,3,3,0,0,50.0
11,19,6,3,0,1,50.0
11,20,41,3,1,0,50.0
11,27,51,3,1,0,50.0
11,35,20,3,1,1,50.0
97,6,74,3,1,1,50.0
11,42,75,3,1,0,50.0
97,3,64,3,1,0,50.0
11,43,17,3,1,1,50.0
11,53,44,3,1,1,50.0
96,88,71,3,0,0,50.0
96,75,77,3,0,0,50.0
11,54,47,3,1,2,50.0
96,69,17,3,1,0,50.0
96,67,34,3,1,0,50.0
11,59,0,3,2,0,50.0
11,61,77,3,2,0,50.0
11,70,20,3,2,0,50.0
96,62,61,3,1,0,50.0
11,71,51,3,2,0,50.0
96,61,0,3,1,1,50.0
96,60,73,3,1,0,50.0
96,59,3,3,1,0,50.0
11,74,17,3,2,0,50.0
96,58,23,3,1,0,50.0
11,83,3,3,2,0,50.0
11,89,34,3,2,0,50.0
11,90,6,3,2,1,50.0
12,2,30,3,0,0,50.0
12,6,20,3,0,2,50.0
96,52,20,3,1,0,50.0
96,50,6,3,1,0,50.0
12,10,0,3,0,2,50.0
96,48,76,3,1,0,50.0
12,11,26,3,0,2,50.0
96,47,9,3,1,0,50.0
12,15,68,3,0,0,50.0
12,24,71,3,0,1,50.0
12,25,34,3,1,0,50.0
12,30,0,3,1,0,50.0
96,37,37,3,1,0,50.0
12,34,3,3,1,0,50.0
96,34,12,3,1,0,50.0
96,9,26,3,1,1,50.0
95,96,40,3,0,1,50.0
12,48,71,3,1,0,50.0
12,51,68,3,1,0,50.0
12,56,6,3,1,0,50.0
12,60,9,3,1,1,50.0
12,64,37,3,1,0,50.0
12,75,20,3,1,0,50.0
95,94,70,3,0,0,50.0
12,78,74,3,1,0,50.0
12,83,12,3,1,0,50.0
12,96,29,3,1,1,50.0
12,98,77,3,1,0,50.0
95,87,43,3,0,1,50.0
95,83,34,3,0,0,50.0
13,1,37,3,0,1,50.0
13,5,40,3,0,2,50.0
95,79,66,3,0,0,50.0
13,12,43,3,0,1,50.0
95,61,37,3,0,1,50.0
95,34,46,3,0,0,50.0
95,10,54,3,0,2,50.0
13,14,54,3,1,0,50.0
13,18,51,3,1,1,50.0
13,28,57,3,1,0,50.0
13,29,60,3,1,1,50.0
13,35,34,3,2,0,50.0
13,39,55,3,2,0,50.0
13,43,0,3,2,0,50.0
13,45,58,3,2,0,50.0
94,87,73,3,0,1,50.0
94,86,76,3,0,0,50.0
94,82,54,3,1,0,50.0
13,70,23,3,2,0,50.0
94,74,20,3,1,0,50.0
13,72,3,3,2,0,50.0
94,73,23,3,1,0,50.0
13,76,37,3,2,0,50.0
94,62,64,3,1,0,50.0
94,61,26,3,1,1,50.0
94,52,17,3,1,0,50.0
13,83,6,3,2,0,50.0
94,43,6,3,1,0,50.0
94,26,29,3,1,0,50.0
13,85,46,3,2,0,50.0
13,91,20,3,2,0,50.0
13,95,49,3,2,0,50.0
94,22,0,3,1,0,50.0
13,97,9,3,2,1,50.0
94,12,40,3,1,1,50.0
14,1,74,3,0,0,50.0
14,18,9,3,0,0,50.0
14,19,57,3,0,0,50.0
14,22,68,3,0,0,50.0
14,27,6,3,0,0,50.0
94,9,9,3,1,1,50.0
14,32,71,3,0,0,50.0
94,5,67,3,1,0,50.0
14,36,77,3,0,0,50.0
94,4,12,3,1,0,50.0
14,38,34,3,0,1,50.0
94,3,70,3,1,0,50.0
14,42,60,3,0,1,50.0
94,2,57,3,1,0,50.0
94,1,77,3,1,0,50.0
14,43,63,3,0,1,50.0
14,44,0,3,1,0,50.0
93,81,0,3,0,1,50.0
93,80,23,3,0,0,50.0
14,45,34,3,1,0,50.0
14,46,3,3,1,0,50.0
14,49,37,3,1,0,50.0
14,52,23,3,1,0,50.0
93,50,3,3,0,0,50.0
93,49,6,3,0,1,50.0
93,40,9,3,0,0,50.0
93,36,20,3,0,0,50.0
14,56,9,3,1,0,50.0
93,27,12,3,0,0,50.0
14,57,6,3,1,0,50.0
93,26,26,3,0,0,50.0
14,58,17,3,1,0,50.0
93,16,37,3,0,0,50.0
93,11,40,3,0,2,50.0
92,93,40,3,0,1,50.0
14,70,26,3,1,0,50.0
14,71,54,3,1,0,50.0
14,80,46,3,1,0,50.0
14,87,71,3,1,0,50.0
14,93,12,3,1,1,50.0
15,2,71,3,0,1,50.0
92,89,63,3,0,0,50.0
15,9,12,3,0,1,50.0
92,82,57,3,0,0,50.0
15,29,77,3,0,0,50.0
15,38,6,3,0,0,50.0
92,77,60,3,0,0,50.0
92,73,43,3,0,0,50.0
15,44,9,3,0,0,50.0
15,46,74,3,0,0,50.0
92,64,46,3,0,0,50.0
15,53,29,3,1,0,50.0
92,63,49,3,0,0,50.0
15,65,55,3,1,0,50.0
15,69,32,3,1,0,50.0
15,75,50,3,1,0,50.0
92,61,68,3,0,1,50.0
92,51,77,3,0,0,50.0
92,49,71,3,0,0,50.0
92,46,52,3,0,1,50.0
92,43,74,3,0,0,50.0
15,77,63,3,1,0,50.0
92,32,0,3,1,0,50.0
15,85,71,3,1,0,50.0
15,87,0,3,1,1,50.0
15,88,77,3,1,0,50.0
15,99,3,3,1,1,50.0
92,29,3,3,1,1,50.0
16,6,34,3,0,1,50.0
16,20,27,3,0,0,50.0
92,21,17,3,1,0,50.0
16,25,40,3,0,0,50.0
92,12,23,3,1,1,50.0
92,3,27,3,1,0,50.0
16,32,68,3,0,0,50.0
91,86,68,3,0,0,50.0
16,43,71,3,0,0,50.0
91,77,26,3,0,0,50.0
91,72,29,3,0,0,50.0
16,51,17,3,0,1,50.0
91,62,71,3,0,0,50.0
91,60,32,3,0,1,50.0
16,53,74,3,0,0,50.0
91,55,35,3,0,0,50.0
91,49,43,3,0,0,50.0
16,54,51,3,0,0,50.0
91,48,54,3,0,1,50.0
91,34,40,3,0,0,50.0
16,63,20,3,0,0,50.0
16,65,23,3,0,0,50.0
16,80,77,3,0,0,50.0
91,33,46,3,0,0,50.0
16,84,43,3,0,1,50.0
16,86,46,3,0,1,50.0
91,29,57,3,0,1,50.0
16,91,60,3,0,0,50.0
91,28,49,3,0,0,50.0
91,19,63,3,0,0,50.0
17,4,58,3,0,0,50.0
91,18,74,3,0,0,50.0
17,6,77,3,0,1,50.0
91,12,77,3,0,2,50.0
17,16,54,3,0,0,50.0
17,25,37,3,0,0,50.0
17,26,23,3,0,0,50.0
91,11,9,3,1,2,50.0
91,5,70,3,1,0,50.0
17,72,0,3,0,0,50.0
91,0,73,3,1,0,50.0
18,0,77,3,0,0,50.0
90,93,77,3,0,1,50.0
90,83,0,3,1,0,50.0
90,78,51,3,1,0,50.0
18,3,67,3,0,0,50.0
18,9,40,3,0,1,50.0
90,60,3,3,1,1,50.0
90,53,77,3,1,0,50.0
90,51,9,3,1,1,50.0
90,50,12,3,1,0,50.0
90,41,72,3,1,0,50.0
90,38,15,3,1,0,50.0
90,37,34,3,1,0,50.0
90,35,37,3,1,0,50.0
18,11,12,3,0,2,50.0
90,23,18,3,1,1,50.0
18,39,71,3,0,0,50.0
90,13,26,3,1,2,50.0
18,49,46,3,0,0,50.0
18,51,0,3,0,1,50.0
90,8,57,3,1,1,50.0
90,3,30,3,1,0,50.0
18,57,43,3,0,0,50.0
18,70,34,3,1,0,50.0
89,99,77,3,0,0,50.0
18,78,71,3,1,0,50.0
18,83,9,3,1,0,50.0
18,90,40,3,1,1,50.0
18,94,3,3,1,1,50.0
18,96,43,3,1,1,50.0
19,4,74,3,0,0,50.0
89,94,73,3,0,1,50.0
89,84,66,3,0,1,50.0
19,17,17,3,0,0,50.0
89,82,69,3,0,0,50.0
19,22,77,3,0,0,50.0
19,37,20,3,0,2,50.0
19,38,23,3,0,0,50.0
89,80,17,3,1,0,50.0
89,76,34,3,1,1,50.0
89,65,20,3,1,0,50.0
89,55,0,3,1,0,50.0
89,54,27,3,1,0,50.0
19,44,52,3,0,0,50.0
19,45,26,3,0,1,50.0
89,48,3,3,1,1,50.0
89,43,9,3,1,0,50.0
19,58,46,3,0,0,50.0
19,60,49,3,0,1,50.0
19,63,60,3,0,0,50.0
19,90,66,3,0,1,50.0
89,40,6,3,1,0,50.0
19,92,9,3,1,1,50.0
89,37,40,3,1,0,50.0
89,36,30,3,1,0,50.0
20,24,30,3,0,0,50.0
20,27,77,3,0,0,50.0
89,35,12,3,1,1,50.0
89,33,37,3,1,0,50.0
20,31,34,3,0,0,50.0
20,59,37,3,0,0,50.0
89,32,74,3,1,0,50.0
20,62,67,3,0,0,50.0
89,25,43,3,1,0,50.0
89,18,46,3,1,1,50.0
89,14,49,3,1,1,50.0
20,75,53,3,0,0,50.0
89,8,60,3,1,1,50.0
20,77,70,3,0,0,50.0
21,0,68,3,0,1,50.0
89,4,63,3,1,0,50.0
88,93,17,3,1,1,50.0
21,5,77,3,0,0,50.0
88,84,75,3,1,0,50.0
21,17,26,3,0,0,50.0
21,26,71,3,0,0,50.0
21,33,74,3,0,0,50.0
21,36,23,3,0,1,50.0
21,37,29,3,0,2,50.0
21,38,66,3,1,0,50.0
88,73,20,3,1,0,50.0
21,47,54,3,1,0,50.0
88,72,23,3,1,0,50.0
88,69,26,3,1,0,50.0
88,63,29,3,1,0,50.0
21,48,34,3,1,1,50.0
88,41,32,3,1,1,50.0
21,51,57,3,1,1,50.0
21,67,71,3,1,0,50.0
21,77,74,3,1,0,50.0
21,78,77,3,1,0,50.0
88,31,37,3,1,0,50.0
21,81,63,3,1,0,50.0
88,30,68,3,1,0,50.0
88,22,71,3,1,0,50.0
88,20,44,3,1,0,50.0
21,84,60,3,1,1,50.0
88,15,40,3,1,1,50.0
88,13,52,3,1,2,50.0
88,11,47,3,1,2,50.0
88,10,57,3,1,2,50.0
88,9,61,3,1,1,50.0
88,6,64,3,1,2,50.0
87,93,3,3,1,1,50.0
87,74,46,3,1,0,50.0
21,86,71,3,2,0,50.0
21,94,32,3,2,1,50.0
22,0,74,3,0,1,50.0
22,8,63,3,1,1,50.0
22,13,12,3,1,2,50.0
22,18,0,3,1,1,50.0
87,61,20,3,1,1,50.0
22,20,47,3,1,0,50.0
87,55,6,3,1,0,50.0
22,21,3,3,1,2,50.0
22,27,17,3,1,1,50.0
87,37,9,3,1,1,50.0
22,34,9,3,1,0,50.0
22,49,34,3,1,0,50.0
22,51,6,3,1,1,50.0
22,59,20,3,1,0,50.0
87,30,77,3,1,0,50.0
87,14,57,3,1,1,50.0
87,12,15,3,1,1,50.0
22,60,23,3,1,1,50.0
22,61,29,3,1,1,50.0
87,9,49,3,1,1,50.0
22,72,26,3,1,0,50.0
87,6,52,3,1,2,50.0
22,75,60,3,1,0,50.0
22,76,37,3,1,1,50.0
87,0,60,3,1,1,50.0
22,77,66,3,1,0,50.0
22,81,51,3,1,0,50.0
22,85,74,3,1,0,50.0
86,87,12,3,1,1,50.0
86,83,37,3,1,0,50.0
22,89,54,3,1,1,50.0
22,95,77,3,1,0,50.0
86,81,71,3,1,0,50.0
86,68,40,3,1,0,50.0
86,46,0,3,1,0,50.0
22,98,57,3,1,0,50.0
85,93,77,3,0,2,50.0
22,99,40,3,1,1,50.0
85,91,0,3,1,1,50.0
85,90,21,3,1,1,50.0
23,2,74,3,0,1,50.0
23,3,77,3,0,0,50.0
85,88,3,3,1,2,50.0
85,83,40,3,1,0,50.0
85,75,24,3,1,0,50.0
85,74,30,3,1,0,50.0
85,72,6,3,1,0,50.0
85,71,57,3,1,0,50.0
85,69,35,3,1,0,50.0
23,24,71,3,0,2,50.0
23,27,0,3,1,0,50.0
85,68,17,3,1,0,50.0
85,58,27,3,1,0,50.0
85,55,9,3,1,0,50.0
23,31,3,3,1,0,50.0
23,32,6,3,1,0,50.0
23,40,21,3,1,0,50.0
85,46,12,3,1,0,50.0
85,45,43,3,1,1,50.0
85,40,74,3,1,0,50.0
23,41,75,3,1,0,50.0
23,50,9,3,1,0,50.0
23,51,12,3,1,1,50.0
23,54,30,3,1,0,50.0
23,55,15,3,1,0,50.0
23,62,34,3,1,1,50.0
23,74,24,3,1,0,50.0
85,37,71,3,1,1,50.0
23,78,27,3,1,1,50.0
23,81,54,3,1,0,50.0
23,98,60,3,1,0,50.0
85,32,77,3,1,0,50.0
85,17,46,3,1,0,50.0
85,11,54,3,1,2,50.0
24,1,24,3,0,1,50.0
85,10,60,3,1,2,50.0
85,5,50,3,1,1,50.0
24,3,74,3,0,0,50.0
24,6,27,3,0,2,50.0
84,86,3,3,1,1,50.0
84,78,0,3,1,1,50.0
24,20,68,3,0,1,50.0
24,26,77,3,0,0,50.0
84,31,6,3,1,0,50.0
24,27,20,3,1,1,50.0
84,18,12,3,1,1,50.0
24,28,17,3,1,0,50.0
24,29,0,3,1,1,50.0
24,30,3,3,1,0,50.0
84,17,9,3,1,0,50.0
24,35,40,3,1,0,50.0
83,98,43,3,0,1,50.0
24,38,9,3,1,0,50.0
24,44,6,3,1,0,50.0
83,97,46,3,0,1,50.0
83,82,72,3,0,0,50.0
24,46,43,3,1,0,50.0
24,56,12,3,1,1,50.0
24,60,26,3,1,1,50.0
24,62,74,3,1,0,50.0
24,67,77,3,1,0,50.0
24,73,29,3,1,0,50.0
24,78,23,3,1,1,50.0
24,84,32,3,1,1,50.0
24,99,35,3,1,1,50.0
25,10,26,3,1,2,50.0
83,79,69,3,0,0,50.0
83,72,49,3,0,0,50.0
83,52,77,3,0,0,50.0
83,35,57,3,0,1,50.0
83,26,52,3,0,1,50.0
25,11,23,3,1,2,50.0
83,25,60,3,0,2,50.0
25,12,46,3,1,1,50.0
25,19,0,3,1,1,50.0
83,8,63,3,0,2,50.0
25,20,73,3,1,0,50.0
83,5,66,3,0,1,50.0
83,1,17,3,1,1,50.0
82,98,75,3,0,1,50.0
25,21,20,3,1,2,50.0
82,80,26,3,1,0,50.0
25,35,29,3,1,1,50.0
25,49,68,3,1,0,50.0
82,39,64,3,1,0,50.0
82,37,0,3,1,1,50.0
82,33,68,3,1,0,50.0
82,32,3,3,1,0,50.0
25,52,37,3,1,1,50.0
25,55,32,3,1,0,50.0
82,30,9,3,1,0,50.0
82,20,6,3,1,1,50.0
82,16,12,3,1,1,50.0
25,61,40,3,1,1,50.0
25,63,43,3,1,0,50.0
25,72,76,3,1,0,50.0
82,14,20,3,1,1,50.0
25,77,17,3,2,0,50.0
82,8,77,3,1,1,50.0
25,85,63,3,2,1,50.0
82,2,15,3,1,2,50.0
25,91,3,3,2,1,50.0
26,0,34,3,0,1,50.0
26,19,37,3,0,1,50.0
81,98,57,3,0,2,50.0
26,20,40,3,0,1,50.0
26,23,43,3,0,1,50.0
26,25,46,3,0,2,50.0
81,93,74,3,0,1,50.0
26,36,68,3,0,0,50.0
26,37,74,3,0,1,50.0
81,87,63,3,1,1,50.0
81,85,66,3,1,1,50.0
81,84,15,3,1,1,50.0
26,40,0,3,1,0,50.0
81,80,69,3,1,0,50.0
26,41,3,3,1,1,50.0
81,78,3,3,1,1,50.0
81,62,77,3,1,0,50.0
81,60,6,3,1,1,50.0
26,43,68,3,1,0,50.0
81,57,9,3,1,0,50.0
81,55,12,3,1,0,50.0
81,50,72,3,1,0,50.0
81,49,34,3,1,1,50.0
26,47,18,3,1,0,50.0
26,50,75,3,1,0,50.0
81,46,18,3,1,0,50.0
81,45,21,3,1,1,50.0
81,38,37,3,1,1,50.0
26,53,6,3,1,1,50.0
81,35,24,3,1,1,50.0
81,32,51,3,1,1,50.0
81,29,54,3,1,1,50.0
81,24,46,3,1,1,50.0
81,9,29,3,1,1,50.0
81,8,40,3,1,2,50.0
80,99,72,3,0,1,50.0
26,59,9,3,1,0,50.0
26,74,33,3,1,0,50.0
80,93,0,3,1,1,50.0
26,81,43,3,1,1,50.0
26,83,12,3,1,1,50.0
80,74,36,3,1,0,50.0
26,91,15,3,1,1,50.0
26,92,30,3,1,1,50.0
27,5,23,3,1,1,50.0
80,54,17,3,1,0,50.0
27,6,30,3,1,2,50.0
27,9,37,3,1,1,50.0
27,14,40,3,1,1,50.0
27,15,43,3,1,1,50.0
80,30,71,3,1,0,50.0
27,21,26,3,1,2,50.0
27,29,63,3,1,1,50.0
80,19,3,3,1,1,50.0
80,18,6,3,1,1,50.0
80,3,20,3,1,1,50.0
79,92,34,3,0,1,50.0
27,31,60,3,1,0,50.0
79,80,77,3,0,1,50.0
27,32,54,3,1,1,50.0
27,36,71,3,1,0,50.0
27,41,46,3,1,1,50.0
27,45,33,3,1,1,50.0
27,48,57,3,1,1,50.0
79,64,40,3,1,0,50.0
27,53,49,3,1,1,50.0
27,55,66,3,1,0,50.0
79,50,0,3,1,0,50.0
27,66,77,3,1,0,50.0
79,45,17,3,1,1,50.0
79,31,9,3,1,0,50.0
79,26,21,3,1,1,50.0
79,25,6,3,1,2,50.0
79,24,49,3,1,1,50.0
79,19,12,3,1,1,50.0
79,9,46,3,1,1,50.0
27,70,74,3,1,0,50.0
79,8,3,3,1,2,50.0
27,75,27,3,2,0,50.0
27,76,40,3,2,1,50.0
27,77,20,3,2,0,50.0
27,89,23,3,2,1,50.0
79,3,24,3,1,1,50.0
28,9,23,3,0,1,50.0
28,17,20,3,0,0,50.0
28,19,26,3,0,1,50.0
78,91,6,3,1,1,50.0
78,77,30,3,1,0,50.0
28,22,43,3,0,1,50.0
78,72,9,3,1,0,50.0
28,32,60,3,0,1,50.0
28,43,77,3,0,0,50.0
78,69,38,3,1,0,50.0
28,51,29,3,0,1,50.0
78,59,12,3,1,0,50.0
28,59,40,3,0,0,50.0
78,58,33,3,1,0,50.0
78,53,15,3,1,1,50.0
28,60,37,3,0,1,50.0
78,39,58,3,1,0,50.0
78,31,63,3,1,0,50.0
28,65,63,3,0,0,50.0
78,25,20,3,1,2,50.0
28,71,66,3,0,0,50.0
78,18,54,3,1,1,50.0
28,78,46,3,0,1,50.0
78,16,41,3,1,1,50.0
78,15,66,3,1,1,50.0
28,82,71,3,0,1,50.0
28,88,52,3,0,2,50.0
78,9,69,3,1,1,50.0
78,8,49,3,1,2,50.0
78,4,77,3,1,0,50.0
28,96,74,3,0,2,50.0
78,2,72,3,1,2,50.0
29,4,71,3,1,0,50.0
77,88,23,3,0,2,50.0
29,5,17,3,1,1,50.0
29,17,6,3,1,0,50.0
77,79,33,3,0,1,50.0
77,73,77,3,0,1,50.0
29,30,9,3,1,1,50.0
29,31,12,3,1,0,50.0
77,69,29,3,1,0,50.0
77,68,50,3,1,0,50.0
77,63,0,3,1,0,50.0
77,51,3,3,1,1,50.0
77,49,74,3,1,0,50.0
29,33,77,3,1,0,50.0
77,43,6,3,1,1,50.0
29,40,74,3,1,1,50.0
29,43,66,3,1,1,50.0
77,39,61,3,1,0,50.0
77,34,15,3,1,0,50.0
29,47,0,3,2,0,50.0
29,49,77,3,2,0,50.0
77,33,40,3,1,0,50.0
77,24,53,3,1,1,50.0
29,52,26,3,2,0,50.0
29,54,58,3,2,0,50.0
29,55,3,3,2,0,50.0
29,58,30,3,2,0,50.0
29,65,17,3,2,0,50.0
77,19,18,3,1,1,50.0
77,15,9,3,1,1,50.0
77,6,23,3,1,2,50.0
29,67,74,3,2,0,50.0
76,90,43,3,1,1,50.0
76,87,66,3,1,1,50.0
76,77,46,3,1,1,50.0
29,68,71,3,2,0,50.0
29,70,37,3,2,0,50.0
76,70,49,3,1,0,50.0
29,71,61,3,2,0,50.0
76,67,52,3,1,1,50.0
29,72,12,3,2,0,50.0
76,65,58,3,1,0,50.0
29,78,6,3,2,2,50.0
76,64,61,3,1,0,50.0
29,80,9,3,2,1,50.0
76,56,55,3,1,1,50.0
29,96,46,3,2,1,50.0
76,55,69,3,1,0,50.0
76,54,72,3,1,1,50.0
76,50,75,3,1,1,50.0
29,97,40,3,2,1,50.0
30,15,6,3,1,1,50.0
76,46,15,3,2,0,50.0
76,41,0,3,2,1,50.0
76,40,3,3,2,0,50.0
30,17,3,3,1,0,50.0
76,39,74,3,2,0,50.0
76,26,24,3,2,1,50.0
76,23,37,3,2,1,50.0
30,41,12,3,1,1,50.0
76,20,50,3,2,0,50.0
30,42,0,3,1,0,50.0
30,45,29,3,1,1,50.0
76,10,6,3,2,2,50.0
30,64,43,3,1,0,50.0
30,74,68,3,1,0,50.0
76,6,33,3,2,2,50.0
30,86,34,3,1,1,50.0
75,91,63,3,0,1,50.0
75,82,74,3,0,1,50.0
75,68,66,3,0,1,50.0
75,46,69,3,0,0,50.0
30,96,15,3,1,2,50.0
31,3,40,3,0,1,50.0
75,45,36,3,1,1,50.0
31,6,67,3,0,2,50.0
31,8,0,3,0,2,50.0
31,10,70,3,0,2,50.0
75,44,58,3,1,0,50.0
31,11,73,3,0,2,50.0
31,20,76,3,0,1,50.0
75,10,29,3,1,2,50.0
31,32,57,3,1,1,50.0
75,8,17,3,1,2,50.0
75,1,20,3,1,1,50.0
74,88,49,3,0,2,50.0
74,61,71,3,0,1,50.0
31,38,0,3,1,0,50.0
74,58,52,3,0,0,50.0
74,53,55,3,0,1,50.0
31,45,39,3,1,1,50.0
74,18,58,3,0,1,50.0
31,52,68,3,1,0,50.0
74,10,63,3,0,2,50.0
31,64,49,3,1,0,50.0
31,68,74,3,1,0,50.0
31,79,29,3,1,1,50.0
73,97,57,3,0,1,50.0
31,99,6,3,1,1,50.0
73,95,26,3,0,1,50.0
73,45,46,3,0,1,50.0
32,1,12,3,0,2,50.0
73,20,60,3,0,0,50.0
32,3,63,3,1,1,50.0
73,11,32,3,0,3,50.0
32,4,66,3,1,1,50.0
72,98,15,3,0,1,50.0
72,91,18,3,0,1,50.0
32,5,69,3,1,1,50.0
72,90,46,3,0,1,50.0
72,88,32,3,0,2,50.0
72,86,43,3,0,1,50.0
32,9,72,3,1,2,50.0
32,17,75,3,1,1,50.0
32,19,21,3,2,1,50.0
32,20,56,3,2,0,50.0
32,28,17,3,2,1,50.0
32,29,33,3,2,2,50.0
72,68,35,3,0,1,50.0
32,35,36,3,2,1,50.0
72,67,38,3,0,1,50.0
32,42,69,3,2,0,50.0
32,43,24,3,2,1,50.0
72,63,52,3,0,0,50.0
72,59,55,3,0,0,50.0
72,58,58,3,0,0,50.0
72,52,71,3,0,0,50.0
32,45,49,3,2,1,50.0
32,48,27,3,2,1,50.0
72,51,61,3,0,1,50.0
72,31,64,3,0,1,50.0
72,21,67,3,0,2,50.0
72,18,37,3,1,1,50.0
32,52,40,3,2,1,50.0
32,55,43,3,2,0,50.0
32,57,46,3,2,0,50.0
32,61,74,3,2,1,50.0
72,0,40,3,1,1,50.0
71,97,77,3,0,1,50.0
71,93,69,3,0,1,50.0
71,91,72,3,0,2,50.0
71,86,6,3,1,1,50.0
71,73,40,3,1,0,50.0
71,69,43,3,1,0,50.0
71,66,0,3,1,1,50.0
32,65,30,3,2,0,50.0
71,64,52,3,1,0,50.0
32,82,52,3,2,2,50.0
71,40,18,3,1,0,50.0
33,0,43,3,0,1,50.0
71,38,3,3,1,0,50.0
33,3,71,3,0,1,50.0
33,6,17,3,1,2,50.0
33,13,29,3,1,2,50.0
33,14,66,3,1,1,50.0
71,36,9,3,1,0,50.0
71,34,21,3,1,0,50.0
71,29,49,3,1,2,50.0
71,16,57,3,1,0,50.0
33,19,69,3,1,1,50.0
33,21,23,3,1,2,50.0
71,12,26,3,1,1,50.0
33,32,77,3,1,2,50.0
33,34,26,3,1,0,50.0
33,37,72,3,1,2,50.0
33,40,20,3,1,1,50.0
71,11,29,3,1,2,50.0
71,10,12,3,1,2,50.0
33,49,0,3,2,1,50.0
71,5,60,3,1,1,50.0
71,4,15,3,1,1,50.0
33,50,68,3,2,0,50.0
33,55,21,3,2,0,50.0
33,60,12,3,2,1,50.0
33,69,46,3,2,0,50.0
71,1,32,3,1,1,50.0
33,75,24,3,2,1,50.0
33,85,3,3,2,2,50.0
33,86,9,3,2,1,50.0
33,87,6,3,2,2,50.0
33,99,15,3,2,1,50.0
34,21,0,3,0,2,50.0
34,30,18,3,0,1,50.0
34,60,29,3,0,1,50.0
34,76,43,3,0,2,50.0
70,99,29,3,0,1,50.0
35,9,64,3,1,1,50.0
35,27,0,3,1,2,50.0
70,93,43,3,0,1,50.0
70,91,40,3,0,1,50.0
70,89,57,3,0,1,50.0
70,85,46,3,0,2,50.0
70,84,52,3,0,1,50.0
70,74,77,3,0,0,50.0
70,71,63,3,0,1,50.0
35,29,67,3,1,2,50.0
70,68,60,3,0,1,50.0
35,30,71,3,1,1,50.0
70,67,66,3,0,1,50.0
70,49,69,3,0,1,50.0
70,47,3,3,1,0,50.0
35,46,77,3,1,0,50.0
35,51,32,3,1,1,50.0
35,68,3,3,1,1,50.0
70,41,6,3,1,1,50.0
35,71,74,3,1,1,50.0
70,33,18,3,1,2,50.0
70,31,9,3,1,1,50.0
70,27,12,3,1,2,50.0
70,26,27,3,1,1,50.0
70,13,15,3,1,2,50.0
70,7,23,3,1,1,50.0
69,97,68,3,0,1,50.0
69,90,71,3,0,2,50.0
35,78,9,3,1,2,50.0
69,89,77,3,0,1,50.0
35,92,6,3,1,1,50.0
36,8,6,3,0,2,50.0
36,12,0,3,0,2,50.0
36,23,3,3,0,2,50.0
36,25,27,3,0,2,50.0
36,29,74,3,0,3,50.0
69,88,74,3,0,2,50.0
36,35,17,3,1,2,50.0
69,82,0,3,1,2,50.0
69,71,35,3,1,1,50.0
69,70,38,3,1,1,50.0
36,37,43,3,1,0,50.0
36,42,72,3,1,0,50.0
36,47,30,3,1,0,50.0
36,49,37,3,1,1,50.0
36,51,20,3,1,1,50.0
36,55,40,3,1,0,50.0
69,59,6,3,1,0,50.0
36,58,68,3,1,0,50.0
36,70,33,3,1,1,50.0
36,71,46,3,1,1,50.0
69,55,46,3,1,0,50.0
36,74,26,3,1,1,50.0
69,50,3,3,1,1,50.0
69,46,9,3,1,1,50.0
36,91,76,3,1,1,50.0
69,41,41,3,1,1,50.0
36,92,12,3,2,1,50.0
36,99,0,3,2,1,50.0
37,7,77,3,1,1,50.0
37,11,3,3,1,3,50.0
69,37,12,3,1,1,50.0
69,24,56,3,1,1,50.0
37,35,6,3,1,2,50.0
69,16,63,3,1,0,50.0
37,41,9,3,2,1,50.0
37,46,46,3,2,0,50.0
37,52,17,3,2,1,50.0
37,53,0,3,2,1,50.0
69,12,49,3,1,2,50.0
69,10,66,3,1,2,50.0
37,59,23,3,2,0,50.0
69,3,52,3,1,1,50.0
37,68,77,3,2,0,50.0
68,84,18,3,1,1,50.0
68,73,0,3,1,1,50.0
37,85,6,3,2,2,50.0
37,88,12,3,2,2,50.0
68,57,12,3,1,0,50.0
37,89,66,3,2,1,50.0
37,91,26,3,2,1,50.0
68,23,40,3,1,1,50.0
68,21,6,3,1,2,50.0
68,4,9,3,1,1,50.0
67,92,20,3,1,1,50.0
67,91,12,3,1,1,50.0
67,90,60,3,1,1,50.0
67,76,9,3,1,2,50.0
67,71,69,3,1,1,50.0
67,66,3,3,1,1,50.0
38,13,69,3,0,2,50.0
38,32,12,3,0,3,50.0
67,63,6,3,1,0,50.0
38,37,18,3,0,3,50.0
38,48,72,3,0,1,50.0
38,62,75,3,0,1,50.0
67,62,0,3,1,1,50.0
67,61,23,3,1,1,50.0
38,72,0,3,1,1,50.0
38,73,3,3,1,1,50.0
67,58,43,3,1,0,50.0
38,84,40,3,1,1,50.0
67,50,15,3,1,1,50.0
38,86,49,3,1,1,50.0
67,39,77,3,1,0,50.0
67,30,26,3,1,1,50.0
67,27,30,3,1,2,50.0
38,90,54,3,1,1,50.0
39,2,60,3,1,0,50.0
39,9,52,3,1,1,50.0
67,22,33,3,1,2,50.0
39,17,12,3,1,0,50.0
67,20,63,3,1,0,50.0
39,18,63,3,1,1,50.0
67,15,46,3,1,1,50.0
67,14,74,3,1,1,50.0
67,13,49,3,1,3,50.0
39,27,3,3,1,2,50.0
67,6,55,3,1,2,50.0
66,91,32,3,1,1,50.0
39,31,32,3,1,1,50.0
66,88,6,3,1,2,50.0
39,42,0,3,1,1,50.0
39,51,23,3,1,1,50.0
66,83,9,3,1,1,50.0
66,82,12,3,1,2,50.0
39,52,43,3,1,1,50.0
39,58,36,3,1,0,50.0
66,80,39,3,1,1,50.0
66,79,36,3,1,1,50.0
66,78,42,3,1,2,50.0
66,75,45,3,1,1,50.0
39,60,15,3,1,1,50.0
39,69,69,3,1,1,50.0
66,74,74,3,1,0,50.0
39,71,66,3,1,1,50.0
66,72,48,3,1,1,50.0
39,76,18,3,1,2,50.0
66,71,77,3,1,1,50.0
66,53,52,3,1,1,50.0
39,81,57,3,1,1,50.0
39,91,29,3,1,1,50.0
66,49,55,3,1,1,50.0
66,46,58,3,1,1,50.0
66,44,68,3,1,1,50.0
66,40,71,3,1,1,50.0
66,38,61,3,1,1,50.0
66,35,64,3,1,2,50.0
39,95,73,3,1,0,50.0
40,3,27,3,0,1,50.0
66,34,32,3,2,0,50.0
40,8,24,3,0,2,50.0
40,14,30,3,0,1,50.0
66,31,3,3,2,1,50.0
66,30,21,3,2,1,50.0
66,24,59,3,2,1,50.0
40,16,77,3,0,1,50.0
40,21,17,3,1,2,50.0
40,22,23,3,1,2,50.0
66,17,29,3,2,0,50.0
66,16,0,3,2,1,50.0
65,76,66,3,0,2,50.0
65,58,71,3,0,0,50.0
65,57,74,3,0,0,50.0
40,27,33,3,1,2,50.0
40,28,26,3,1,1,50.0
40,31,36,3,1,1,50.0
40,33,29,3,1,2,50.0
40,38,43,3,1,1,50.0
65,55,77,3,0,0,50.0
65,29,20,3,1,2,50.0
40,56,51,3,1,1,50.0
65,24,62,3,1,1,50.0
65,17,32,3,1,0,50.0
65,7,26,3,1,1,50.0
40,61,46,3,1,1,50.0
40,67,39,3,1,2,50.0
64,93,58,3,0,1,50.0
40,70,77,3,1,1,50.0
40,80,12,3,2,1,50.0
64,87,64,3,0,2,50.0
64,66,67,3,0,2,50.0
40,83,0,3,2,1,50.0
40,91,21,3,2,1,50.0
40,92,37,3,2,1,50.0
64,55,74,3,0,0,50.0
64,33,77,3,0,2,50.0
64,1,27,3,1,1,50.0
64,0,37,3,1,1,50.0
41,1,49,3,1,1,50.0
41,8,20,3,1,2,50.0
63,99,9,3,0,1,50.0
41,26,36,3,1,1,50.0
41,40,15,3,1,2,50.0
63,82,23,3,0,1,50.0
41,48,23,3,1,1,50.0
41,51,26,3,1,1,50.0
63,47,57,3,0,0,50.0
63,37,3,3,0,2,50.0
41,59,52,3,1,0,50.0
63,36,15,3,0,2,50.0
63,25,12,3,0,2,50.0
41,69,59,3,1,1,50.0
42,6,36,3,1,2,50.0
42,22,69,3,1,1,50.0
42,81,3,3,1,2,50.0
63,24,65,3,0,1,50.0
42,84,21,3,1,1,50.0
63,10,46,3,0,2,50.0
62,94,37,3,1,1,50.0
42,94,43,3,1,1,50.0
42,99,12,3,1,1,50.0
62,93,6,3,1,1,50.0
43,0,46,3,1,1,50.0
43,1,40,3,1,1,50.0
62,63,40,3,1,0,50.0
43,11,37,3,1,2,50.0
62,39,9,3,1,1,50.0
43,17,43,3,1,0,50.0
62,36,3,3,1,2,50.0
62,28,12,3,1,1,50.0
43,35,60,3,1,1,50.0
43,56,0,3,1,0,50.0
62,7,43,3,1,1,50.0
43,57,3,3,1,0,50.0
61,97,43,3,1,1,50.0
61,89,32,3,1,2,50.0
61,78,77,3,1,2,50.0
43,59,27,3,1,0,50.0
43,68,21,3,1,1,50.0
43,69,72,3,1,1,50.0
43,70,30,3,1,1,50.0
61,70,0,3,2,1,50.0
61,66,6,3,2,2,50.0
61,65,3,3,2,1,50.0
43,74,9,3,1,1,50.0
43,76,12,3,1,2,50.0
61,54,9,3,2,1,50.0
43,82,33,3,1,2,50.0
61,50,12,3,2,1,50.0
61,46,15,3,2,1,50.0
61,43,49,3,2,1,50.0
61,39,26,3,2,1,50.0
61,33,32,3,2,2,50.0
61,32,59,3,2,2,50.0
61,31,42,3,2,1,50.0
61,28,20,3,2,1,50.0
61,24,68,3,2,1,50.0
43,92,52,3,1,1,50.0
61,21,29,3,2,2,50.0
61,19,45,3,2,1,50.0
61,1,52,3,2,1,50.0
43,93,55,3,1,1,50.0
60,94,46,3,1,1,50.0
60,90,0,3,1,2,50.0
60,87,40,3,1,2,50.0
43,94,69,3,1,2,50.0
43,95,75,3,1,1,50.0
60,26,55,3,1,1,50.0
60,18,18,3,1,2,50.0
60,13,43,3,1,2,50.0
43,98,0,3,2,1,50.0
44,1,3,3,0,2,50.0
44,4,18,3,1,1,50.0
44,19,29,3,1,1,50.0
44,28,23,3,1,1,50.0
59,95,61,3,0,0,50.0
44,31,45,3,1,1,50.0
59,90,69,3,0,1,50.0
44,53,26,3,1,1,50.0
59,69,75,3,0,1,50.0
44,69,32,3,1,2,50.0
44,84,35,3,1,1,50.0
59,47,15,3,0,1,50.0
59,37,33,3,0,2,50.0
59,31,43,3,0,2,50.0
44,99,48,3,1,1,50.0
45,3,55,3,1,1,50.0
59,24,46,3,0,2,50.0
45,5,63,3,1,1,50.0
59,18,66,3,0,1,50.0
45,7,52,3,1,1,50.0
59,8,58,3,0,2,50.0
45,9,58,3,1,2,50.0
45,11,66,3,1,2,50.0
58,91,49,3,0,1,50.0
45,16,69,3,1,1,50.0
58,85,55,3,0,2,50.0
58,84,63,3,0,1,50.0
45,19,72,3,1,1,50.0
58,62,74,3,0,2,50.0
58,46,0,3,1,1,50.0
58,33,35,3,1,2,50.0
58,26,39,3,1,1,50.0
45,20,75,3,1,2,50.0
58,14,43,3,1,1,50.0
58,3,17,3,1,1,50.0
57,91,0,3,0,2,50.0
57,87,15,3,0,2,50.0
45,30,37,3,2,1,50.0
57,86,77,3,0,1,50.0
45,40,3,3,2,2,50.0
45,42,6,3,2,1,50.0
57,76,40,3,0,2,50.0
57,64,49,3,0,1,50.0
57,63,71,3,0,0,50.0
45,53,9,3,2,1,50.0
57,61,23,3,1,2,50.0
45,56,0,3,2,1,50.0
45,59,49,3,2,0,50.0
57,58,3,3,1,1,50.0
45,62,46,3,2,1,50.0
57,50,0,3,1,1,50.0
45,81,60,3,2,1,50.0
45,83,20,3,2,1,50.0
45,89,69,3,2,1,50.0
45,95,12,3,2,1,50.0
45,99,23,3,2,1,50.0
57,49,9,3,1,1,50.0
57,42,15,3,1,1,50.0
57,35,12,3,1,2,50.0
57,29,43,3,1,2,50.0
46,2,63,3,1,0,50.0
57,25,30,3,1,2,50.0
46,3,30,3,1,1,50.0
46,5,20,3,1,1,50.0
46,7,40,3,1,1,50.0
57,18,74,3,1,1,50.0
46,19,33,3,1,1,50.0
46,29,23,3,1,2,50.0
57,17,40,3,1,0,50.0
57,16,6,3,1,1,50.0
57,15,35,3,1,1,50.0
46,30,46,3,1,1,50.0
57,11,57,3,1,2,50.0
46,38,6,3,1,1,50.0
57,4,26,3,1,1,50.0
56,96,3,3,0,2,50.0
46,45,26,3,1,2,50.0
56,92,58,3,1,1,50.0
46,47,3,3,1,1,50.0
56,89,3,3,1,2,50.0
56,88,9,3,1,2,50.0
46,65,12,3,1,1,50.0
56,84,24,3,1,1,50.0
46,70,43,3,1,1,50.0
46,74,36,3,1,1,50.0
46,83,49,3,1,1,50.0
46,86,74,3,1,1,50.0
56,82,6,3,1,2,50.0
46,99,55,3,1,1,50.0
56,74,18,3,1,1,50.0
47,36,21,3,0,2,50.0
47,37,51,3,0,2,50.0
47,40,24,3,0,2,50.0
47,48,0,3,1,1,50.0
47,49,12,3,1,1,50.0
47,72,6,3,1,1,50.0
47,89,9,3,1,2,50.0
48,0,63,3,1,1,50.0
56,69,21,3,1,2,50.0
48,18,77,3,1,1,50.0
56,68,27,3,1,1,50.0
48,20,9,3,1,1,50.0
48,27,6,3,1,2,50.0
56,62,61,3,1,1,50.0
48,42,18,3,1,1,50.0
48,49,60,3,1,1,50.0
48,55,12,3,1,1,50.0
56,55,30,3,1,1,50.0
56,47,64,3,1,1,50.0
56,44,71,3,1,1,50.0
56,41,67,3,1,1,50.0
56,36,74,3,1,2,50.0
56,31,77,3,1,1,50.0
56,23,46,3,2,1,50.0
48,68,15,3,1,1,50.0
56,20,0,3,2,1,50.0
48,84,69,3,1,1,50.0
48,93,30,3,1,1,50.0
56,17,49,3,2,0,50.0
56,12,3,3,2,2,50.0
56,3,33,3,2,1,50.0
55,81,49,3,0,2,50.0
49,3,43,3,1,1,50.0
55,57,52,3,0,1,50.0
49,7,46,3,1,1,50.0
55,52,55,3,0,1,50.0
49,9,3,3,1,2,50.0
49,19,40,3,1,1,50.0
55,38,9,3,1,1,50.0
55,31,52,3,1,1,50.0
55,28,0,3,1,1,50.0
49,21,49,3,1,2,50.0
55,27,15,3,1,2,50.0
55,17,61,3,1,0,50.0
55,14,77,3,1,1,50.0
49,41,63,3,1,1,50.0
49,44,74,3,1,1,50.0
55,0,49,3,1,1,50.0
49,46,66,3,1,1,50.0
49,56,52,3,1,2,50.0
54,97,0,3,1,1,50.0
49,60,77,3,1,2,50.0
49,61,35,3,2,2,50.0
54,89,6,3,1,2,50.0
54,86,3,3,1,2,50.0
49,63,26,3,2,0,50.0
54,85,12,3,1,2,50.0
49,66,9,3,2,2,50.0
54,82,15,3,1,2,50.0
54,65,23,3,1,1,50.0
49,69,0,3,2,2,50.0
54,61,38,3,1,2,50.0
54,52,50,3,1,1,50.0
49,71,3,3,2,2,50.0
54,47,18,3,1,1,50.0
54,41,29,3,1,1,50.0
54,40,32,3,1,2,50.0
49,72,12,3,2,1,50.0
49,82,18,3,2,2,50.0
54,33,41,3,1,2,50.0
54,28,35,3,1,1,50.0
49,94,49,3,2,1,50.0
54,21,44,3,1,2,50.0
54,19,53,3,1,1,50.0
49,98,6,3,2,1,50.0
49,99,32,3,2,1,50.0
54,12,26,3,1,2,50.0
50,11,43,3,1,2,50.0
50,18,6,3,1,2,50.0
54,11,60,3,1,2,50.0
50,21,9,3,1,2,50.0
50,35,20,3,1,2,50.0
50,44,38,3,1,1,50.0
50,49,23,3,1,2,50.0
54,7,56,3,1,1,50.0
54,6,75,3,1,2,50.0
50,58,26,3,1,1,50.0
54,4,63,3,1,1,50.0
53,98,3,3,1,1,50.0
53,95,18,3,1,1,50.0
53,78,12,3,1,2,50.0
50,59,72,3,1,0,50.0
50,60,52,3,1,1,50.0
53,59,21,3,1,1,50.0
53,56,29,3,1,2,50.0
53,54,66,3,1,1,50.0
50,63,32,3,1,0,50.0
50,70,46,3,1,1,50.0
53,27,36,3,1,2,50.0
50,84,29,3,1,1,50.0
50,89,35,3,1,2,50.0
53,21,39,3,1,2,50.0
50,92,49,3,1,1,50.0
50,94,60,3,1,1,50.0
50,98,68,3,1,1,50.0
51,6,39,3,1,2,50.0
53,15,58,3,1,1,50.0
51,8,35,3,1,2,50.0
53,11,63,3,1,2,50.0
51,12,42,3,1,2,50.0
51,13,64,3,1,2,50.0
52,97,60,3,1,1,50.0
52,88,46,3,1,2,50.0
52,85,63,3,1,2,50.0
52,81,66,3,1,2,50.0
52,79,69,3,1,1,50.0
52,76,77,3,1,2,50.0
52,75,72,3,1,1,50.0
52,74,0,3,2,1,50.0
51,14,45,3,1,2,50.0
52,70,49,3,2,1,50.0
51,18,48,3,1,2,50.0
51,19,75,3,1,1,50.0
51,21,52,3,1,2,50.0
51,25,67,3,1,2,50.0
52,65,6,3,2,1,50.0
52,54,69,3,2,1,50.0
52,53,32,3,2,1,50.0
51,37,70,3,1,3,50.0
52,47,21,3,2,1,50.0
51,53,69,3,2,1,50.0
52,42,9,3,2,1,50.0
52,26,46,3,2,1,50.0
52,14,60,3,2,1,50.0
51,54,0,3,2,2,50.0
51,56,6,3,2,2,50.0
51,58,9,3,2,1,50.0
52,12,12,3,2,2,50.0
51,62,49,3,2,1,50.0
52,7,29,3,2,1,50.0
51,97,12,3,2,1,50.0
51,63,35,3,2,0,50.0
51,92,40,3,2,1,50.0
51,86,15,3,2,2,50.0
51,73,18,3,2,1,50.0
51,78,3,3,2,2,50.0
51,82,21,3,2,2,50.0
51,80,24,3,2,1,50.0
