src,dst,spec,slots_used,core_src,core_dst,cores_used,tfk_slot
0,1,77,3,0,0,1,50.0
99,96,0,17,0,0,1,400.0
0,2,74,3,0,0,1,50.0
99,55,17,17,0,0,1,400.0
0,3,71,3,0,0,1,50.0
99,37,34,17,0,0,1,400.0
99,33,51,17,0,0,1,400.0
0,4,68,3,0,0,1,50.0
0,5,65,3,0,0,1,50.0
99,12,0,17,1,0,1,400.0
99,2,17,17,1,0,1,400.0
98,77,0,17,0,0,1,400.0
0,6,62,3,0,0,1,50.0
0,12,59,3,0,0,1,50.0
0,13,56,3,0,0,1,50.0
0,14,53,3,0,0,1,50.0
98,72,17,17,0,0,1,400.0
0,15,50,3,0,0,1,50.0
98,43,34,17,0,0,1,400.0
98,42,51,17,0,0,1,400.0
98,20,0,17,1,0,1,400.0
0,17,47,3,0,0,1,50.0
97,75,0,17,0,0,1,400.0
97,45,17,17,0,0,1,400.0
0,18,44,3,0,0,1,50.0
0,19,41,3,0,0,1,50.0
0,20,38,3,0,0,1,50.0
96,86,17,17,0,0,1,400.0
0,21,35,3,0,0,1,50.0
0,25,32,3,0,0,1,50.0
0,29,29,3,0,0,1,50.0
0,30,26,3,0,0,1,50.0
0,32,23,3,0,0,1,50.0
96,78,34,17,0,0,1,400.0
96,76,51,17,0,0,1,400.0
96,43,0,17,1,0,1,400.0
96,18,17,17,1,0,1,400.0
0,33,20,3,0,0,1,50.0
0,37,17,3,0,0,1,50.0
0,39,14,3,0,0,1,50.0
95,64,0,17,0,0,1,400.0
0,40,11,3,0,0,1,50.0
0,41,8,3,0,0,1,50.0
95,53,17,17,0,0,1,400.0
95,41,34,17,0,0,1,400.0
95,23,51,17,0,0,1,400.0
95,10,0,17,1,0,1,400.0
0,42,5,3,0,0,1,50.0
94,89,0,17,0,0,1,400.0
94,48,17,17,0,0,1,400.0
94,37,51,17,0,0,1,400.0
94,26,34,17,0,0,1,400.0
0,43,2,3,0,1,1,50.0
93,82,0,17,0,0,1,400.0
93,72,34,17,0,0,1,400.0
0,44,77,3,1,0,1,50.0
93,56,17,17,0,0,1,400.0
93,54,51,17,0,0,1,400.0
0,45,74,3,1,0,1,50.0
0,46,71,3,1,0,1,50.0
0,47,68,3,1,0,1,50.0
0,48,65,3,1,0,1,50.0
0,49,62,3,1,0,1,50.0
92,80,0,17,0,0,1,400.0
92,0,17,17,0,1,1,400.0
91,98,17,17,0,1,1,400.0
0,50,59,3,1,0,1,50.0
91,97,34,17,0,0,1,400.0
91,50,0,17,0,0,1,400.0
0,51,56,3,1,0,1,50.0
0,53,53,3,1,0,1,50.0
0,55,50,3,1,0,1,50.0
0,56,47,3,1,0,1,50.0
0,57,44,3,1,0,1,50.0
91,7,51,17,0,0,1,400.0
0,58,41,3,1,0,1,50.0
91,6,0,17,1,0,1,400.0
0,64,38,3,1,0,1,50.0
90,97,51,17,0,0,1,400.0
90,83,0,17,0,0,1,400.0
0,65,35,3,1,0,1,50.0
0,66,14,3,1,0,1,50.0
0,67,11,3,1,0,1,50.0
0,69,8,3,1,0,1,50.0
0,70,5,3,1,0,1,50.0
0,71,2,3,1,0,1,50.0
90,65,17,17,0,0,1,400.0
90,22,34,17,0,0,1,400.0
0,74,77,3,2,0,1,50.0
90,14,0,17,1,0,1,400.0
90,5,17,17,1,0,1,400.0
0,75,74,3,2,0,1,50.0
0,77,71,3,2,0,1,50.0
89,0,17,17,0,2,1,400.0
88,71,5,17,0,0,1,400.0
88,70,22,17,0,0,1,400.0
0,78,68,3,2,0,1,50.0
0,79,65,3,2,0,1,50.0
88,62,39,17,0,0,1,400.0
0,82,62,3,2,0,1,50.0
0,83,59,3,2,0,1,50.0
0,84,56,3,2,0,1,50.0
88,45,56,17,0,0,1,400.0
87,82,17,17,0,0,1,400.0
87,63,0,17,0,0,1,400.0
87,14,34,17,0,0,1,400.0
87,4,51,17,0,0,1,400.0
86,79,0,17,0,0,1,400.0
0,85,53,3,2,0,1,50.0
0,86,50,3,2,0,1,50.0
86,75,53,17,0,0,1,400.0
0,87,47,3,2,1,1,50.0
86,41,11,17,1,0,1,400.0
0,88,2,3,2,0,1,50.0
85,22,0,17,0,0,1,400.0
85,7,17,17,0,0,1,400.0
84,95,17,17,0,1,1,400.0
0,89,44,3,2,0,1,50.0
0,91,41,3,2,1,1,50.0
84,90,34,17,0,1,1,400.0
84,71,59,17,0,0,1,400.0
84,63,0,17,0,1,1,400.0
0,93,38,3,2,1,1,50.0
0,94,35,3,2,1,1,50.0
84,50,17,17,1,0,1,400.0
84,27,0,17,1,0,1,400.0
0,96,14,3,2,2,1,50.0
0,97,11,3,2,1,1,50.0
83,77,17,17,0,0,1,400.0
0,98,8,3,2,2,1,50.0
83,30,34,17,0,0,1,400.0
83,13,62,17,0,0,1,400.0
82,98,34,17,0,1,1,400.0
1,3,74,3,0,0,1,50.0
82,85,34,17,1,0,1,400.0
1,5,71,3,0,0,1,50.0
82,83,0,17,1,1,1,400.0
1,12,68,3,0,0,1,50.0
82,61,17,17,1,0,1,400.0
1,13,59,3,0,0,1,50.0
82,53,56,17,1,0,1,400.0
82,50,34,17,2,0,1,400.0
81,95,34,17,0,1,1,400.0
1,15,65,3,0,0,1,50.0
1,17,62,3,0,0,1,50.0
81,94,0,17,0,1,1,400.0
81,79,17,17,0,0,1,400.0
1,18,56,3,0,0,1,50.0
1,20,53,3,0,0,1,50.0
81,68,51,17,0,0,1,400.0
81,42,8,17,1,0,1,400.0
81,15,25,17,1,0,1,400.0
1,23,48,3,0,0,1,50.0
1,30,31,3,0,0,1,50.0
1,32,45,3,0,0,1,50.0
80,56,50,17,0,0,1,400.0
80,40,17,17,0,0,1,400.0
1,40,42,3,0,0,1,50.0
79,99,34,17,0,1,1,400.0
1,41,28,3,0,0,1,50.0
79,39,17,17,1,0,1,400.0
79,25,0,17,1,0,1,400.0
78,85,0,17,0,1,1,400.0
1,42,39,3,0,0,1,50.0
78,51,17,17,0,0,1,400.0
78,33,51,17,0,1,1,400.0
77,68,34,17,0,0,1,400.0
77,61,51,17,0,0,1,400.0
77,56,0,17,1,0,1,400.0
77,46,17,17,1,0,1,400.0
77,7,34,17,1,0,1,400.0
1,43,25,3,0,0,1,50.0
1,46,36,3,0,0,1,50.0
76,93,0,17,0,1,1,400.0
76,92,34,17,0,0,1,400.0
76,40,17,17,0,1,1,400.0
76,38,0,17,1,0,1,400.0
1,47,22,3,0,0,1,50.0
1,48,14,3,0,0,1,50.0
1,51,11,3,0,0,1,50.0
1,53,8,3,0,0,1,50.0
1,62,19,3,0,0,1,50.0
76,21,17,17,1,0,1,400.0
1,64,5,3,0,1,1,50.0
1,66,2,3,0,0,1,50.0
76,16,34,17,1,0,1,400.0
76,2,51,17,1,0,1,400.0
75,60,17,17,0,0,1,400.0
75,46,34,17,0,1,1,400.0
1,67,77,3,1,0,1,50.0
75,44,0,17,1,0,1,400.0
75,30,51,17,1,0,1,400.0
75,22,17,17,1,0,1,400.0
75,16,34,17,1,1,1,400.0
74,94,17,17,0,1,1,400.0
1,69,74,3,1,0,1,50.0
74,81,42,17,0,1,1,400.0
1,71,56,3,1,0,1,50.0
1,77,68,3,1,0,1,50.0
1,78,71,3,1,0,1,50.0
1,80,47,3,1,0,1,50.0
1,81,65,3,1,1,1,50.0
1,83,53,3,1,0,1,50.0
1,85,62,3,1,0,1,50.0
74,69,0,17,0,1,1,400.0
74,45,59,17,0,1,1,400.0
1,86,44,3,1,0,1,50.0
74,40,45,17,1,0,1,400.0
1,87,59,3,1,1,1,50.0
74,30,0,17,1,0,1,400.0
74,19,17,17,1,0,1,400.0
1,88,50,3,1,1,1,50.0
1,91,38,3,1,1,1,50.0
74,16,62,17,1,0,1,400.0
1,96,41,3,1,1,1,50.0
2,1,35,3,0,1,1,50.0
2,4,77,3,0,0,1,50.0
73,70,39,17,0,0,1,400.0
73,66,17,17,0,0,1,400.0
73,40,62,17,0,0,1,400.0
2,5,68,3,0,0,1,50.0
73,33,0,17,0,0,1,400.0
73,5,0,17,1,0,1,400.0
2,8,71,3,0,0,1,50.0
72,98,51,17,0,1,1,400.0
2,10,48,3,0,0,1,50.0
72,91,0,17,0,2,1,400.0
72,85,17,17,1,1,1,400.0
72,84,34,17,1,1,1,400.0
2,11,45,3,0,0,1,50.0
2,12,42,3,0,0,1,50.0
2,15,14,3,0,0,1,50.0
72,70,56,17,1,0,1,400.0
72,50,0,17,1,1,1,400.0
2,16,11,3,0,0,1,50.0
72,16,14,17,2,0,1,400.0
71,94,38,17,0,1,1,400.0
71,62,0,17,1,0,1,400.0
71,53,34,17,1,0,1,400.0
2,18,39,3,0,0,1,50.0
71,16,17,17,1,1,1,400.0
70,67,14,17,1,0,1,400.0
2,19,8,3,0,0,1,50.0
70,40,34,17,1,1,1,400.0
2,20,5,3,0,1,1,50.0
70,36,51,17,1,0,1,400.0
2,22,2,3,0,1,1,50.0
70,17,0,17,2,0,1,400.0
2,23,77,3,1,0,1,50.0
69,96,44,17,0,1,1,400.0
69,75,11,17,0,2,1,400.0
2,24,74,3,1,0,1,50.0
69,44,17,17,1,0,1,400.0
2,28,71,3,1,0,1,50.0
69,41,51,17,1,0,1,400.0
68,72,0,17,0,3,1,400.0
2,32,68,3,1,0,1,50.0
68,63,17,17,0,0,1,400.0
68,60,0,17,1,0,1,400.0
68,47,25,17,1,0,1,400.0
2,33,48,3,1,0,1,50.0
2,35,65,3,1,0,1,50.0
68,43,51,17,1,0,1,400.0
68,15,0,17,2,1,1,400.0
68,3,17,17,2,0,1,400.0
2,37,31,3,1,0,1,50.0
2,38,62,3,1,0,1,50.0
67,91,44,17,0,1,1,400.0
2,39,59,3,1,0,1,50.0
2,40,39,3,1,0,1,50.0
2,41,5,3,1,0,1,50.0
67,69,34,17,1,1,1,400.0
67,68,51,17,1,2,1,400.0
67,48,0,17,1,1,1,400.0
2,42,45,3,1,0,1,50.0
67,28,17,17,1,0,1,400.0
67,24,0,17,2,0,1,400.0
67,4,17,17,2,0,1,400.0
66,67,34,17,0,2,1,400.0
2,43,28,3,1,0,1,50.0
2,45,53,3,1,0,1,50.0
66,49,51,17,0,1,1,400.0
66,34,0,17,1,0,1,400.0
66,32,26,17,1,0,1,400.0
66,30,43,17,1,1,1,400.0
66,13,60,17,1,1,1,400.0
65,73,38,17,0,1,1,400.0
65,64,55,17,0,0,1,400.0
65,25,0,17,0,1,1,400.0
65,15,17,17,1,1,1,400.0
65,6,34,17,1,0,1,400.0
2,48,56,3,1,0,1,50.0
64,94,17,17,0,2,1,400.0
64,78,8,17,1,1,1,400.0
2,50,42,3,1,1,1,50.0
64,69,25,17,1,2,1,400.0
2,51,36,3,1,0,1,50.0
64,60,42,17,1,0,1,400.0
64,30,60,17,1,1,1,400.0
2,52,25,3,1,0,1,50.0
2,53,14,3,1,0,1,50.0
64,21,0,17,2,0,1,400.0
2,56,22,3,1,1,1,50.0
63,62,56,17,0,0,1,400.0
63,52,34,17,0,0,1,400.0
2,58,19,3,1,0,1,50.0
2,59,11,3,1,0,1,50.0
2,62,8,3,1,1,1,50.0
2,65,2,3,1,1,1,50.0
63,45,34,17,1,0,1,400.0
63,32,51,17,1,0,1,400.0
62,92,22,17,0,1,1,400.0
62,76,11,17,1,2,1,400.0
62,61,34,17,1,0,1,400.0
62,41,51,17,1,1,1,400.0
2,66,77,3,2,0,1,50.0
2,69,71,3,2,0,1,50.0
2,73,59,3,2,0,1,50.0
61,77,0,17,0,2,1,400.0
61,64,17,17,1,2,1,400.0
61,40,0,17,1,1,1,400.0
2,74,39,3,2,0,1,50.0
2,75,74,3,2,1,1,50.0
2,78,68,3,2,1,1,50.0
61,37,34,17,1,1,1,400.0
61,16,51,17,1,1,1,400.0
61,4,0,17,2,0,1,400.0
2,80,44,3,2,0,1,50.0
2,81,62,3,2,1,1,50.0
60,98,59,17,0,2,1,400.0
60,92,51,17,1,0,1,400.0
2,83,56,3,2,0,1,50.0
60,68,34,17,1,2,1,400.0
60,51,0,17,1,1,1,400.0
2,84,53,3,2,0,1,50.0
60,37,17,17,1,1,1,400.0
59,87,14,17,0,1,1,400.0
59,55,53,17,0,0,1,400.0
2,90,65,3,2,1,1,50.0
59,50,31,17,0,2,1,400.0
2,92,50,3,2,1,1,50.0
59,47,0,17,1,0,1,400.0
2,95,47,3,2,2,1,50.0
2,96,36,3,2,1,1,50.0
2,97,33,3,2,1,1,50.0
2,98,30,3,2,2,1,50.0
2,99,27,3,2,2,1,50.0
3,1,14,3,0,1,1,50.0
59,33,23,17,1,0,1,400.0
3,2,11,3,0,2,1,50.0
3,4,48,3,0,0,1,50.0
3,5,77,3,0,0,1,50.0
3,9,68,3,0,0,1,50.0
3,14,65,3,0,0,1,50.0
59,21,40,17,1,0,1,400.0
3,18,62,3,0,0,1,50.0
59,5,57,17,1,1,1,400.0
3,19,59,3,0,0,1,50.0
58,61,22,17,0,2,1,400.0
58,46,0,17,0,0,1,400.0
58,26,51,17,0,0,1,400.0
3,20,56,3,0,0,1,50.0
3,21,53,3,0,1,1,50.0
57,95,51,17,0,1,1,400.0
57,58,0,17,0,1,1,400.0
57,47,17,17,0,1,1,400.0
57,40,51,17,1,1,1,400.0
3,22,45,3,0,1,1,50.0
3,23,42,3,0,0,1,50.0
57,26,0,17,1,0,1,400.0
3,24,39,3,0,0,1,50.0
57,14,17,17,1,0,1,400.0
57,1,34,17,1,2,1,400.0
3,27,36,3,0,0,1,50.0
56,33,0,17,1,1,1,400.0
56,29,32,17,1,0,1,400.0
56,14,49,17,1,1,1,400.0
3,30,8,3,0,1,1,50.0
3,31,5,3,0,0,1,50.0
3,32,2,3,0,0,1,50.0
56,9,0,17,2,0,1,400.0
3,34,77,3,1,0,1,50.0
55,99,0,17,0,2,1,400.0
3,36,74,3,1,0,1,50.0
3,44,71,3,1,0,1,50.0
55,86,28,17,1,1,1,400.0
55,52,0,17,1,0,1,400.0
55,34,45,17,1,0,1,400.0
55,30,62,17,1,2,1,400.0
54,93,17,17,0,1,1,400.0
54,85,34,17,0,1,1,400.0
3,46,68,3,1,0,1,50.0
54,84,0,17,0,2,1,400.0
54,71,51,17,1,1,1,400.0
54,70,17,17,1,2,1,400.0
54,40,0,17,1,2,1,400.0
54,12,34,17,1,1,1,400.0
3,47,65,3,1,0,1,50.0
3,48,62,3,1,0,1,50.0
53,65,51,17,1,1,1,400.0
3,49,59,3,1,0,1,50.0
3,57,48,3,1,0,1,50.0
3,58,45,3,1,0,1,50.0
53,37,0,17,1,0,1,400.0
52,94,55,17,0,1,1,400.0
3,59,8,3,1,0,1,50.0
52,69,0,17,1,2,1,400.0
52,65,17,17,1,2,1,400.0
52,43,34,17,1,1,1,400.0
3,61,56,3,1,2,1,50.0
52,20,59,17,1,0,1,400.0
3,62,31,3,1,1,1,50.0
52,19,62,17,2,0,1,400.0
3,64,52,3,1,0,1,50.0
3,65,14,3,1,1,1,50.0
52,10,17,17,2,0,1,400.0
3,66,11,3,1,0,1,50.0
3,67,41,3,1,0,1,50.0
51,93,59,17,0,1,1,400.0
51,86,39,17,0,2,1,400.0
51,66,17,17,1,2,1,400.0
3,69,38,3,1,0,1,50.0
51,58,34,17,1,1,1,400.0
51,56,51,17,1,2,1,400.0
51,17,17,17,2,0,1,400.0
50,89,62,17,0,0,1,400.0
50,58,17,17,1,1,1,400.0
50,34,45,17,1,1,1,400.0
3,70,19,3,1,0,1,50.0
3,73,35,3,1,0,1,50.0
50,27,62,17,1,0,1,400.0
3,74,28,3,1,2,1,50.0
50,4,0,17,2,1,1,400.0
3,75,5,3,1,2,1,50.0
3,77,25,3,1,2,1,50.0
3,79,22,3,1,2,1,50.0
49,87,0,17,0,2,1,400.0
3,81,2,3,1,1,1,50.0
3,82,77,3,2,0,1,50.0
3,84,74,3,2,1,1,50.0
49,63,17,17,0,1,1,400.0
49,16,34,17,0,2,1,400.0
49,1,17,17,1,1,1,400.0
3,85,71,3,2,0,1,50.0
48,92,34,17,0,2,1,400.0
3,87,68,3,2,0,1,50.0
48,81,17,17,1,2,1,400.0
3,89,59,3,2,0,1,50.0
48,24,42,17,1,0,1,400.0
3,91,65,3,2,1,1,50.0
48,12,59,17,1,1,1,400.0
47,90,42,17,0,2,1,400.0
47,88,0,17,1,1,1,400.0
47,40,34,17,1,2,1,400.0
47,39,62,17,1,0,1,400.0
47,33,17,17,2,1,1,400.0
3,92,62,3,2,1,1,50.0
3,94,56,3,2,2,1,50.0
47,11,0,17,2,0,1,400.0
47,9,34,17,2,0,1,400.0
46,88,39,17,0,2,1,400.0
3,95,53,3,2,2,1,50.0
4,2,74,3,0,3,1,50.0
46,87,62,17,1,1,1,400.0
46,77,0,17,1,3,1,400.0
46,70,17,17,1,3,1,400.0
46,28,0,17,2,0,1,400.0
4,3,45,3,0,2,1,50.0
46,14,17,17,2,1,1,400.0
46,13,34,17,2,0,1,400.0
45,80,0,17,0,1,1,400.0
4,7,71,3,0,0,1,50.0
4,8,42,3,0,0,1,50.0
4,9,39,3,0,1,1,50.0
45,70,34,17,1,2,1,400.0
4,10,36,3,0,0,1,50.0
45,62,0,17,1,2,1,400.0
45,59,17,17,1,2,1,400.0
4,11,77,3,1,0,1,50.0
4,14,74,3,1,0,1,50.0
4,15,71,3,1,0,1,50.0
4,16,59,3,1,0,1,50.0
45,42,0,17,2,1,1,400.0
45,40,17,17,2,2,1,400.0
4,18,68,3,1,0,1,50.0
45,7,34,17,2,1,1,400.0
45,0,51,17,2,3,1,400.0
44,66,34,17,0,2,1,400.0
4,19,56,3,1,0,1,50.0
4,23,45,3,1,0,1,50.0
44,64,51,17,0,2,1,400.0
4,24,65,3,1,0,1,50.0
4,26,31,3,1,0,1,50.0
44,58,51,17,1,1,1,400.0
44,56,17,17,1,2,1,400.0
4,28,62,3,1,0,1,50.0
4,29,53,3,1,0,1,50.0
4,30,23,3,1,0,1,50.0
44,2,0,17,1,3,1,400.0
4,32,48,3,1,0,1,50.0
43,97,14,17,1,1,1,400.0
43,35,51,17,1,1,1,400.0
42,93,41,17,1,1,1,400.0
42,0,17,17,1,3,1,400.0
41,22,5,17,1,1,1,400.0
4,33,42,3,1,0,1,50.0
4,34,39,3,1,0,1,50.0
4,36,36,3,1,0,1,50.0
40,63,51,17,2,2,1,400.0
40,9,17,17,3,0,1,400.0
4,40,28,3,1,4,1,50.0
39,97,36,17,0,1,1,400.0
4,41,20,3,1,2,1,50.0
39,88,17,17,1,1,1,400.0
39,55,0,17,1,2,1,400.0
4,42,17,3,1,2,1,50.0
4,43,77,3,2,0,1,50.0
39,41,34,17,1,1,1,400.0
39,2,51,17,1,3,1,400.0
4,47,74,3,2,0,1,50.0
4,48,71,3,2,0,1,50.0
39,1,0,17,2,2,1,400.0
38,51,34,17,0,2,1,400.0
38,49,17,17,0,2,1,400.0
38,35,0,17,1,0,1,400.0
38,29,56,17,1,0,1,400.0
38,9,17,17,1,1,1,400.0
4,49,68,3,2,0,1,50.0
4,50,56,3,2,0,1,50.0
37,62,51,17,1,2,1,400.0
37,57,0,17,1,2,1,400.0
4,51,14,3,2,0,1,50.0
37,2,17,17,2,3,1,400.0
4,52,52,3,2,0,1,50.0
4,54,65,3,2,2,1,50.0
36,98,11,17,0,2,1,400.0
4,55,47,3,2,0,1,50.0
4,56,44,3,2,0,1,50.0
36,95,0,17,1,2,1,400.0
4,57,41,3,2,0,1,50.0
36,81,34,17,1,2,1,400.0
4,59,5,3,2,0,1,50.0
4,60,38,3,2,0,1,50.0
36,71,17,17,1,2,1,400.0
36,65,51,17,1,2,1,400.0
4,61,62,3,2,2,1,50.0
4,63,35,3,2,2,1,50.0
36,52,0,17,2,2,1,400.0
36,1,17,17,2,2,1,400.0
4,64,2,3,2,1,1,50.0
4,65,11,3,2,1,1,50.0
35,83,17,17,0,1,1,400.0
35,77,34,17,0,2,1,400.0
4,67,32,3,2,0,1,50.0
35,60,0,17,1,2,1,400.0
35,55,17,17,1,2,1,400.0
35,4,34,17,1,3,1,400.0
34,93,17,17,0,2,1,400.0
34,83,62,17,1,1,1,400.0
4,69,29,3,2,0,1,50.0
4,72,59,3,2,2,1,50.0
4,76,8,3,2,2,1,50.0
4,77,22,3,2,2,1,50.0
4,79,26,3,2,2,1,50.0
34,71,0,17,1,2,1,400.0
4,80,19,3,2,1,1,50.0
4,83,59,3,3,1,1,50.0
34,13,17,17,1,0,1,400.0
4,84,77,3,3,0,1,50.0
34,12,17,17,2,0,1,400.0
33,78,34,17,1,1,1,400.0
33,75,28,17,2,2,1,400.0
33,63,0,17,2,2,1,400.0
33,44,45,17,2,2,1,400.0
4,87,74,3,3,0,1,50.0
33,42,62,17,2,1,1,400.0
33,29,0,17,3,0,1,400.0
33,1,51,17,3,2,1,400.0
32,94,5,17,0,3,1,400.0
32,82,0,17,1,2,1,400.0
32,63,17,17,1,2,1,400.0
4,89,56,3,3,0,1,50.0
31,99,51,17,0,1,1,400.0
4,90,71,3,3,0,1,50.0
31,93,34,17,0,2,1,400.0
4,91,68,3,3,0,1,50.0
31,76,8,17,0,3,1,400.0
4,95,65,3,3,2,1,50.0
4,99,62,3,3,2,1,50.0
5,1,74,3,0,2,1,50.0
5,3,50,3,0,2,1,50.0
31,70,51,17,1,2,1,400.0
31,61,0,17,1,3,1,400.0
31,58,17,17,1,2,1,400.0
5,4,53,3,0,3,1,50.0
31,28,34,17,1,0,1,400.0
5,6,59,3,0,0,1,50.0
5,9,62,3,0,0,1,50.0
30,73,17,17,1,1,1,400.0
5,12,56,3,0,0,1,50.0
5,13,47,3,0,1,1,50.0
5,14,44,3,0,1,1,50.0
5,15,41,3,0,1,1,50.0
5,17,38,3,0,0,1,50.0
30,53,17,17,2,1,1,400.0
5,18,35,3,0,0,1,50.0
5,19,53,3,1,0,1,50.0
5,20,77,3,1,0,1,50.0
30,41,0,17,2,2,1,400.0
29,83,34,17,1,1,1,400.0
29,67,51,17,1,2,1,400.0
5,22,74,3,1,0,1,50.0
5,23,39,3,1,0,1,50.0
29,56,0,17,1,3,1,400.0
5,24,36,3,1,0,1,50.0
29,50,17,17,1,3,1,400.0
5,26,28,3,1,0,1,50.0
5,27,50,3,1,0,1,50.0
28,92,0,17,1,1,1,400.0
5,29,25,3,1,0,1,50.0
5,30,20,3,1,0,1,50.0
28,91,17,17,1,1,1,400.0
28,87,34,17,1,2,1,400.0
28,71,51,17,1,2,1,400.0
28,69,42,17,2,2,1,400.0
5,31,31,3,1,0,1,50.0
5,32,47,3,1,1,1,50.0
28,58,0,17,2,2,1,400.0
28,56,17,17,2,3,1,400.0
5,33,17,3,1,0,1,50.0
5,34,42,3,1,0,1,50.0
5,35,14,3,1,2,1,50.0
28,52,59,17,2,3,1,400.0
28,24,17,17,3,0,1,400.0
27,95,17,17,0,2,1,400.0
5,36,8,3,1,0,1,50.0
5,37,11,3,1,2,1,50.0
27,75,45,17,1,2,1,400.0
5,38,5,3,1,2,1,50.0
27,58,62,17,1,2,1,400.0
5,39,2,3,1,0,1,50.0
27,49,0,17,1,1,1,400.0
5,40,36,3,2,0,1,50.0
27,14,17,17,1,2,1,400.0
5,41,77,3,2,0,1,50.0
5,42,74,3,2,0,1,50.0
27,6,17,17,2,0,1,400.0
27,3,0,17,2,2,1,400.0
5,43,71,3,2,0,1,50.0
5,44,68,3,2,0,1,50.0
5,45,56,3,2,1,1,50.0
26,81,0,17,1,2,1,400.0
5,47,62,3,2,0,1,50.0
26,72,31,17,1,2,1,400.0
26,67,48,17,1,3,1,400.0
5,50,53,3,2,0,1,50.0
26,17,0,17,2,1,1,400.0
26,14,34,17,2,2,1,400.0
26,9,51,17,2,1,1,400.0
26,7,17,17,2,1,1,400.0
5,51,8,3,2,0,1,50.0
5,53,11,3,2,0,1,50.0
25,83,35,17,0,2,1,400.0
5,54,59,3,2,2,1,50.0
5,55,44,3,2,0,1,50.0
5,56,41,3,2,0,1,50.0
25,81,52,17,0,2,1,400.0
5,58,48,3,2,0,1,50.0
25,76,28,17,1,2,1,400.0
5,60,65,3,2,2,1,50.0
25,66,51,17,1,2,1,400.0
5,62,28,3,2,1,1,50.0
5,64,33,3,2,3,1,50.0
25,62,17,17,2,2,1,400.0
5,65,5,3,2,1,1,50.0
25,48,0,17,2,2,1,400.0
5,66,23,3,2,1,1,50.0
5,67,2,3,2,0,1,50.0
25,18,34,17,2,1,1,400.0
24,85,51,17,1,1,1,400.0
24,51,0,17,1,2,1,400.0
24,42,20,17,1,2,1,400.0
23,97,0,17,0,2,1,400.0
5,68,20,3,2,1,1,50.0
5,69,17,3,2,2,1,50.0
23,92,17,17,0,2,1,400.0
5,70,14,3,2,0,1,50.0
5,71,77,3,3,0,1,50.0
23,85,0,17,1,2,1,400.0
23,58,34,17,1,2,1,400.0
22,88,53,17,0,1,1,400.0
22,87,51,17,1,2,1,400.0
22,73,22,17,1,2,1,400.0
5,72,74,3,3,0,1,50.0
5,74,36,3,3,0,1,50.0
5,75,71,3,3,0,1,50.0
22,39,17,17,2,2,1,400.0
5,76,68,3,3,0,1,50.0
5,78,65,3,3,1,1,50.0
5,79,62,3,3,0,1,50.0
5,80,41,3,3,0,1,50.0
22,30,34,17,2,2,1,400.0
5,83,56,3,3,1,1,50.0
22,1,0,17,2,3,1,400.0
5,84,59,3,3,1,1,50.0
5,86,47,3,3,0,1,50.0
21,85,57,17,0,2,1,400.0
21,23,17,17,1,1,1,400.0
20,65,17,17,0,3,1,400.0
20,57,17,17,1,2,1,400.0
5,87,53,3,3,1,1,50.0
20,41,34,17,1,2,1,400.0
20,29,51,17,1,2,1,400.0
5,88,44,3,3,1,1,50.0
20,27,34,17,2,2,1,400.0
19,79,34,17,1,1,1,400.0
19,75,62,17,1,2,1,400.0
5,89,50,3,3,0,1,50.0
5,90,33,3,3,2,1,50.0
19,35,17,17,1,2,1,400.0
5,91,30,3,3,2,1,50.0
5,92,19,3,3,1,1,50.0
5,94,14,3,3,2,1,50.0
19,21,0,17,1,1,1,400.0
5,95,27,3,3,3,1,50.0
19,8,0,17,2,0,1,400.0
5,96,24,3,3,2,1,50.0
5,97,8,3,3,1,1,50.0
6,0,77,3,0,3,1,50.0
6,1,71,3,0,2,1,50.0
6,2,68,3,0,3,1,50.0
19,7,51,17,2,1,1,400.0
6,3,74,3,0,3,1,50.0
6,4,65,3,0,4,1,50.0
19,4,17,17,2,3,1,400.0
6,5,56,3,0,4,1,50.0
6,8,53,3,0,0,1,50.0
18,94,0,17,0,4,1,400.0
6,9,77,3,1,0,1,50.0
6,10,74,3,1,0,1,50.0
18,70,0,17,1,3,1,400.0
6,15,68,3,1,0,1,50.0
18,45,17,17,1,3,1,400.0
6,17,71,3,1,0,1,50.0
6,19,50,3,1,0,1,50.0
6,20,47,3,1,0,1,50.0
18,25,51,17,1,2,1,400.0
18,20,0,17,2,2,1,400.0
18,1,17,17,2,3,1,400.0
17,94,34,17,1,2,1,400.0
6,21,65,3,1,1,1,50.0
6,22,42,3,1,1,1,50.0
17,79,51,17,1,1,1,400.0
6,23,36,3,1,0,1,50.0
17,8,17,17,1,0,1,400.0
17,6,0,17,2,1,1,400.0
16,89,0,17,1,1,1,400.0
6,24,62,3,1,0,1,50.0
6,25,29,3,1,0,1,50.0
16,63,0,17,2,3,1,400.0
6,26,25,3,1,0,1,50.0
6,27,59,3,1,0,1,50.0
16,48,17,17,2,2,1,400.0
15,90,59,17,1,2,1,400.0
6,28,56,3,1,0,1,50.0
15,68,0,17,2,3,1,400.0
6,30,17,3,1,0,1,50.0
6,31,53,3,1,2,1,50.0
15,7,17,17,2,2,1,400.0
6,32,39,3,1,1,1,50.0
15,4,34,17,2,4,1,400.0
14,89,0,17,1,2,1,400.0
14,78,0,17,2,2,1,400.0
6,33,22,3,1,2,1,50.0
6,36,33,3,1,0,1,50.0
14,67,51,17,2,4,1,400.0
6,41,74,3,2,0,1,50.0
14,23,51,17,3,1,1,400.0
14,21,34,17,3,1,1,400.0
6,42,77,3,2,0,1,50.0
13,92,0,17,0,2,1,400.0
6,43,68,3,2,0,1,50.0
6,44,71,3,2,1,1,50.0
6,46,65,3,2,0,1,50.0
13,82,17,17,1,2,1,400.0
6,47,59,3,2,0,1,50.0
13,79,0,17,1,2,1,400.0
13,69,59,17,2,2,1,400.0
13,49,34,17,2,1,1,400.0
6,48,53,3,2,0,1,50.0
6,49,56,3,2,0,1,50.0
6,50,39,3,2,1,1,50.0
6,51,5,3,2,0,1,50.0
13,48,0,17,2,3,1,400.0
13,30,17,17,2,3,1,400.0
13,7,0,17,3,0,1,400.0
6,52,31,3,2,0,1,50.0
12,93,0,17,1,2,1,400.0
6,53,2,3,2,0,1,50.0
12,80,17,17,1,2,1,400.0
6,54,62,3,2,2,1,50.0
12,43,0,17,2,2,1,400.0
12,33,17,17,2,3,1,400.0
6,55,36,3,2,0,1,50.0
6,59,50,3,2,0,1,50.0
6,60,47,3,2,2,1,50.0
6,62,44,3,2,2,1,50.0
12,23,34,17,2,2,1,400.0
6,64,28,3,2,3,1,50.0
12,20,51,17,2,2,1,400.0
11,96,27,17,0,2,1,400.0
11,95,48,17,0,3,1,400.0
11,51,51,17,1,2,1,400.0
6,65,8,3,2,1,1,50.0
11,47,0,17,1,3,1,400.0
11,40,34,17,1,3,1,400.0
6,67,25,3,2,3,1,50.0
11,15,17,17,1,3,1,400.0
6,68,17,3,2,1,1,50.0
11,12,0,17,2,3,1,400.0
6,69,22,3,2,2,1,50.0
10,93,51,17,0,2,1,400.0
10,87,17,17,1,2,1,400.0
6,70,11,3,2,0,1,50.0
6,71,14,3,2,3,1,50.0
10,62,0,17,1,3,1,400.0
10,21,34,17,1,2,1,400.0
6,72,77,3,3,0,1,50.0
10,15,51,17,1,2,1,400.0
6,75,71,3,3,1,1,50.0
6,76,74,3,3,0,1,50.0
6,77,68,3,3,1,1,50.0
9,96,0,17,1,3,1,400.0
9,95,0,17,2,3,1,400.0
9,69,17,17,2,3,1,400.0
6,78,62,3,3,1,1,50.0
6,79,59,3,3,0,1,50.0
6,80,38,3,3,0,1,50.0
6,82,65,3,3,0,1,50.0
9,67,34,17,2,4,1,400.0
9,61,51,17,2,3,1,400.0
6,83,53,3,3,1,1,50.0
9,51,0,17,3,3,1,400.0
8,96,61,17,1,1,1,400.0
6,84,56,3,3,1,1,50.0
6,86,41,3,3,0,1,50.0
8,79,29,17,1,2,1,400.0
8,62,0,17,1,4,1,400.0
6,89,47,3,3,0,1,50.0
6,90,30,3,3,2,1,50.0
8,58,0,17,2,3,1,400.0
6,91,35,3,3,1,1,50.0
8,33,34,17,2,3,1,400.0
8,20,17,17,2,2,1,400.0
8,2,51,17,2,4,1,400.0
7,88,0,17,1,2,1,400.0
6,93,50,3,3,3,1,50.0
7,51,34,17,2,3,1,400.0
6,94,11,3,3,2,1,50.0
7,38,51,17,2,2,1,400.0
6,95,44,3,3,2,1,50.0
6,96,21,3,3,2,1,50.0
6,97,5,3,3,1,1,50.0
7,1,77,3,0,2,1,50.0
7,24,0,17,2,2,1,400.0
7,21,0,17,3,2,1,400.0
7,15,34,17,3,3,1,400.0
6,63,17,17,4,3,1,400.0
6,61,39,17,4,2,1,400.0
7,2,74,3,0,4,1,50.0
7,3,68,3,0,3,1,50.0
6,18,56,17,4,2,1,400.0
7,4,77,3,1,4,1,50.0
6,7,0,17,4,4,1,400.0
7,8,74,3,1,0,1,50.0
7,9,71,3,1,0,1,50.0
5,48,34,17,4,2,1,400.0
7,11,68,3,1,0,1,50.0
5,21,17,17,4,2,1,400.0
7,12,77,3,2,0,1,50.0
5,16,59,17,4,2,1,400.0
7,16,74,3,2,1,1,50.0
7,19,71,3,2,2,1,50.0
7,22,68,3,2,1,1,50.0
4,71,0,17,3,4,1,400.0
7,23,74,3,3,0,1,50.0
4,66,0,17,4,2,1,400.0
4,35,17,17,4,3,1,400.0
7,25,77,3,3,0,1,50.0
4,25,0,17,5,3,1,400.0
7,27,56,3,3,0,1,50.0
4,22,51,17,5,2,1,400.0
4,0,34,17,5,3,1,400.0
7,31,71,3,3,0,1,50.0
3,96,17,17,2,3,1,400.0
3,93,0,17,3,3,1,400.0
3,83,17,17,3,2,1,400.0
3,68,34,17,3,3,1,400.0
3,56,51,17,3,3,1,400.0
3,51,17,17,4,3,1,400.0
3,43,34,17,4,2,1,400.0
3,42,0,17,4,2,1,400.0
7,32,68,3,3,1,1,50.0
7,34,65,3,3,0,1,50.0
2,68,34,17,3,4,1,400.0
2,63,34,17,4,3,1,400.0
2,29,0,17,4,2,1,400.0
7,40,62,3,3,3,1,50.0
7,41,31,3,3,0,1,50.0
2,27,17,17,4,3,1,400.0
1,79,46,17,3,2,1,400.0
1,60,63,17,3,3,1,400.0
1,14,0,17,4,3,1,400.0
0,92,0,17,3,3,1,400.0
0,81,0,17,4,3,1,400.0
0,38,34,17,4,1,1,400.0
7,44,28,3,3,2,1,50.0
0,35,51,17,4,2,1,400.0
0,24,17,17,4,2,1,400.0
7,46,59,3,3,0,1,50.0
99,98,77,3,0,0,1,50.0
99,95,74,3,0,0,1,50.0
7,47,19,3,3,0,1,50.0
99,94,71,3,0,0,1,50.0
7,52,22,3,3,0,1,50.0
99,93,68,3,0,0,1,50.0
99,92,77,3,1,0,1,50.0
99,91,74,3,1,0,1,50.0
7,54,53,3,3,2,1,50.0
99,90,68,3,1,0,1,50.0
7,57,25,3,3,3,1,50.0
7,58,77,3,4,0,1,50.0
99,89,71,3,1,1,1,50.0
99,88,77,3,2,0,1,50.0
7,60,35,3,4,0,1,50.0
99,87,71,3,2,0,1,50.0
7,61,74,3,4,0,1,50.0
99,86,74,3,2,0,1,50.0
99,83,68,3,2,2,1,50.0
99,82,59,3,2,0,1,50.0
99,80,35,3,2,0,1,50.0
99,79,56,3,2,0,1,50.0
7,63,53,3,4,0,1,50.0
99,78,53,3,2,1,1,50.0
99,76,65,3,2,2,1,50.0
7,64,49,3,4,0,1,50.0
99,75,50,3,2,3,1,50.0
7,65,71,3,4,1,1,50.0
7,67,68,3,4,0,1,50.0
99,74,42,3,2,1,1,50.0
99,73,47,3,2,2,1,50.0
7,68,46,3,4,1,1,50.0
7,74,39,3,4,1,1,50.0
99,72,39,3,2,3,1,50.0
7,75,65,3,4,3,1,50.0
99,71,32,3,2,0,1,50.0
99,70,24,3,2,4,1,50.0
7,76,62,3,4,2,1,50.0
99,69,21,3,2,4,1,50.0
99,68,18,3,2,3,1,50.0
7,77,59,3,4,1,1,50.0
7,80,56,3,4,1,1,50.0
7,81,43,3,4,3,1,50.0
7,84,32,3,4,2,1,50.0
7,85,29,3,4,2,1,50.0
99,67,74,3,3,0,1,50.0
7,86,26,3,4,2,1,50.0
99,66,71,3,3,0,1,50.0
99,63,77,3,3,0,1,50.0
7,87,23,3,4,3,1,50.0
7,91,20,3,4,2,1,50.0
7,92,17,3,4,3,1,50.0
99,61,68,3,3,0,1,50.0
99,60,62,3,3,2,1,50.0
7,95,77,3,5,0,1,50.0
7,96,74,3,5,0,1,50.0
7,99,65,3,5,3,1,50.0
8,1,68,3,0,2,1,50.0
8,3,39,3,0,2,1,50.0
99,59,2,3,3,0,1,50.0
8,5,77,3,0,4,1,50.0
99,58,59,3,3,2,1,50.0
99,56,38,3,3,0,1,50.0
8,6,36,3,0,4,1,50.0
99,54,56,3,3,2,1,50.0
99,53,5,3,3,0,1,50.0
99,52,28,3,3,0,1,50.0
8,7,62,3,0,5,1,50.0
99,51,53,3,3,3,1,50.0
8,9,65,3,0,0,1,50.0
8,10,45,3,0,0,1,50.0
99,49,50,3,3,2,1,50.0
8,11,59,3,0,2,1,50.0
99,48,11,3,3,0,1,50.0
8,12,50,3,0,0,1,50.0
99,47,47,3,3,3,1,50.0
8,14,56,3,0,0,1,50.0
99,46,44,3,3,3,1,50.0
99,44,41,3,3,1,1,50.0
99,41,31,3,3,1,1,50.0
99,40,14,3,3,0,1,50.0
8,16,56,3,1,0,1,50.0
8,17,53,3,1,0,1,50.0
99,38,35,3,3,2,1,50.0
99,36,25,3,3,3,1,50.0
8,18,50,3,1,0,1,50.0
8,19,47,3,1,0,1,50.0
8,21,26,3,1,3,1,50.0
99,35,8,3,3,2,1,50.0
99,32,22,3,3,2,1,50.0
8,22,23,3,1,3,1,50.0
99,30,19,3,3,4,1,50.0
99,28,77,3,4,0,1,50.0
99,27,53,3,4,0,1,50.0
99,26,74,3,4,0,1,50.0
8,23,20,3,1,2,1,50.0
99,25,71,3,4,0,1,50.0
99,23,68,3,4,0,1,50.0
8,24,17,3,1,1,1,50.0
99,21,62,3,4,1,1,50.0
8,25,74,3,2,0,1,50.0
8,26,77,3,2,0,1,50.0
99,19,44,3,4,0,1,50.0
99,17,65,3,4,0,1,50.0
8,27,71,3,2,2,1,50.0
99,16,31,3,4,0,1,50.0
8,28,68,3,2,0,1,50.0
8,29,77,3,3,0,1,50.0
8,30,74,3,3,0,1,50.0
99,15,59,3,4,0,1,50.0
99,14,41,3,4,1,1,50.0
8,32,71,3,3,0,1,50.0
8,34,68,3,3,0,1,50.0
8,35,62,3,3,0,1,50.0
99,13,56,3,4,1,1,50.0
99,11,24,3,4,0,1,50.0
99,10,50,3,4,2,1,50.0
99,9,47,3,4,1,1,50.0
8,36,48,3,3,0,1,50.0
8,38,65,3,3,0,1,50.0
99,8,38,3,4,3,1,50.0
8,39,56,3,3,0,1,50.0
8,40,8,3,3,0,1,50.0
99,7,35,3,4,5,1,50.0
99,6,27,3,4,3,1,50.0
99,5,11,3,4,3,1,50.0
99,4,21,3,4,5,1,50.0
8,41,2,3,3,0,1,50.0
99,3,18,3,4,5,1,50.0
8,43,31,3,3,0,1,50.0
8,44,45,3,3,1,1,50.0
99,1,8,3,4,1,1,50.0
99,0,5,3,4,2,1,50.0
98,99,74,3,0,5,1,50.0
98,97,71,3,0,0,1,50.0
98,96,68,3,0,0,1,50.0
98,95,71,3,1,0,1,50.0
98,93,77,3,1,0,1,50.0
8,45,53,3,3,1,1,50.0
8,46,59,3,3,1,1,50.0
98,92,74,3,1,0,1,50.0
98,90,68,3,1,1,1,50.0
8,47,42,3,3,3,1,50.0
8,48,5,3,3,0,1,50.0
8,49,35,3,3,2,1,50.0
8,50,28,3,3,2,1,50.0
98,89,53,3,2,0,1,50.0
8,51,25,3,3,4,1,50.0
98,88,77,3,2,1,1,50.0
8,52,19,3,3,0,1,50.0
98,87,56,3,2,1,1,50.0
8,53,22,3,3,2,1,50.0
8,55,16,3,3,3,1,50.0
8,57,13,3,3,3,1,50.0
98,86,38,3,2,0,1,50.0
8,61,77,3,4,0,1,50.0
8,63,74,3,4,0,1,50.0
8,64,46,3,4,0,1,50.0
98,85,50,3,2,2,1,50.0
98,82,47,3,2,3,1,50.0
8,65,68,3,4,1,1,50.0
8,66,8,3,4,0,1,50.0
98,81,5,3,2,1,1,50.0
8,67,71,3,4,0,1,50.0
8,68,43,3,4,1,1,50.0
8,69,65,3,4,0,1,50.0
98,79,44,3,2,3,1,50.0
8,70,2,3,4,0,1,50.0
98,78,2,3,2,1,1,50.0
8,71,35,3,4,0,1,50.0
8,72,53,3,4,1,1,50.0
8,73,56,3,4,0,1,50.0
8,74,62,3,4,2,1,50.0
98,76,41,3,2,3,1,50.0
98,75,35,3,2,3,1,50.0
8,75,59,3,4,3,1,50.0
8,76,50,3,4,2,1,50.0
98,69,77,3,3,0,1,50.0
98,66,74,3,3,0,1,50.0
8,77,31,3,4,2,1,50.0
98,65,71,3,3,2,1,50.0
98,64,43,3,3,0,1,50.0
8,80,40,3,4,1,1,50.0
8,81,28,3,4,3,1,50.0
8,82,25,3,4,3,1,50.0
8,83,14,3,4,2,1,50.0
98,62,68,3,3,1,1,50.0
98,61,65,3,3,2,1,50.0
8,84,22,3,4,2,1,50.0
8,85,19,3,4,2,1,50.0
98,60,59,3,3,2,1,50.0
98,59,20,3,3,1,1,50.0
8,86,5,3,4,1,1,50.0
8,88,11,3,4,3,1,50.0
8,89,41,3,5,0,1,50.0
8,90,77,3,5,0,1,50.0
98,58,56,3,3,2,1,50.0
98,55,40,3,3,0,1,50.0
98,54,50,3,3,2,1,50.0
98,53,47,3,3,1,1,50.0
98,52,53,3,3,1,1,50.0
98,50,36,3,3,1,1,50.0
98,48,8,3,3,0,1,50.0
98,46,62,3,3,0,1,50.0
98,45,14,3,3,3,1,50.0
98,44,33,3,3,2,1,50.0
98,41,28,3,3,1,1,50.0
98,39,11,3,3,0,1,50.0
98,38,25,3,3,2,1,50.0
98,37,5,3,3,2,1,50.0
98,36,2,3,3,0,1,50.0
98,34,17,3,3,3,1,50.0
98,33,77,3,4,0,1,50.0
98,31,74,3,4,0,1,50.0
8,91,71,3,5,0,1,50.0
98,28,65,3,4,0,1,50.0
8,92,68,3,5,0,1,50.0
98,26,71,3,4,0,1,50.0
98,23,68,3,4,1,1,50.0
8,94,74,3,5,0,1,50.0
8,95,62,3,5,2,1,50.0
8,97,65,3,5,1,1,50.0
98,22,48,3,4,1,1,50.0
9,1,74,3,0,4,1,50.0
98,21,59,3,4,1,1,50.0
98,18,53,3,4,0,1,50.0
9,3,59,3,0,4,1,50.0
9,4,56,3,0,4,1,50.0
9,6,53,3,0,5,1,50.0
98,17,56,3,4,0,1,50.0
98,16,8,3,4,0,1,50.0
9,7,71,3,1,5,1,50.0
98,15,62,3,4,0,1,50.0
98,14,38,3,4,1,1,50.0
98,13,44,3,4,1,1,50.0
9,8,44,3,1,5,1,50.0
98,12,35,3,4,0,1,50.0
98,11,21,3,4,0,1,50.0
9,10,77,3,1,0,1,50.0
9,13,36,3,1,1,1,50.0
9,14,68,3,1,0,1,50.0
98,9,41,3,4,3,1,50.0
9,17,74,3,1,0,1,50.0
9,18,77,3,2,0,1,50.0
98,8,32,3,4,5,1,50.0
98,7,29,3,4,5,1,50.0
9,19,74,3,2,2,1,50.0
98,5,5,3,4,3,1,50.0
98,3,26,3,4,5,1,50.0
98,2,18,3,4,2,1,50.0
9,20,71,3,2,1,1,50.0
9,21,68,3,2,1,1,50.0
9,22,77,3,3,0,1,50.0
98,0,15,3,4,5,1,50.0
9,23,71,3,3,0,1,50.0
97,99,77,3,0,5,1,50.0
97,98,74,3,0,5,1,50.0
9,24,68,3,3,0,1,50.0
97,95,68,3,0,0,1,50.0
9,25,26,3,3,0,1,50.0
97,94,77,3,1,0,1,50.0
9,27,47,3,3,0,1,50.0
97,93,74,3,1,0,1,50.0
97,91,71,3,1,1,1,50.0
97,87,2,3,1,1,1,50.0
97,85,68,3,1,0,1,50.0
97,84,62,3,1,1,1,50.0
9,30,38,3,3,1,1,50.0
9,31,74,3,3,1,1,50.0
9,33,19,3,3,2,1,50.0
97,78,59,3,1,1,1,50.0
97,76,56,3,1,2,1,50.0
97,74,53,3,1,2,1,50.0
97,72,71,3,2,0,1,50.0
97,68,77,3,2,0,1,50.0
97,67,65,3,2,0,1,50.0
97,66,68,3,2,0,1,50.0
9,34,62,3,3,0,1,50.0
9,35,59,3,3,0,1,50.0
9,36,44,3,3,0,1,50.0
97,64,74,3,2,0,1,50.0
97,63,48,3,2,2,1,50.0
9,37,23,3,3,0,1,50.0
97,61,59,3,2,2,1,50.0
9,38,56,3,3,0,1,50.0
9,39,53,3,3,0,1,50.0
9,41,65,3,3,2,1,50.0
9,42,35,3,3,0,1,50.0
97,59,17,3,2,1,1,50.0
9,43,31,3,3,1,1,50.0
97,56,35,3,2,0,1,50.0
9,44,50,3,3,3,1,50.0
9,45,77,3,4,0,1,50.0
9,46,74,3,4,0,1,50.0
97,55,25,3,2,1,1,50.0
97,53,44,3,2,1,1,50.0
97,50,62,3,2,2,1,50.0
9,48,68,3,4,0,1,50.0
9,50,71,3,4,2,1,50.0
97,47,56,3,2,1,1,50.0
9,54,47,3,4,2,1,50.0
97,46,53,3,2,1,1,50.0
97,44,38,3,2,1,1,50.0
97,41,22,3,2,1,1,50.0
97,40,41,3,2,4,1,50.0
97,39,32,3,2,3,1,50.0
97,36,29,3,2,0,1,50.0
9,55,22,3,4,1,1,50.0
97,34,74,3,3,0,1,50.0
9,56,29,3,4,1,1,50.0
97,32,77,3,3,0,1,50.0
9,58,53,3,4,2,1,50.0
9,63,44,3,4,2,1,50.0
97,31,68,3,3,0,1,50.0
9,64,35,3,4,0,1,50.0
97,30,71,3,3,0,1,50.0
9,68,65,3,4,3,1,50.0
9,70,8,3,4,0,1,50.0
9,71,26,3,4,0,1,50.0
97,29,50,3,3,0,1,50.0
97,25,23,3,3,0,1,50.0
9,72,62,3,4,2,1,50.0
97,24,59,3,3,0,1,50.0
97,23,65,3,3,2,1,50.0
97,22,39,3,3,1,1,50.0
97,20,44,3,3,0,1,50.0
97,18,47,3,3,0,1,50.0
97,17,35,3,3,0,1,50.0
9,73,59,3,4,1,1,50.0
97,16,53,3,3,0,1,50.0
9,74,56,3,4,2,1,50.0
97,15,56,3,3,0,1,50.0
97,13,62,3,3,3,1,50.0
97,11,18,3,3,0,1,50.0
97,7,32,3,3,5,1,50.0
97,6,15,3,3,3,1,50.0
97,4,29,3,3,5,1,50.0
97,2,8,3,3,2,1,50.0
97,0,26,3,3,5,1,50.0
96,99,71,3,0,5,1,50.0
96,98,77,3,0,5,1,50.0
9,75,2,3,4,2,1,50.0
96,94,68,3,2,0,1,50.0
9,76,5,3,4,2,1,50.0
9,78,50,3,4,2,1,50.0
96,92,71,3,2,0,1,50.0
96,91,77,3,2,0,1,50.0
96,89,74,3,2,1,1,50.0
96,88,47,3,2,1,1,50.0
96,85,65,3,2,0,1,50.0
96,84,53,3,2,1,1,50.0
9,79,19,3,4,2,1,50.0
9,80,32,3,4,1,1,50.0
96,82,56,3,2,0,1,50.0
96,79,62,3,2,3,1,50.0
9,82,41,3,4,3,1,50.0
9,84,38,3,4,2,1,50.0
9,87,11,3,4,1,1,50.0
96,71,44,3,2,2,1,50.0
96,70,11,3,2,1,1,50.0
96,69,5,3,2,0,1,50.0
96,68,59,3,2,3,1,50.0
96,66,18,3,2,1,1,50.0
9,89,16,3,4,3,1,50.0
96,60,50,3,2,2,1,50.0
96,59,8,3,2,2,1,50.0
96,58,2,3,2,4,1,50.0
96,57,77,3,3,0,1,50.0
96,55,74,3,3,0,1,50.0
9,90,74,3,5,0,1,50.0
96,50,68,3,3,2,1,50.0
96,49,71,3,3,0,1,50.0
96,45,65,3,3,3,1,50.0
96,44,48,3,3,1,1,50.0
96,41,62,3,3,2,1,50.0
96,37,59,3,3,2,1,50.0
9,91,77,3,5,1,1,50.0
96,34,36,3,3,0,1,50.0
96,31,56,3,3,2,1,50.0
9,93,71,3,5,0,1,50.0
9,94,68,3,5,2,1,50.0
96,29,45,3,3,2,1,50.0
9,97,12,3,5,3,1,50.0
96,28,53,3,3,0,1,50.0
9,99,15,3,5,4,1,50.0
96,25,42,3,3,3,1,50.0
10,2,71,3,0,3,1,50.0
96,24,39,3,3,1,1,50.0
96,22,71,3,4,0,1,50.0
96,20,50,3,4,0,1,50.0
10,3,42,3,0,2,1,50.0
96,19,38,3,4,0,1,50.0
96,16,5,3,4,0,1,50.0
96,14,77,3,4,0,1,50.0
96,13,53,3,4,0,1,50.0
96,11,74,3,4,0,1,50.0
10,4,68,3,0,4,1,50.0
96,10,68,3,4,1,1,50.0
96,7,59,3,4,5,1,50.0
10,5,39,3,0,5,1,50.0
96,6,24,3,4,3,1,50.0
96,4,62,3,4,4,1,50.0
96,3,35,3,4,2,1,50.0
95,98,71,3,1,5,1,50.0
95,96,77,3,1,5,1,50.0
95,93,74,3,1,2,1,50.0
95,91,68,3,1,1,1,50.0
95,87,77,3,2,0,1,50.0
10,6,77,3,1,4,1,50.0
95,83,74,3,2,2,1,50.0
95,82,71,3,2,0,1,50.0
95,79,68,3,2,0,1,50.0
10,7,74,3,1,6,1,50.0
95,77,56,3,2,1,1,50.0
95,74,36,3,2,1,1,50.0
95,71,41,3,2,2,1,50.0
95,65,59,3,2,3,1,50.0
95,62,50,3,2,3,1,50.0
10,8,71,3,1,6,1,50.0
95,61,71,3,3,0,1,50.0
10,9,65,3,2,5,1,50.0
10,11,71,3,2,0,1,50.0
95,60,77,3,3,0,1,50.0
95,58,74,3,3,0,1,50.0
10,13,77,3,2,1,1,50.0
10,14,62,3,2,0,1,50.0
10,16,2,3,2,0,1,50.0
10,17,68,3,2,0,1,50.0
95,57,68,3,3,0,1,50.0
95,51,65,3,3,3,1,50.0
10,18,74,3,2,0,1,50.0
95,49,45,3,3,2,1,50.0
95,47,39,3,3,3,1,50.0
95,46,36,3,3,3,1,50.0
10,19,35,3,2,0,1,50.0
95,45,42,3,3,3,1,50.0
95,42,32,3,3,0,1,50.0
10,20,41,3,2,0,1,50.0
10,22,59,3,2,3,1,50.0
95,40,24,3,3,4,1,50.0
95,39,21,3,3,3,1,50.0
10,23,56,3,2,2,1,50.0
95,38,18,3,3,2,1,50.0
10,24,47,3,2,1,1,50.0
95,36,77,3,4,0,1,50.0
95,33,74,3,4,0,1,50.0
95,32,71,3,4,1,1,50.0
10,25,20,3,2,0,1,50.0
10,26,17,3,2,0,1,50.0
95,28,59,3,4,0,1,50.0
10,27,44,3,2,0,1,50.0
10,28,38,3,2,2,1,50.0
95,27,41,3,4,0,1,50.0
95,20,35,3,4,0,1,50.0
10,29,32,3,2,2,1,50.0
95,17,50,3,4,0,1,50.0
95,15,53,3,4,0,1,50.0
10,30,14,3,2,1,1,50.0
95,14,68,3,4,1,1,50.0
10,31,28,3,2,0,1,50.0
10,32,53,3,2,1,1,50.0
95,13,56,3,4,2,1,50.0
10,33,25,3,2,2,1,50.0
95,11,65,3,4,0,1,50.0
10,34,11,3,2,2,1,50.0
95,9,62,3,4,5,1,50.0
95,8,47,3,4,5,1,50.0
10,35,5,3,2,2,1,50.0
10,36,8,3,2,3,1,50.0
95,7,44,3,4,5,1,50.0
10,37,77,3,3,0,1,50.0
95,6,18,3,4,3,1,50.0
10,38,74,3,3,0,1,50.0
95,5,2,3,4,3,1,50.0
10,39,8,3,3,0,1,50.0
95,3,38,3,4,5,1,50.0
94,99,77,3,1,6,1,50.0
94,98,74,3,1,6,1,50.0
10,40,5,3,3,0,1,50.0
94,95,8,3,2,4,1,50.0
10,41,71,3,3,0,1,50.0
10,42,68,3,3,0,1,50.0
94,93,77,3,2,1,1,50.0
10,44,35,3,3,1,1,50.0
10,45,62,3,3,3,1,50.0
10,46,56,3,3,0,1,50.0
10,47,59,3,3,1,1,50.0
94,91,74,3,2,1,1,50.0
10,48,2,3,3,0,1,50.0
94,90,71,3,2,1,1,50.0
10,49,65,3,3,0,1,50.0
94,87,5,3,2,1,1,50.0
10,50,53,3,3,2,1,50.0
94,86,65,3,2,1,1,50.0
10,51,50,3,3,4,1,50.0
10,52,47,3,3,2,1,50.0
94,85,59,3,2,0,1,50.0
10,54,44,3,3,2,1,50.0
94,84,62,3,2,2,1,50.0
94,82,53,3,2,0,1,50.0
10,55,19,3,3,1,1,50.0
94,81,2,3,2,4,1,50.0
94,80,77,3,3,0,1,50.0
10,56,26,3,3,1,1,50.0
94,78,74,3,3,0,1,50.0
10,57,38,3,3,0,1,50.0
94,77,71,3,3,1,1,50.0
94,74,68,3,3,2,1,50.0
94,72,65,3,3,2,1,50.0
94,70,31,3,3,1,1,50.0
94,69,62,3,3,0,1,50.0
10,58,41,3,3,3,1,50.0
10,59,14,3,3,2,1,50.0
94,68,56,3,3,3,1,50.0
94,66,59,3,3,3,1,50.0
10,60,32,3,3,2,1,50.0
94,65,48,3,3,2,1,50.0
10,61,29,3,3,3,1,50.0
94,64,45,3,3,2,1,50.0
94,63,41,3,3,2,1,50.0
94,61,38,3,3,3,1,50.0
10,63,23,3,3,4,1,50.0
94,60,53,3,3,2,1,50.0
10,64,11,3,3,3,1,50.0
94,56,35,3,3,2,1,50.0
10,65,77,3,4,0,1,50.0
10,66,5,3,4,0,1,50.0
94,55,28,3,3,3,1,50.0
10,67,62,3,4,0,1,50.0
94,54,25,3,3,2,1,50.0
10,69,68,3,4,0,1,50.0
94,53,2,3,3,2,1,50.0
10,71,29,3,4,0,1,50.0
94,50,22,3,3,2,1,50.0
94,46,77,3,4,0,1,50.0
94,45,74,3,4,2,1,50.0
94,41,68,3,4,0,1,50.0
94,38,71,3,4,0,1,50.0
10,72,74,3,4,1,1,50.0
10,73,71,3,4,1,1,50.0
94,36,41,3,4,0,1,50.0
10,74,65,3,4,2,1,50.0
10,75,8,3,4,2,1,50.0
94,34,38,3,4,1,1,50.0
10,76,59,3,4,2,1,50.0
10,77,53,3,4,1,1,50.0
94,33,45,3,4,0,1,50.0
10,78,56,3,4,1,1,50.0
94,32,65,3,4,1,1,50.0
10,79,50,3,4,3,1,50.0
94,31,25,3,4,0,1,50.0
10,80,47,3,4,1,1,50.0
94,30,35,3,4,1,1,50.0
94,29,22,3,4,0,1,50.0
94,25,17,3,4,0,1,50.0
10,81,40,3,4,3,1,50.0
10,82,44,3,4,3,1,50.0
94,24,62,3,4,2,1,50.0
94,22,56,3,4,3,1,50.0
94,21,59,3,4,2,1,50.0
94,18,53,3,4,2,1,50.0
94,17,50,3,4,2,1,50.0
94,16,32,3,4,3,1,50.0
94,14,29,3,4,3,1,50.0
10,83,11,3,4,2,1,50.0
10,84,35,3,4,2,1,50.0
10,85,32,3,4,2,1,50.0
94,13,53,3,5,1,1,50.0
10,86,2,3,4,1,1,50.0
94,12,74,3,5,0,1,50.0
10,88,26,3,4,2,1,50.0
94,10,23,3,5,4,1,50.0
94,4,71,3,5,4,1,50.0
10,89,20,3,4,1,1,50.0
94,0,68,3,5,3,1,50.0
10,90,17,3,4,2,1,50.0
10,92,14,3,4,4,1,50.0
10,94,77,3,5,5,1,50.0
10,95,32,3,5,4,1,50.0
93,97,35,3,1,4,1,50.0
93,96,71,3,2,5,1,50.0
93,95,77,3,2,5,1,50.0
10,96,65,3,5,4,1,50.0
93,91,68,3,2,2,1,50.0
10,97,5,3,5,3,1,50.0
93,87,44,3,3,1,1,50.0
93,86,77,3,3,0,1,50.0
11,0,74,3,1,3,1,50.0
93,84,71,3,3,1,1,50.0
93,80,74,3,3,0,1,50.0
93,77,65,3,3,1,1,50.0
93,76,68,3,3,1,1,50.0
11,1,77,3,1,4,1,50.0
93,75,62,3,3,3,1,50.0
11,2,71,3,1,4,1,50.0
11,3,68,3,1,4,1,50.0
11,4,74,3,2,4,1,50.0
11,5,53,3,2,4,1,50.0
11,6,77,3,2,5,1,50.0
11,8,56,3,2,5,1,50.0
11,9,50,3,2,5,1,50.0
93,74,59,3,3,2,1,50.0
93,73,56,3,3,1,1,50.0
11,10,71,3,2,5,1,50.0
93,68,53,3,3,3,1,50.0
93,66,47,3,3,3,1,50.0
93,64,41,3,3,2,1,50.0
93,61,19,3,3,2,1,50.0
11,13,41,3,2,1,1,50.0
93,59,38,3,3,2,1,50.0
11,14,35,3,2,1,1,50.0
93,57,35,3,3,0,1,50.0
93,55,32,3,3,3,1,50.0
93,52,29,3,3,3,1,50.0
93,51,22,3,3,4,1,50.0
93,48,26,3,3,3,1,50.0
93,47,77,3,4,0,1,50.0
93,44,74,3,4,0,1,50.0
11,16,68,3,2,1,1,50.0
11,17,44,3,2,0,1,50.0
93,42,71,3,4,0,1,50.0
11,18,65,3,2,0,1,50.0
11,19,47,3,2,2,1,50.0
11,20,62,3,2,3,1,50.0
93,39,5,3,4,0,1,50.0
93,38,68,3,4,0,1,50.0
93,36,65,3,4,2,1,50.0
93,33,62,3,4,4,1,50.0
11,21,38,3,2,3,1,50.0
93,31,2,3,4,0,1,50.0
11,22,32,3,2,3,1,50.0
93,29,19,3,4,0,1,50.0
11,23,29,3,2,2,1,50.0
93,28,35,3,4,2,1,50.0
93,26,22,3,4,0,1,50.0
11,24,26,3,2,3,1,50.0
11,25,23,3,2,1,1,50.0
11,26,20,3,2,1,1,50.0
93,24,44,3,4,1,1,50.0
93,23,59,3,4,2,1,50.0
11,27,17,3,2,4,1,50.0
93,21,56,3,4,1,1,50.0
93,20,14,3,4,1,1,50.0
11,28,74,3,3,0,1,50.0
93,16,53,3,4,2,1,50.0
11,29,77,3,3,1,1,50.0
93,12,47,3,4,0,1,50.0
11,30,68,3,3,0,1,50.0
11,31,71,3,3,1,1,50.0
93,11,50,3,4,3,1,50.0
11,32,62,3,3,1,1,50.0
11,33,65,3,3,4,1,50.0
93,8,38,3,4,5,1,50.0
93,6,8,3,4,3,1,50.0
93,3,41,3,4,5,1,50.0
93,2,32,3,4,5,1,50.0
11,34,42,3,3,1,1,50.0
11,35,56,3,3,0,1,50.0
11,36,5,3,3,0,1,50.0
93,1,11,3,4,1,1,50.0
93,0,29,3,4,5,1,50.0
92,99,68,3,1,5,1,50.0
11,37,28,3,3,0,1,50.0
11,38,59,3,3,0,1,50.0
92,98,65,3,1,5,1,50.0
92,96,56,3,1,4,1,50.0
11,39,53,3,3,2,1,50.0
11,41,25,3,3,1,1,50.0
92,94,59,3,1,5,1,50.0
11,42,2,3,3,0,1,50.0
11,43,22,3,3,0,1,50.0
11,44,39,3,3,2,1,50.0
11,45,47,3,3,3,1,50.0
92,90,77,3,1,1,1,50.0
92,89,53,3,1,1,1,50.0
92,88,74,3,1,0,1,50.0
11,46,33,3,3,3,1,50.0
11,49,14,3,3,2,1,50.0
92,87,41,3,1,1,1,50.0
92,86,71,3,1,0,1,50.0
92,83,47,3,1,3,1,50.0
92,82,44,3,1,4,1,50.0
11,50,19,3,3,2,1,50.0
92,79,77,3,2,0,1,50.0
92,77,74,3,2,0,1,50.0
92,76,71,3,2,0,1,50.0
92,75,68,3,2,1,1,50.0
11,52,36,3,3,2,1,50.0
11,53,11,3,3,2,1,50.0
92,74,65,3,2,3,1,50.0
92,71,62,3,2,3,1,50.0
92,70,59,3,2,3,1,50.0
92,69,56,3,2,3,1,50.0
11,54,8,3,3,2,1,50.0
11,55,77,3,4,0,1,50.0
92,67,53,3,2,5,1,50.0
92,64,77,3,3,0,1,50.0
92,63,74,3,3,1,1,50.0
92,62,71,3,3,1,1,50.0
11,57,74,3,4,0,1,50.0
92,61,68,3,3,1,1,50.0
11,58,71,3,4,0,1,50.0
92,58,65,3,3,3,1,50.0
92,56,48,3,3,2,1,50.0
92,53,41,3,3,1,1,50.0
92,52,56,3,3,1,1,50.0
92,44,62,3,3,2,1,50.0
92,43,59,3,3,2,1,50.0
11,59,68,3,4,2,1,50.0
92,41,53,3,3,2,1,50.0
11,60,56,3,4,2,1,50.0
11,61,48,3,4,3,1,50.0
11,62,5,3,4,1,1,50.0
92,40,45,3,3,4,1,50.0
92,39,38,3,3,2,1,50.0
11,63,38,3,4,2,1,50.0
11,64,35,3,4,2,1,50.0
11,65,45,3,4,2,1,50.0
92,38,32,3,3,2,1,50.0
11,66,65,3,4,3,1,50.0
92,36,35,3,3,2,1,50.0
11,67,8,3,4,0,1,50.0
11,68,62,3,4,3,1,50.0
92,35,29,3,3,4,1,50.0
11,69,41,3,4,0,1,50.0
11,70,2,3,4,1,1,50.0
92,34,26,3,3,3,1,50.0
11,71,23,3,4,0,1,50.0
92,33,23,3,3,4,1,50.0
11,72,53,3,4,2,1,50.0
11,73,59,3,4,2,1,50.0
11,74,32,3,4,2,1,50.0
11,75,29,3,4,3,1,50.0
11,76,26,3,4,3,1,50.0
92,29,20,3,3,2,1,50.0
11,78,20,3,4,2,1,50.0
92,28,77,3,4,1,1,50.0
11,79,17,3,4,3,1,50.0
92,25,74,3,4,1,1,50.0
11,80,14,3,4,2,1,50.0
92,24,71,3,4,0,1,50.0
11,81,11,3,4,4,1,50.0
92,22,68,3,4,2,1,50.0
92,21,65,3,4,2,1,50.0
92,20,11,3,4,1,1,50.0
11,82,74,3,5,0,1,50.0
92,17,59,3,4,0,1,50.0
92,14,26,3,4,3,1,50.0
92,13,50,3,4,1,1,50.0
11,83,77,3,5,2,1,50.0
11,84,68,3,5,1,1,50.0
11,85,56,3,5,0,1,50.0
92,8,53,3,4,5,1,50.0
92,7,56,3,4,5,1,50.0
11,87,50,3,5,1,1,50.0
92,5,8,3,4,4,1,50.0
92,2,23,3,4,2,1,50.0
11,89,38,3,5,0,1,50.0
92,1,5,3,4,1,1,50.0
91,96,62,3,1,5,1,50.0
11,90,62,3,5,1,1,50.0
91,94,65,3,2,5,1,50.0
11,91,71,3,5,2,1,50.0
11,92,47,3,5,4,1,50.0
91,93,26,3,2,4,1,50.0
11,93,65,3,5,5,1,50.0
91,92,62,3,2,4,1,50.0
11,94,44,3,5,5,1,50.0
11,97,2,3,5,3,1,50.0
11,98,12,3,5,4,1,50.0
91,90,74,3,2,1,1,50.0
91,89,35,3,2,0,1,50.0
11,99,59,3,5,5,1,50.0
91,88,41,3,2,1,1,50.0
91,86,77,3,2,1,1,50.0
91,84,59,3,2,2,1,50.0
12,0,71,3,0,3,1,50.0
91,82,53,3,2,1,1,50.0
12,4,53,3,0,4,1,50.0
91,81,56,3,2,3,1,50.0
91,79,47,3,2,3,1,50.0
91,78,44,3,2,2,1,50.0
91,77,17,3,2,2,1,50.0
12,5,65,3,0,5,1,50.0
91,76,50,3,2,3,1,50.0
12,6,62,3,0,5,1,50.0
12,7,39,3,0,5,1,50.0
91,75,38,3,2,3,1,50.0
91,74,23,3,2,2,1,50.0
12,8,77,3,1,6,1,50.0
91,73,77,3,3,1,1,50.0
91,72,68,3,3,0,1,50.0
12,14,56,3,1,4,1,50.0
91,71,74,3,3,1,1,50.0
12,15,53,3,1,1,1,50.0
91,70,71,3,3,1,1,50.0
12,16,77,3,2,1,1,50.0
12,18,71,3,2,0,1,50.0
91,69,35,3,3,0,1,50.0
91,68,31,3,3,3,1,50.0
12,24,74,3,2,1,1,50.0
91,67,38,3,3,0,1,50.0
91,66,62,3,3,3,1,50.0
91,65,42,3,3,2,1,50.0
91,64,48,3,3,2,1,50.0
91,63,65,3,3,3,1,50.0
12,25,68,3,2,1,1,50.0
12,28,74,3,3,1,1,50.0
91,62,2,3,3,1,1,50.0
12,30,77,3,3,0,1,50.0
12,34,71,3,3,0,1,50.0
12,37,68,3,3,0,1,50.0
12,40,65,3,3,3,1,50.0
91,61,45,3,3,3,1,50.0
12,42,48,3,3,0,1,50.0
91,60,28,3,3,2,1,50.0
12,45,59,3,3,3,1,50.0
91,59,59,3,3,2,1,50.0
12,47,53,3,3,1,1,50.0
12,50,56,3,3,2,1,50.0
91,57,56,3,3,2,1,50.0
91,55,53,3,3,2,1,50.0
91,54,22,3,3,2,1,50.0
91,53,25,3,3,2,1,50.0
12,53,38,3,3,1,1,50.0
91,52,19,3,3,3,1,50.0
12,55,62,3,3,2,1,50.0
91,51,16,3,3,4,1,50.0
12,56,19,3,3,1,1,50.0
12,64,45,3,3,3,1,50.0
91,47,13,3,3,4,1,50.0
12,65,35,3,3,2,1,50.0
12,69,32,3,3,0,1,50.0
91,46,10,3,3,3,1,50.0
91,45,7,3,3,3,1,50.0
91,44,77,3,4,1,1,50.0
91,42,42,3,4,0,1,50.0
12,72,42,3,3,3,1,50.0
12,74,29,3,3,3,1,50.0
12,75,26,3,3,3,1,50.0
91,39,74,3,4,1,1,50.0
12,76,23,3,3,4,1,50.0
91,38,53,3,4,0,1,50.0
12,82,68,3,4,0,1,50.0
12,84,77,3,4,1,1,50.0
91,37,71,3,4,0,1,50.0
12,87,38,3,4,1,1,50.0
91,36,68,3,4,0,1,50.0
12,90,59,3,4,1,1,50.0
91,34,35,3,4,1,1,50.0
91,29,48,3,4,2,1,50.0
12,91,65,3,4,4,1,50.0
91,28,62,3,4,3,1,50.0
12,92,44,3,4,4,1,50.0
13,0,77,3,2,4,1,50.0
91,27,39,3,4,1,1,50.0
91,26,28,3,4,1,1,50.0
91,25,45,3,4,1,1,50.0
13,1,53,3,2,4,1,50.0
91,23,25,3,4,2,1,50.0
13,3,77,3,3,3,1,50.0
91,22,20,3,4,3,1,50.0
13,4,59,3,3,4,1,50.0
91,20,8,3,4,1,1,50.0
13,5,74,3,3,5,1,50.0
91,18,59,3,4,0,1,50.0
13,8,50,3,3,5,1,50.0
91,17,56,3,4,2,1,50.0
13,9,56,3,3,5,1,50.0
13,10,68,3,3,5,1,50.0
91,16,17,3,4,3,1,50.0
13,14,71,3,3,0,1,50.0
91,13,32,3,4,3,1,50.0
91,12,14,3,4,4,1,50.0
91,10,11,3,4,5,1,50.0
13,15,47,3,3,0,1,50.0
13,17,41,3,3,0,1,50.0
91,9,5,3,4,5,1,50.0
91,8,2,3,4,5,1,50.0
91,5,14,3,5,4,1,50.0
13,18,44,3,3,2,1,50.0
91,4,77,3,5,5,1,50.0
13,19,53,3,3,1,1,50.0
13,20,65,3,3,3,1,50.0
91,3,71,3,5,3,1,50.0
91,2,5,3,5,2,1,50.0
91,1,2,3,5,1,1,50.0
13,21,35,3,3,3,1,50.0
91,0,74,3,5,4,1,50.0
13,22,38,3,3,3,1,50.0
13,24,29,3,3,3,1,50.0
90,99,56,3,1,5,1,50.0
90,98,53,3,1,5,1,50.0
90,96,27,3,2,4,1,50.0
13,25,20,3,3,1,1,50.0
13,26,25,3,3,1,1,50.0
90,95,24,3,2,4,1,50.0
90,94,39,3,2,5,1,50.0
13,27,17,3,3,5,1,50.0
90,93,77,3,2,5,1,50.0
13,28,71,3,4,1,1,50.0
13,31,77,3,4,0,1,50.0
13,32,74,3,4,0,1,50.0
90,92,36,3,2,4,1,50.0
13,33,68,3,4,0,1,50.0
90,91,21,3,2,5,1,50.0
90,88,14,3,2,3,1,50.0
90,87,8,3,2,1,1,50.0
90,86,11,3,2,2,1,50.0
90,85,5,3,2,3,1,50.0
90,84,2,3,2,3,1,50.0
13,37,20,3,4,0,1,50.0
13,39,65,3,4,2,1,50.0
90,82,77,3,3,1,1,50.0
13,40,2,3,4,0,1,50.0
90,81,74,3,3,0,1,50.0
90,80,71,3,3,0,1,50.0
90,79,53,3,3,0,1,50.0
13,41,59,3,4,2,1,50.0
13,42,29,3,4,0,1,50.0
90,78,31,3,3,1,1,50.0
90,77,62,3,3,1,1,50.0
13,43,17,3,4,0,1,50.0
13,44,42,3,4,2,1,50.0
90,76,68,3,3,2,1,50.0
90,75,56,3,3,3,1,50.0
13,50,50,3,4,2,1,50.0
90,74,50,3,3,2,1,50.0
13,51,62,3,4,3,1,50.0
90,73,65,3,3,1,1,50.0
13,52,56,3,4,2,1,50.0
13,53,35,3,4,1,1,50.0
90,72,11,3,3,2,1,50.0
90,71,47,3,3,2,1,50.0
13,55,47,3,4,2,1,50.0
13,56,39,3,4,2,1,50.0
90,70,8,3,3,1,1,50.0
90,69,2,3,3,0,1,50.0
90,68,28,3,3,3,1,50.0
13,57,53,3,4,2,1,50.0
90,67,35,3,3,0,1,50.0
90,66,44,3,3,3,1,50.0
90,64,38,3,3,2,1,50.0
90,63,59,3,3,3,1,50.0
90,62,41,3,3,2,1,50.0
13,58,32,3,4,3,1,50.0
13,59,11,3,4,2,1,50.0
90,61,25,3,3,3,1,50.0
13,60,25,3,4,2,1,50.0
90,60,22,3,3,2,1,50.0
13,61,14,3,4,4,1,50.0
13,62,8,3,4,5,1,50.0
90,59,5,3,3,2,1,50.0
90,58,19,3,3,3,1,50.0
90,56,16,3,3,4,1,50.0
90,55,71,3,4,0,1,50.0
13,64,5,3,4,3,1,50.0
90,54,77,3,4,0,1,50.0
90,52,74,3,4,0,1,50.0
13,65,74,3,5,0,1,50.0
13,67,5,3,5,0,1,50.0
90,51,2,3,4,0,1,50.0
13,68,71,3,5,0,1,50.0
90,50,65,3,4,2,1,50.0
13,70,77,3,5,0,1,50.0
90,49,53,3,4,0,1,50.0
90,48,59,3,4,0,1,50.0
90,47,68,3,4,2,1,50.0
90,46,56,3,4,1,1,50.0
90,44,36,3,4,2,1,50.0
90,43,11,3,4,1,1,50.0
90,42,26,3,4,0,1,50.0
90,41,31,3,4,2,1,50.0
13,76,53,3,5,2,1,50.0
90,40,14,3,4,3,1,50.0
13,78,28,3,5,1,1,50.0
90,39,62,3,4,2,1,50.0
90,38,48,3,4,2,1,50.0
90,37,45,3,4,2,1,50.0
13,80,68,3,5,0,1,50.0
90,32,42,3,4,1,1,50.0
90,31,39,3,4,2,1,50.0
13,81,59,3,5,1,1,50.0
90,30,5,3,4,1,1,50.0
90,27,8,3,4,3,1,50.0
90,26,17,3,4,1,1,50.0
90,25,23,3,4,3,1,50.0
90,24,20,3,4,3,1,50.0
90,21,77,3,5,0,1,50.0
90,20,74,3,5,1,1,50.0
90,19,14,3,5,0,1,50.0
90,17,71,3,5,1,1,50.0
90,16,56,3,5,2,1,50.0
13,83,65,3,5,2,1,50.0
13,85,47,3,5,2,1,50.0
90,15,44,3,5,0,1,50.0
13,86,35,3,5,0,1,50.0
13,87,32,3,5,1,1,50.0
13,88,38,3,5,1,1,50.0
90,13,62,3,5,5,1,50.0
90,12,53,3,5,4,1,50.0
13,89,56,3,5,1,1,50.0
13,90,50,3,5,5,1,50.0
90,9,59,3,5,5,1,50.0
90,8,35,3,5,5,1,50.0
13,93,44,3,5,5,1,50.0
13,94,20,3,5,5,1,50.0
90,7,68,3,5,5,1,50.0
90,4,26,3,5,5,1,50.0
90,3,65,3,5,4,1,50.0
13,96,41,3,5,4,1,50.0
13,97,25,3,5,4,1,50.0
90,1,41,3,5,3,1,50.0
89,99,65,3,1,5,1,50.0
89,98,68,3,1,5,1,50.0
13,98,2,3,5,4,1,50.0
89,97,77,3,1,4,1,50.0
89,96,47,3,1,4,1,50.0
89,94,62,3,1,5,1,50.0
89,93,59,3,1,5,1,50.0
89,92,41,3,1,4,1,50.0
13,99,17,3,5,5,1,50.0
89,91,50,3,1,5,1,50.0
89,90,38,3,1,5,1,50.0
14,1,59,3,0,4,1,50.0
89,87,35,3,1,1,1,50.0
89,86,32,3,1,2,1,50.0
89,85,44,3,1,2,1,50.0
89,84,29,3,1,2,1,50.0
14,2,77,3,1,3,1,50.0
89,83,26,3,1,3,1,50.0
89,81,23,3,1,3,1,50.0
14,8,74,3,1,6,1,50.0
14,16,71,3,1,1,1,50.0
89,80,17,3,1,3,1,50.0
89,79,74,3,2,0,1,50.0
89,78,77,3,2,0,1,50.0
14,17,77,3,2,0,1,50.0
14,20,68,3,2,1,1,50.0
14,30,74,3,2,3,1,50.0
89,77,71,3,2,2,1,50.0
14,31,71,3,2,2,1,50.0
14,33,71,3,3,0,1,50.0
89,76,47,3,2,2,1,50.0
89,75,68,3,2,3,1,50.0
89,74,44,3,2,2,1,50.0
14,37,74,3,3,0,1,50.0
89,73,62,3,2,1,1,50.0
14,39,77,3,3,1,1,50.0
89,71,38,3,2,2,1,50.0
14,40,68,3,3,1,1,50.0
89,70,65,3,2,3,1,50.0
14,41,23,3,3,2,1,50.0
89,69,59,3,2,3,1,50.0
14,42,20,3,3,3,1,50.0
14,43,17,3,3,2,1,50.0
89,68,25,3,2,3,1,50.0
89,67,41,3,2,3,1,50.0
89,63,56,3,2,3,1,50.0
14,44,74,3,4,1,1,50.0
89,62,35,3,2,2,1,50.0
14,45,77,3,4,1,1,50.0
14,46,71,3,4,2,1,50.0
89,61,32,3,2,3,1,50.0
89,60,19,3,2,2,1,50.0
89,59,53,3,2,2,1,50.0
89,58,50,3,2,3,1,50.0
14,47,65,3,4,2,1,50.0
89,56,29,3,2,4,1,50.0
89,55,22,3,2,3,1,50.0
14,48,39,3,4,1,1,50.0
14,50,59,3,4,2,1,50.0
14,51,68,3,4,1,1,50.0
89,54,74,3,3,0,1,50.0
14,53,62,3,4,2,1,50.0
89,53,77,3,3,0,1,50.0
14,54,36,3,4,2,1,50.0
14,55,50,3,4,2,1,50.0
89,49,71,3,3,1,1,50.0
89,47,62,3,3,2,1,50.0
89,46,68,3,3,2,1,50.0
89,45,56,3,3,3,1,50.0
89,44,65,3,3,2,1,50.0
89,43,8,3,3,1,1,50.0
89,42,59,3,3,1,1,50.0
89,41,2,3,3,1,1,50.0
89,39,50,3,3,2,1,50.0
89,38,53,3,3,1,1,50.0
14,57,47,3,4,2,1,50.0
89,37,42,3,3,2,1,50.0
14,59,44,3,4,2,1,50.0
89,36,47,3,3,2,1,50.0
14,60,53,3,4,3,1,50.0
14,71,33,3,4,3,1,50.0
89,34,39,3,3,2,1,50.0
14,72,8,3,4,2,1,50.0
14,74,20,3,4,2,1,50.0
14,81,17,3,4,3,1,50.0
89,33,36,3,3,4,1,50.0
14,84,26,3,4,2,1,50.0
14,85,23,3,4,2,1,50.0
89,31,33,3,3,2,1,50.0
89,29,29,3,3,2,1,50.0
14,88,30,3,4,2,1,50.0
14,92,2,3,4,4,1,50.0
14,93,14,3,4,5,1,50.0
14,94,11,3,4,5,1,50.0
89,27,13,3,3,3,1,50.0
89,26,26,3,3,3,1,50.0
89,24,23,3,3,3,1,50.0
14,95,5,3,4,4,1,50.0
89,23,5,3,3,2,1,50.0
89,22,20,3,3,4,1,50.0
89,21,74,3,4,0,1,50.0
89,20,77,3,4,1,1,50.0
14,96,44,3,5,4,1,50.0
14,98,62,3,5,5,1,50.0
14,99,2,3,5,4,1,50.0
15,1,22,3,0,4,1,50.0
89,17,68,3,4,1,1,50.0
15,5,11,3,0,4,1,50.0
89,16,71,3,4,3,1,50.0
89,15,19,3,4,0,1,50.0
89,14,65,3,4,5,1,50.0
15,6,2,3,0,3,1,50.0
89,13,14,3,4,5,1,50.0
89,12,62,3,4,4,1,50.0
89,11,53,3,4,5,1,50.0
15,8,8,3,0,5,1,50.0
89,9,47,3,4,5,1,50.0
89,7,50,3,4,5,1,50.0
15,9,77,3,0,6,1,50.0
89,6,59,3,4,5,1,50.0
89,5,5,3,4,4,1,50.0
89,4,56,3,4,6,1,50.0
89,3,44,3,4,5,1,50.0
15,10,74,3,0,5,1,50.0
15,12,5,3,0,4,1,50.0
89,2,2,3,4,2,1,50.0
89,1,38,3,4,3,1,50.0
15,13,77,3,1,6,1,50.0
88,99,35,3,1,5,1,50.0
15,22,50,3,1,3,1,50.0
88,98,71,3,1,6,1,50.0
15,23,56,3,1,3,1,50.0
88,97,74,3,1,4,1,50.0
15,25,47,3,1,3,1,50.0
15,27,36,3,1,1,1,50.0
88,96,21,3,2,4,1,50.0
88,95,74,3,2,5,1,50.0
15,29,44,3,1,3,1,50.0
88,94,56,3,2,5,1,50.0
15,30,77,3,2,1,1,50.0
88,93,71,3,2,5,1,50.0
15,31,68,3,2,1,1,50.0
88,92,33,3,2,4,1,50.0
15,34,74,3,2,2,1,50.0
15,35,71,3,2,0,1,50.0
88,91,68,3,2,5,1,50.0
88,89,77,3,2,5,1,50.0
88,87,65,3,2,3,1,50.0
88,85,36,3,2,2,1,50.0
88,83,62,3,2,2,1,50.0
15,36,71,3,3,0,1,50.0
15,41,77,3,3,1,1,50.0
88,82,59,3,2,2,1,50.0
15,43,74,3,3,0,1,50.0
15,45,68,3,3,2,1,50.0
88,80,18,3,2,4,1,50.0
15,46,65,3,3,2,1,50.0
88,79,71,3,3,0,1,50.0
15,50,62,3,3,3,1,50.0
88,78,77,3,3,1,1,50.0
15,56,59,3,3,4,1,50.0
88,77,74,3,3,1,1,50.0
15,57,56,3,3,3,1,50.0
15,60,14,3,3,3,1,50.0
88,74,47,3,3,2,1,50.0
88,73,68,3,3,1,1,50.0
88,68,22,3,3,3,1,50.0
15,62,53,3,3,3,1,50.0
15,63,11,3,3,4,1,50.0
88,67,65,3,3,3,1,50.0
88,66,56,3,3,3,1,50.0
15,64,8,3,3,3,1,50.0
88,65,39,3,3,2,1,50.0
88,64,62,3,3,3,1,50.0
15,65,5,3,3,2,1,50.0
15,66,2,3,3,3,1,50.0
15,67,77,3,4,1,1,50.0
88,63,53,3,3,3,1,50.0
88,60,44,3,3,2,1,50.0
88,59,50,3,3,2,1,50.0
15,70,74,3,4,0,1,50.0
15,71,71,3,4,1,1,50.0
88,58,59,3,3,3,1,50.0
15,72,68,3,4,2,1,50.0
15,74,41,3,4,2,1,50.0
15,76,2,3,4,2,1,50.0
15,77,65,3,4,2,1,50.0
88,55,36,3,3,2,1,50.0
88,52,33,3,3,3,1,50.0
88,51,30,3,3,4,1,50.0
15,79,59,3,4,3,1,50.0
15,85,54,3,4,2,1,50.0
88,50,25,3,3,2,1,50.0
88,49,8,3,3,2,1,50.0
88,48,19,3,3,3,1,50.0
88,47,5,3,3,4,1,50.0
15,86,62,3,4,1,1,50.0
15,87,51,3,4,3,1,50.0
88,46,2,3,3,3,1,50.0
15,93,48,3,4,5,1,50.0
15,95,29,3,4,4,1,50.0
88,44,68,3,4,1,1,50.0
88,43,77,3,4,1,1,50.0
88,42,38,3,4,1,1,50.0
88,41,74,3,4,1,1,50.0
88,40,71,3,4,1,1,50.0
88,39,59,3,4,2,1,50.0
15,96,32,3,4,4,1,50.0
88,38,45,3,4,2,1,50.0
88,37,65,3,4,2,1,50.0
88,35,53,3,4,0,1,50.0
16,1,77,3,2,5,1,50.0
88,34,62,3,4,2,1,50.0
16,3,77,3,3,4,1,50.0
88,32,56,3,4,1,1,50.0
88,31,50,3,4,2,1,50.0
16,5,2,3,3,4,1,50.0
16,10,62,3,3,5,1,50.0
88,30,11,3,4,1,1,50.0
88,29,42,3,4,2,1,50.0
88,28,35,3,4,3,1,50.0
16,11,41,3,3,5,1,50.0
16,14,74,3,3,5,1,50.0
88,27,5,3,4,3,1,50.0
16,15,45,3,3,4,1,50.0
88,26,32,3,4,3,1,50.0
88,25,17,3,4,1,1,50.0
16,19,11,3,3,0,1,50.0
88,24,14,3,4,3,1,50.0
88,23,8,3,4,2,1,50.0
16,21,68,3,3,2,1,50.0
88,21,29,3,4,3,1,50.0
88,20,2,3,4,1,1,50.0
16,23,53,3,3,2,1,50.0
88,18,26,3,4,3,1,50.0
88,17,23,3,4,2,1,50.0
88,16,20,3,4,3,1,50.0
16,26,65,3,3,1,1,50.0
16,27,59,3,3,2,1,50.0
88,15,38,3,5,4,1,50.0
88,14,77,3,5,5,1,50.0
88,13,11,3,5,5,1,50.0
16,29,38,3,3,2,1,50.0
88,11,35,3,5,5,1,50.0
88,9,53,3,5,5,1,50.0
88,8,59,3,5,5,1,50.0
16,34,56,3,3,2,1,50.0
88,7,47,3,5,5,1,50.0
88,5,71,3,5,5,1,50.0
16,35,48,3,3,2,1,50.0
88,4,74,3,5,5,1,50.0
88,3,62,3,5,4,1,50.0
88,0,68,3,5,4,1,50.0
16,37,35,3,3,2,1,50.0
16,38,29,3,3,2,1,50.0
16,40,8,3,3,3,1,50.0
16,41,26,3,3,2,1,50.0
16,50,14,3,3,3,1,50.0
16,51,5,3,3,4,1,50.0
16,54,23,3,3,3,1,50.0
87,99,74,3,2,6,1,50.0
87,96,68,3,2,5,1,50.0
87,95,71,3,2,5,1,50.0
87,92,77,3,2,5,1,50.0
16,57,71,3,4,0,1,50.0
16,58,68,3,4,0,1,50.0
87,91,62,3,3,5,1,50.0
87,89,41,3,3,4,1,50.0
87,88,56,3,3,5,1,50.0
16,59,77,3,4,0,1,50.0
87,85,77,3,3,0,1,50.0
16,64,74,3,4,2,1,50.0
16,65,14,3,4,2,1,50.0
87,84,74,3,3,2,1,50.0
16,66,53,3,4,3,1,50.0
87,81,71,3,3,0,1,50.0
16,68,65,3,4,4,1,50.0
87,80,68,3,3,1,1,50.0
16,70,5,3,4,1,1,50.0
87,79,38,3,3,3,1,50.0
16,72,56,3,4,2,1,50.0
16,73,35,3,4,1,1,50.0
87,78,5,3,3,1,1,50.0
87,77,59,3,3,2,1,50.0
87,76,47,3,3,3,1,50.0
87,74,35,3,3,2,1,50.0
87,72,2,3,3,2,1,50.0
87,71,44,3,3,3,1,50.0
87,69,14,3,3,3,1,50.0
16,76,62,3,4,3,1,50.0
87,68,31,3,3,4,1,50.0
87,64,20,3,3,3,1,50.0
87,61,17,3,3,3,1,50.0
87,57,28,3,3,3,1,50.0
16,78,25,3,4,1,1,50.0
87,55,11,3,3,3,1,50.0
87,52,8,3,3,3,1,50.0
87,51,77,3,4,0,1,50.0
87,50,74,3,4,2,1,50.0
16,80,59,3,4,1,1,50.0
87,49,68,3,4,1,1,50.0
87,48,36,3,4,1,1,50.0
16,83,8,3,4,2,1,50.0
16,84,50,3,4,2,1,50.0
16,86,47,3,4,1,1,50.0
16,87,44,3,4,4,1,50.0
87,47,71,3,4,0,1,50.0
16,93,41,3,4,5,1,50.0
87,45,53,3,4,3,1,50.0
16,94,32,3,4,5,1,50.0
87,44,25,3,4,2,1,50.0
87,42,65,3,4,2,1,50.0
16,98,38,3,4,5,1,50.0
87,41,56,3,4,2,1,50.0
87,38,41,3,4,2,1,50.0
87,37,62,3,4,2,1,50.0
87,35,11,3,4,2,1,50.0
87,34,59,3,4,2,1,50.0
16,99,29,3,4,5,1,50.0
17,0,77,3,1,5,1,50.0
17,1,74,3,1,5,1,50.0
87,32,50,3,4,1,1,50.0
17,2,77,3,2,4,1,50.0
17,3,74,3,2,4,1,50.0
17,4,71,3,2,5,1,50.0
87,29,17,3,4,2,1,50.0
87,26,47,3,4,3,1,50.0
17,5,68,3,2,5,1,50.0
87,25,33,3,4,3,1,50.0
87,20,30,3,4,3,1,50.0
17,7,53,3,2,5,1,50.0
87,18,22,3,4,3,1,50.0
87,17,14,3,4,3,1,50.0
87,16,2,3,4,4,1,50.0
87,11,8,3,4,5,1,50.0
87,9,5,3,4,6,1,50.0
17,9,44,3,2,5,1,50.0
87,5,77,3,5,5,1,50.0
87,3,71,3,5,4,1,50.0
17,10,59,3,2,5,1,50.0
17,12,47,3,2,4,1,50.0
87,1,35,3,5,3,1,50.0
86,99,53,3,1,5,1,50.0
17,13,65,3,2,6,1,50.0
86,98,59,3,1,5,1,50.0
86,97,71,3,1,4,1,50.0
17,15,35,3,2,4,1,50.0
86,96,8,3,1,4,1,50.0
17,16,20,3,2,4,1,50.0
17,18,41,3,2,2,1,50.0
86,95,68,3,1,5,1,50.0
17,19,38,3,2,2,1,50.0
86,94,50,3,1,5,1,50.0
86,93,74,3,1,5,1,50.0
17,20,27,3,2,3,1,50.0
86,91,56,3,1,5,1,50.0
86,90,29,3,2,5,1,50.0
17,21,62,3,2,2,1,50.0
86,89,35,3,2,4,1,50.0
86,88,65,3,2,5,1,50.0
17,22,17,3,2,3,1,50.0
86,87,74,3,2,5,1,50.0
17,23,32,3,2,3,1,50.0
86,85,77,3,2,1,1,50.0
86,84,71,3,2,2,1,50.0
86,83,59,3,2,2,1,50.0
86,82,68,3,2,2,1,50.0
86,81,62,3,2,3,1,50.0
17,24,77,3,3,0,1,50.0
17,25,71,3,3,1,1,50.0
17,26,68,3,3,0,1,50.0
17,27,42,3,3,1,1,50.0
86,80,23,3,2,1,1,50.0
86,77,56,3,2,2,1,50.0
86,76,5,3,2,3,1,50.0
86,73,19,3,2,2,1,50.0
17,28,74,3,3,3,1,50.0
17,29,35,3,3,2,1,50.0
17,30,2,3,3,1,1,50.0
86,72,16,3,2,4,1,50.0
86,71,8,3,2,3,1,50.0
17,31,65,3,3,2,1,50.0
17,32,59,3,3,1,1,50.0
17,33,56,3,3,4,1,50.0
17,35,45,3,3,2,1,50.0
86,70,2,3,2,4,1,50.0
86,69,77,3,3,1,1,50.0
17,37,53,3,3,2,1,50.0
17,38,38,3,3,2,1,50.0
86,68,74,3,3,0,1,50.0
17,39,62,3,3,3,1,50.0
86,67,71,3,3,1,1,50.0
17,40,11,3,3,3,1,50.0
86,66,68,3,3,2,1,50.0
86,65,11,3,3,2,1,50.0
17,41,17,3,3,2,1,50.0
17,42,50,3,3,2,1,50.0
17,43,5,3,3,1,1,50.0
86,64,65,3,3,3,1,50.0
17,44,22,3,3,2,1,50.0
17,45,32,3,3,4,1,50.0
86,63,62,3,3,3,1,50.0
17,46,29,3,3,3,1,50.0
86,61,42,3,3,3,1,50.0
86,60,39,3,3,2,1,50.0
86,59,56,3,3,2,1,50.0
17,47,26,3,3,3,1,50.0
86,58,53,3,3,3,1,50.0
86,57,59,3,3,2,1,50.0
17,48,8,3,3,4,1,50.0
17,49,77,3,4,0,1,50.0
86,56,45,3,3,2,1,50.0
17,50,74,3,4,3,1,50.0
17,52,59,3,4,2,1,50.0
86,55,50,3,3,3,1,50.0
86,53,36,3,3,2,1,50.0
17,53,71,3,4,1,1,50.0
17,55,68,3,4,2,1,50.0
86,52,26,3,3,3,1,50.0
17,56,42,3,4,2,1,50.0
86,51,33,3,3,4,1,50.0
17,58,62,3,4,3,1,50.0
17,59,65,3,4,2,1,50.0
17,60,36,3,4,2,1,50.0
86,50,8,3,3,3,1,50.0
17,61,22,3,4,3,1,50.0
86,49,5,3,3,2,1,50.0
86,48,30,3,3,3,1,50.0
17,62,48,3,4,2,1,50.0
86,47,23,3,3,3,1,50.0
86,46,20,3,3,3,1,50.0
17,63,56,3,4,4,1,50.0
86,45,2,3,3,3,1,50.0
17,65,8,3,4,2,1,50.0
17,66,39,3,4,3,1,50.0
86,44,17,3,3,2,1,50.0
86,43,14,3,3,3,1,50.0
17,67,45,3,4,3,1,50.0
17,68,53,3,4,4,1,50.0
17,69,11,3,4,3,1,50.0
86,42,35,3,4,1,1,50.0
17,70,33,3,4,4,1,50.0
17,71,30,3,4,3,1,50.0
86,40,77,3,4,1,1,50.0
86,39,71,3,4,1,1,50.0
17,73,16,3,4,2,1,50.0
86,38,74,3,4,1,1,50.0
17,74,5,3,4,2,1,50.0
86,37,68,3,4,1,1,50.0
86,36,62,3,4,2,1,50.0
17,75,19,3,4,3,1,50.0
86,35,42,3,4,2,1,50.0
86,34,65,3,4,2,1,50.0
86,33,59,3,4,4,1,50.0
86,32,56,3,4,2,1,50.0
17,76,2,3,4,3,1,50.0
86,31,47,3,4,2,1,50.0
86,29,26,3,4,2,1,50.0
86,28,53,3,4,3,1,50.0
86,27,50,3,4,3,1,50.0
17,77,27,3,4,3,1,50.0
17,78,74,3,5,1,1,50.0
17,80,77,3,5,1,1,50.0
86,26,39,3,4,3,1,50.0
86,25,30,3,4,3,1,50.0
17,81,68,3,5,0,1,50.0
86,24,17,3,4,3,1,50.0
86,23,14,3,4,2,1,50.0
17,82,71,3,5,2,1,50.0
17,83,56,3,5,2,1,50.0
86,22,11,3,4,3,1,50.0
17,84,65,3,5,1,1,50.0
86,21,23,3,4,3,1,50.0
17,85,41,3,5,2,1,50.0
86,20,20,3,4,3,1,50.0
17,87,62,3,5,5,1,50.0
17,88,50,3,5,5,1,50.0
86,18,8,3,4,3,1,50.0
17,89,32,3,5,4,1,50.0
86,17,5,3,4,5,1,50.0
86,16,2,3,4,5,1,50.0
86,14,71,3,5,5,1,50.0
86,13,8,3,5,5,1,50.0
17,90,47,3,5,5,1,50.0
86,12,74,3,5,4,1,50.0
17,91,59,3,5,5,1,50.0
86,11,32,3,5,5,1,50.0
86,10,56,3,5,5,1,50.0
17,92,29,3,5,4,1,50.0
17,93,53,3,5,5,1,50.0
86,8,29,3,5,5,1,50.0
86,7,26,3,5,5,1,50.0
86,6,68,3,5,5,1,50.0
17,95,21,3,5,4,1,50.0
86,5,62,3,5,5,1,50.0
17,96,18,3,5,4,1,50.0
86,4,18,3,5,5,1,50.0
17,97,44,3,5,4,1,50.0
17,98,35,3,5,5,1,50.0
86,3,53,3,5,4,1,50.0
17,99,38,3,5,5,1,50.0
86,2,15,3,5,2,1,50.0
18,0,71,3,1,4,1,50.0
86,1,65,3,5,4,1,50.0
86,0,59,3,5,5,1,50.0
18,2,68,3,1,4,1,50.0
18,3,77,3,1,5,1,50.0
18,5,74,3,1,6,1,50.0
18,6,74,3,2,4,1,50.0
18,8,50,3,2,6,1,50.0
18,9,38,3,2,5,1,50.0
85,99,71,3,1,6,1,50.0
18,10,47,3,2,5,1,50.0
85,98,68,3,1,6,1,50.0
18,12,35,3,2,4,1,50.0
18,14,77,3,2,6,1,50.0
18,16,17,3,3,4,1,50.0
18,17,14,3,3,5,1,50.0
18,19,5,3,3,0,1,50.0
85,97,74,3,0,5,1,50.0
85,95,74,3,1,6,1,50.0
85,93,26,3,2,5,1,50.0
18,21,77,3,3,1,1,50.0
18,22,74,3,3,1,1,50.0
85,87,77,3,2,6,1,50.0
85,84,74,3,2,3,1,50.0
85,83,71,3,3,2,1,50.0
85,81,77,3,3,0,1,50.0
85,75,74,3,3,3,1,50.0
18,24,71,3,3,1,1,50.0
85,71,68,3,3,1,1,50.0
18,26,68,3,3,1,1,50.0
85,69,65,3,3,3,1,50.0
18,27,65,3,3,2,1,50.0
18,28,59,3,3,3,1,50.0
85,68,62,3,3,4,1,50.0
85,65,2,3,3,2,1,50.0
85,62,38,3,3,2,1,50.0
85,61,35,3,3,3,1,50.0
85,53,59,3,3,2,1,50.0
85,52,53,3,3,2,1,50.0
85,51,56,3,3,3,1,50.0
18,29,62,3,3,3,1,50.0
85,49,42,3,3,2,1,50.0
85,46,50,3,3,3,1,50.0
18,30,56,3,3,2,1,50.0
85,45,11,3,3,3,1,50.0
85,44,14,3,3,2,1,50.0
85,43,31,3,3,2,1,50.0
18,31,44,3,3,2,1,50.0
85,41,47,3,3,3,1,50.0
85,40,21,3,3,4,1,50.0
18,32,36,3,3,1,1,50.0
85,39,28,3,3,3,1,50.0
18,33,53,3,3,4,1,50.0
18,34,50,3,3,2,1,50.0
18,35,39,3,3,2,1,50.0
18,36,47,3,3,3,1,50.0
18,37,2,3,3,2,1,50.0
85,38,8,3,3,2,1,50.0
85,37,25,3,3,3,1,50.0
85,35,18,3,3,4,1,50.0
18,38,11,3,3,2,1,50.0
18,39,33,3,3,4,1,50.0
85,30,59,3,4,2,1,50.0
85,29,74,3,4,0,1,50.0
85,27,77,3,4,2,1,50.0
85,25,48,3,4,1,1,50.0
85,24,68,3,4,1,1,50.0
85,23,71,3,4,1,1,50.0
18,40,30,3,3,5,1,50.0
85,19,2,3,4,0,1,50.0
85,11,29,3,4,5,1,50.0
85,10,53,3,4,5,1,50.0
18,41,71,3,4,1,1,50.0
85,9,41,3,4,5,1,50.0
18,42,77,3,4,2,1,50.0
85,6,65,3,4,5,1,50.0
85,4,62,3,4,6,1,50.0
85,3,56,3,4,4,1,50.0
84,99,47,3,2,5,1,50.0
84,98,56,3,2,5,1,50.0
84,97,68,3,2,4,1,50.0
84,93,19,3,2,5,1,50.0
18,44,74,3,4,2,1,50.0
18,46,62,3,4,2,1,50.0
18,48,68,3,4,2,1,50.0
18,49,65,3,4,2,1,50.0
84,92,65,3,2,5,1,50.0
18,50,59,3,4,3,1,50.0
18,51,56,3,4,4,1,50.0
18,52,50,3,4,2,1,50.0
84,91,53,3,2,5,1,50.0
84,88,44,3,2,5,1,50.0
18,53,53,3,4,2,1,50.0
84,86,77,3,2,5,1,50.0
84,83,41,3,2,3,1,50.0
18,54,41,3,4,2,1,50.0
84,81,77,3,3,1,1,50.0
18,55,44,3,4,2,1,50.0
18,57,38,3,4,2,1,50.0
18,58,47,3,4,3,1,50.0
84,79,71,3,3,1,1,50.0
84,78,68,3,3,2,1,50.0
84,74,38,3,3,2,1,50.0
18,59,35,3,4,2,1,50.0
84,70,62,3,3,3,1,50.0
84,66,50,3,3,3,1,50.0
84,65,65,3,3,3,1,50.0
84,64,59,3,3,3,1,50.0
84,59,47,3,3,2,1,50.0
84,58,56,3,3,3,1,50.0
84,57,44,3,3,2,1,50.0
84,56,41,3,3,3,1,50.0
84,55,53,3,3,3,1,50.0
18,60,32,3,4,3,1,50.0
84,54,33,3,3,2,1,50.0
18,64,25,3,4,3,1,50.0
18,65,14,3,4,3,1,50.0
18,67,29,3,4,3,1,50.0
84,53,30,3,3,2,1,50.0
84,52,23,3,3,3,1,50.0
18,68,22,3,4,4,1,50.0
84,49,11,3,3,2,1,50.0
84,48,27,3,3,4,1,50.0
18,71,19,3,4,3,1,50.0
18,72,5,3,4,2,1,50.0
18,73,11,3,4,2,1,50.0
84,47,20,3,3,3,1,50.0
18,74,8,3,4,2,1,50.0
84,45,17,3,3,4,1,50.0
18,75,2,3,4,3,1,50.0
84,44,8,3,3,2,1,50.0
18,76,77,3,5,0,1,50.0
18,77,74,3,5,2,1,50.0
18,78,71,3,5,1,1,50.0
84,39,14,3,3,3,1,50.0
18,79,68,3,5,1,1,50.0
18,80,65,3,5,1,1,50.0
18,82,62,3,5,2,1,50.0
84,38,5,3,3,3,1,50.0
18,83,53,3,5,2,1,50.0
18,85,45,3,5,4,1,50.0
84,36,77,3,4,1,1,50.0
84,32,74,3,4,1,1,50.0
84,22,71,3,4,1,1,50.0
84,17,26,3,4,5,1,50.0
84,15,23,3,4,4,1,50.0
18,86,50,3,5,5,1,50.0
84,9,35,3,4,5,1,50.0
18,88,41,3,5,5,1,50.0
18,89,29,3,5,4,1,50.0
84,6,56,3,4,5,1,50.0
84,5,59,3,4,5,1,50.0
18,90,32,3,5,5,1,50.0
84,4,68,3,4,5,1,50.0
83,99,5,3,2,5,1,50.0
83,98,2,3,2,5,1,50.0
18,91,38,3,5,5,1,50.0
18,92,20,3,5,4,1,50.0
83,97,65,3,3,4,1,50.0
83,96,15,3,3,4,1,50.0
18,93,56,3,5,5,1,50.0
83,92,74,3,3,5,1,50.0
83,90,23,3,3,5,1,50.0
18,95,15,3,5,4,1,50.0
83,89,11,3,3,4,1,50.0
83,88,32,3,3,5,1,50.0
18,97,59,3,5,4,1,50.0
83,87,68,3,3,5,1,50.0
83,85,38,3,3,4,1,50.0
83,84,62,3,3,4,1,50.0
18,98,26,3,5,5,1,50.0
18,99,23,3,5,5,1,50.0
83,82,77,3,3,2,1,50.0
19,0,56,3,1,5,1,50.0
19,1,59,3,1,5,1,50.0
19,5,44,3,2,5,1,50.0
83,81,71,3,3,1,1,50.0
19,6,41,3,2,5,1,50.0
83,79,56,3,3,3,1,50.0
19,9,68,3,2,6,1,50.0
83,76,59,3,3,3,1,50.0
83,71,35,3,3,2,1,50.0
19,10,35,3,2,5,1,50.0
83,69,53,3,3,3,1,50.0
83,68,19,3,3,4,1,50.0
83,67,8,3,3,3,1,50.0
83,66,29,3,3,3,1,50.0
83,64,50,3,3,3,1,50.0
83,63,44,3,3,4,1,50.0
19,11,77,3,2,6,1,50.0
19,14,68,3,3,5,1,50.0
83,62,5,3,3,5,1,50.0
19,15,26,3,3,4,1,50.0
83,61,2,3,3,4,1,50.0
83,60,77,3,4,1,1,50.0
19,16,11,3,3,4,1,50.0
19,17,8,3,3,5,1,50.0
83,59,74,3,4,0,1,50.0
83,58,71,3,4,1,1,50.0
19,18,35,3,3,5,1,50.0
83,57,68,3,4,1,1,50.0
19,22,77,3,3,1,1,50.0
19,24,74,3,3,2,1,50.0
83,56,48,3,4,3,1,50.0
83,55,65,3,4,2,1,50.0
83,54,30,3,4,2,1,50.0
83,53,56,3,4,2,1,50.0
83,50,53,3,4,3,1,50.0
19,25,71,3,3,2,1,50.0
19,26,65,3,3,3,1,50.0
83,49,62,3,4,2,1,50.0
83,48,59,3,4,2,1,50.0
83,46,41,3,4,3,1,50.0
83,44,11,3,4,2,1,50.0
83,43,27,3,4,2,1,50.0
83,42,45,3,4,2,1,50.0
19,28,56,3,3,3,1,50.0
83,41,38,3,4,3,1,50.0
83,40,5,3,4,3,1,50.0
83,39,35,3,4,2,1,50.0
19,29,23,3,3,2,1,50.0
19,30,53,3,3,2,1,50.0
83,37,14,3,4,2,1,50.0
19,32,62,3,3,2,1,50.0
83,36,22,3,4,3,1,50.0
83,35,2,3,4,2,1,50.0
83,34,8,3,4,2,1,50.0
83,33,19,3,4,4,1,50.0
83,31,77,3,5,1,1,50.0
83,29,74,3,5,1,1,50.0
83,27,68,3,5,2,1,50.0
19,33,50,3,3,4,1,50.0
19,37,39,3,3,2,1,50.0
19,38,15,3,3,2,1,50.0
83,26,71,3,5,1,1,50.0
19,39,47,3,3,2,1,50.0
83,24,65,3,5,2,1,50.0
19,40,59,3,3,3,1,50.0
83,23,62,3,5,2,1,50.0
19,41,44,3,3,3,1,50.0
83,22,53,3,5,3,1,50.0
83,21,56,3,5,2,1,50.0
83,19,32,3,5,3,1,50.0
83,18,12,3,5,5,1,50.0
19,42,29,3,3,3,1,50.0
83,17,2,3,5,5,1,50.0
83,15,20,3,5,4,1,50.0
83,12,50,3,5,4,1,50.0
19,43,20,3,3,2,1,50.0
19,46,5,3,3,3,1,50.0
83,11,26,3,5,5,1,50.0
19,47,2,3,3,4,1,50.0
19,48,77,3,4,0,1,50.0
83,10,44,3,5,5,1,50.0
83,9,29,3,5,5,1,50.0
19,49,74,3,4,0,1,50.0
19,50,71,3,4,3,1,50.0
83,8,23,3,5,5,1,50.0
83,7,17,3,5,5,1,50.0
83,3,59,3,5,5,1,50.0
83,2,47,3,5,5,1,50.0
19,51,68,3,4,2,1,50.0
19,52,44,3,4,2,1,50.0
19,53,65,3,4,2,1,50.0
19,55,59,3,4,2,1,50.0
83,1,41,3,5,4,1,50.0
19,57,62,3,4,2,1,50.0
83,0,38,3,5,5,1,50.0
82,99,65,3,2,6,1,50.0
82,97,74,3,1,6,1,50.0
82,96,74,3,2,5,1,50.0
82,95,56,3,2,5,1,50.0
82,94,53,3,2,6,1,50.0
82,93,68,3,3,5,1,50.0
19,58,38,3,4,3,1,50.0
82,92,17,3,3,4,1,50.0
19,60,56,3,4,3,1,50.0
82,91,65,3,3,5,1,50.0
19,61,53,3,4,4,1,50.0
19,62,47,3,4,3,1,50.0
19,63,50,3,4,4,1,50.0
19,64,41,3,4,3,1,50.0
82,89,22,3,3,4,1,50.0
82,88,29,3,3,5,1,50.0
82,87,59,3,3,5,1,50.0
19,65,35,3,4,3,1,50.0
82,86,38,3,3,5,1,50.0
19,66,32,3,4,3,1,50.0
19,67,22,3,4,3,1,50.0
19,68,28,3,4,4,1,50.0
82,84,53,3,3,4,1,50.0
82,80,74,3,3,1,1,50.0
82,79,77,3,3,1,1,50.0
19,69,8,3,4,3,1,50.0
19,70,19,3,4,4,1,50.0
82,78,71,3,3,2,1,50.0
82,77,62,3,3,2,1,50.0
82,75,32,3,3,3,1,50.0
82,73,56,3,3,2,1,50.0
82,72,50,3,3,2,1,50.0
82,70,35,3,3,3,1,50.0
82,69,5,3,3,3,1,50.0
19,71,25,3,4,3,1,50.0
82,68,14,3,3,4,1,50.0
19,72,13,3,4,4,1,50.0
82,66,11,3,3,3,1,50.0
19,73,5,3,4,2,1,50.0
19,74,16,3,4,2,1,50.0
19,76,2,3,4,4,1,50.0
82,65,8,3,3,3,1,50.0
82,64,2,3,3,3,1,50.0
19,77,77,3,5,0,1,50.0
19,80,71,3,5,1,1,50.0
19,81,74,3,5,1,1,50.0
19,82,68,3,5,4,1,50.0
19,83,35,3,5,5,1,50.0
82,63,77,3,4,1,1,50.0
82,60,74,3,4,1,1,50.0
82,59,71,3,4,0,1,50.0
19,84,65,3,5,4,1,50.0
19,85,32,3,5,4,1,50.0
19,86,47,3,5,5,1,50.0
82,57,65,3,4,2,1,50.0
82,56,38,3,4,3,1,50.0
82,51,59,3,4,3,1,50.0
19,87,56,3,5,5,1,50.0
19,88,26,3,5,5,1,50.0
82,49,56,3,4,2,1,50.0
82,48,62,3,4,2,1,50.0
82,46,53,3,4,2,1,50.0
82,45,50,3,4,3,1,50.0
19,89,8,3,5,4,1,50.0
19,90,20,3,5,5,1,50.0
19,91,44,3,5,5,1,50.0
19,92,62,3,5,5,1,50.0
82,44,5,3,4,2,1,50.0
19,93,38,3,5,5,1,50.0
19,96,12,3,5,4,1,50.0
19,97,53,3,5,4,1,50.0
19,98,50,3,5,5,1,50.0
19,99,41,3,5,5,1,50.0
82,43,24,3,4,2,1,50.0
82,40,2,3,4,3,1,50.0
20,1,71,3,2,4,1,50.0
20,4,77,3,2,6,1,50.0
82,38,21,3,4,2,1,50.0
20,5,68,3,2,6,1,50.0
82,35,35,3,4,2,1,50.0
82,34,47,3,4,2,1,50.0
82,33,41,3,4,4,1,50.0
82,32,32,3,4,2,1,50.0
82,29,29,3,4,3,1,50.0
82,26,18,3,4,3,1,50.0
82,25,15,3,4,4,1,50.0
82,23,11,3,4,2,1,50.0
20,7,23,3,3,5,1,50.0
82,22,8,3,4,3,1,50.0
82,20,74,3,5,2,1,50.0
20,9,9,3,3,5,1,50.0
82,18,9,3,5,5,1,50.0
20,10,50,3,3,5,1,50.0
20,15,17,3,3,4,1,50.0
82,17,77,3,5,6,1,50.0
82,16,71,3,5,5,1,50.0
82,15,14,3,5,4,1,50.0
82,14,59,3,5,5,1,50.0
20,16,77,3,3,5,1,50.0
82,12,56,3,5,4,1,50.0
82,9,32,3,5,5,1,50.0
82,7,20,3,5,5,1,50.0
82,6,50,3,5,5,1,50.0
82,5,53,3,5,5,1,50.0
82,4,68,3,5,6,1,50.0
20,17,74,3,3,6,1,50.0
20,19,59,3,3,5,1,50.0
82,3,65,3,5,5,1,50.0
20,22,71,3,3,2,1,50.0
20,25,68,3,3,2,1,50.0
82,2,62,3,5,5,1,50.0
20,26,56,3,3,3,1,50.0
82,1,47,3,5,4,1,50.0
20,31,36,3,3,2,1,50.0
82,0,44,3,5,5,1,50.0
81,99,68,3,1,6,1,50.0
81,97,77,3,2,5,1,50.0
81,93,74,3,2,6,1,50.0
20,32,53,3,3,2,1,50.0
20,37,47,3,3,3,1,50.0
81,92,71,3,2,5,1,50.0
20,42,42,3,3,2,1,50.0
81,91,47,3,3,5,1,50.0
81,90,77,3,3,6,1,50.0
20,43,39,3,3,3,1,50.0
81,89,74,3,3,5,1,50.0
81,88,20,3,3,5,1,50.0
81,86,35,3,3,5,1,50.0
20,44,2,3,3,2,1,50.0
81,85,71,3,3,5,1,50.0
20,45,14,3,3,4,1,50.0
81,84,50,3,3,4,1,50.0
81,83,68,3,3,6,1,50.0
81,82,65,3,3,6,1,50.0
20,48,33,3,3,3,1,50.0
81,80,53,3,3,1,1,50.0
20,49,6,3,3,3,1,50.0
81,78,59,3,3,2,1,50.0
81,75,32,3,3,4,1,50.0
81,73,74,3,4,1,1,50.0
81,70,77,3,4,1,1,50.0
81,65,68,3,4,2,1,50.0
81,63,71,3,4,1,1,50.0
20,53,74,3,4,0,1,50.0
20,54,71,3,4,0,1,50.0
81,60,60,3,4,3,1,50.0
81,59,41,3,4,2,1,50.0
20,59,77,3,4,1,1,50.0
20,61,68,3,4,2,1,50.0
81,58,44,3,4,3,1,50.0
81,57,50,3,4,2,1,50.0
20,62,65,3,4,3,1,50.0
81,56,35,3,4,3,1,50.0
20,64,56,3,4,3,1,50.0
81,54,19,3,4,2,1,50.0
20,68,59,3,4,4,1,50.0
81,53,47,3,4,2,1,50.0
20,70,53,3,4,3,1,50.0
81,51,65,3,4,4,1,50.0
81,48,56,3,4,2,1,50.0
81,47,53,3,4,2,1,50.0
20,71,50,3,4,3,1,50.0
81,45,38,3,4,3,1,50.0
81,39,25,3,4,3,1,50.0
81,38,32,3,4,3,1,50.0
20,74,13,3,4,2,1,50.0
81,36,29,3,4,3,1,50.0
20,78,62,3,4,2,1,50.0
20,83,9,3,4,5,1,50.0
81,35,14,3,4,3,1,50.0
20,84,47,3,4,4,1,50.0
20,86,44,3,4,5,1,50.0
81,34,5,3,4,2,1,50.0
20,87,41,3,4,5,1,50.0
81,33,8,3,4,4,1,50.0
81,29,22,3,4,3,1,50.0
20,88,23,3,4,5,1,50.0
20,89,26,3,4,4,1,50.0
81,28,68,3,5,1,1,50.0
81,27,74,3,5,2,1,50.0
81,26,77,3,5,1,1,50.0
20,90,17,3,4,5,1,50.0
81,25,71,3,5,3,1,50.0
81,22,65,3,5,3,1,50.0
81,21,53,3,5,2,1,50.0
20,93,35,3,4,5,1,50.0
81,20,38,3,5,4,1,50.0
20,95,32,3,4,5,1,50.0
81,19,29,3,5,5,1,50.0
81,18,6,3,5,5,1,50.0
20,96,2,3,4,4,1,50.0
81,16,62,3,5,5,1,50.0
81,13,59,3,5,6,1,50.0
81,12,41,3,5,4,1,50.0
20,99,20,3,4,5,1,50.0
81,10,26,3,5,5,1,50.0
81,8,20,3,5,5,1,50.0
81,6,47,3,5,5,1,50.0
81,4,50,3,5,6,1,50.0
81,3,56,3,5,5,1,50.0
81,1,44,3,5,4,1,50.0
81,0,35,3,5,5,1,50.0
80,99,62,3,1,5,1,50.0
80,98,44,3,1,5,1,50.0
21,1,71,3,1,5,1,50.0
21,2,74,3,1,5,1,50.0
21,3,74,3,2,5,1,50.0
21,6,71,3,2,5,1,50.0
21,8,17,3,3,5,1,50.0
80,97,50,3,1,4,1,50.0
80,95,37,3,1,5,1,50.0
21,9,20,3,3,5,1,50.0
80,94,29,3,1,5,1,50.0
21,11,5,3,3,5,1,50.0
80,92,26,3,1,5,1,50.0
80,91,41,3,2,5,1,50.0
21,15,77,3,2,5,1,50.0
80,90,11,3,2,5,1,50.0
21,18,2,3,3,5,1,50.0
80,89,71,3,2,5,1,50.0
80,88,8,3,2,5,1,50.0
80,87,65,3,2,5,1,50.0
21,22,77,3,3,2,1,50.0
80,86,5,3,2,5,1,50.0
21,25,74,3,3,2,1,50.0
80,85,35,3,2,4,1,50.0
21,26,71,3,3,2,1,50.0
21,30,68,3,3,3,1,50.0
80,84,44,3,2,4,1,50.0
21,31,62,3,3,2,1,50.0
21,33,47,3,3,4,1,50.0
80,83,77,3,2,6,1,50.0
80,82,38,3,2,5,1,50.0
21,35,65,3,3,3,1,50.0
80,81,2,3,2,5,1,50.0
21,36,59,3,3,2,1,50.0
80,79,74,3,2,1,1,50.0
80,78,56,3,2,2,1,50.0
80,77,68,3,2,2,1,50.0
80,76,53,3,2,3,1,50.0
80,75,47,3,2,3,1,50.0
21,37,56,3,3,2,1,50.0
21,38,53,3,3,3,1,50.0
80,74,62,3,2,3,1,50.0
80,73,50,3,2,2,1,50.0
21,39,44,3,3,2,1,50.0
80,72,59,3,2,3,1,50.0
80,71,77,3,3,1,1,50.0
80,70,74,3,3,1,1,50.0
21,40,50,3,3,4,1,50.0
80,69,71,3,3,1,1,50.0
80,67,68,3,3,1,1,50.0
21,41,41,3,3,3,1,50.0
21,42,32,3,3,3,1,50.0
80,65,62,3,3,3,1,50.0
80,64,53,3,3,3,1,50.0
21,43,11,3,3,3,1,50.0
80,63,65,3,3,4,1,50.0
80,62,59,3,3,3,1,50.0
80,61,56,3,3,4,1,50.0
21,46,14,3,3,3,1,50.0
80,59,2,3,3,2,1,50.0
21,47,8,3,3,4,1,50.0
80,58,35,3,3,3,1,50.0
21,49,77,3,4,1,1,50.0
80,57,41,3,3,2,1,50.0
80,55,47,3,3,3,1,50.0
21,50,68,3,4,3,1,50.0
80,52,50,3,3,3,1,50.0
21,51,74,3,4,1,1,50.0
21,53,71,3,4,2,1,50.0
21,54,16,3,4,2,1,50.0
80,51,44,3,3,4,1,50.0
80,50,38,3,3,3,1,50.0
21,56,45,3,4,3,1,50.0
80,49,32,3,3,3,1,50.0
21,57,35,3,4,2,1,50.0
21,58,29,3,4,3,1,50.0
21,60,50,3,4,3,1,50.0
80,48,23,3,3,3,1,50.0
21,62,62,3,4,3,1,50.0
21,63,59,3,4,4,1,50.0
80,47,29,3,3,3,1,50.0
80,46,26,3,3,3,1,50.0
21,65,56,3,4,3,1,50.0
80,45,20,3,3,4,1,50.0
80,44,14,3,3,3,1,50.0
21,69,42,3,4,3,1,50.0
21,72,65,3,4,3,1,50.0
21,73,53,3,4,2,1,50.0
21,74,2,3,4,2,1,50.0
21,75,23,3,4,3,1,50.0
80,42,11,3,3,3,1,50.0
80,41,8,3,3,3,1,50.0
21,77,39,3,4,3,1,50.0
21,78,32,3,4,2,1,50.0
21,79,26,3,4,3,1,50.0
21,80,5,3,4,3,1,50.0
80,39,68,3,4,1,1,50.0
21,82,20,3,4,6,1,50.0
80,38,77,3,4,0,1,50.0
21,84,13,3,4,4,1,50.0
80,37,74,3,4,1,1,50.0
21,86,10,3,4,6,1,50.0
80,36,71,3,4,1,1,50.0
21,87,53,3,5,5,1,50.0
21,88,17,3,5,5,1,50.0
80,35,62,3,4,3,1,50.0
80,34,53,3,4,2,1,50.0
80,33,44,3,4,4,1,50.0
21,89,68,3,5,5,1,50.0
80,32,65,3,4,2,1,50.0
80,31,59,3,4,2,1,50.0
21,91,35,3,5,5,1,50.0
21,92,59,3,5,5,1,50.0
21,94,47,3,5,5,1,50.0
21,95,12,3,5,4,1,50.0
80,30,56,3,4,3,1,50.0
21,97,62,3,5,4,1,50.0
80,29,50,3,4,3,1,50.0
80,28,47,3,4,3,1,50.0
21,98,41,3,5,5,1,50.0
80,27,41,3,4,3,1,50.0
80,26,36,3,4,3,1,50.0
21,99,50,3,5,5,1,50.0
80,24,33,3,4,3,1,50.0
22,2,74,3,2,6,1,50.0
80,23,2,3,4,2,1,50.0
22,3,71,3,3,5,1,50.0
80,22,29,3,4,3,1,50.0
80,21,26,3,4,5,1,50.0
80,20,6,3,4,4,1,50.0
80,18,23,3,4,6,1,50.0
80,17,11,3,4,5,1,50.0
80,16,15,3,4,5,1,50.0
80,15,11,3,5,4,1,50.0
80,14,56,3,5,5,1,50.0
80,12,71,3,5,4,1,50.0
22,4,74,3,3,6,1,50.0
22,6,44,3,3,5,1,50.0
80,11,23,3,5,5,1,50.0
22,8,26,3,3,5,1,50.0
80,10,41,3,5,5,1,50.0
80,9,26,3,5,5,1,50.0
80,8,14,3,5,5,1,50.0
80,7,8,3,5,5,1,50.0
80,6,74,3,5,5,1,50.0
80,5,50,3,5,5,1,50.0
80,4,65,3,5,6,1,50.0
22,11,68,3,3,6,1,50.0
22,14,47,3,3,5,1,50.0
80,3,68,3,5,5,1,50.0
22,15,5,3,3,4,1,50.0
22,17,62,3,3,6,1,50.0
22,19,2,3,3,5,1,50.0
22,20,77,3,3,5,1,50.0
22,21,41,3,3,6,1,50.0
80,2,77,3,5,5,1,50.0
80,1,62,3,5,4,1,50.0
22,27,35,3,3,3,1,50.0
80,0,53,3,5,5,1,50.0
79,95,65,3,2,5,1,50.0
22,28,14,3,3,3,1,50.0
79,94,77,3,2,6,1,50.0
79,92,68,3,2,5,1,50.0
22,32,77,3,4,1,1,50.0
22,34,71,3,4,2,1,50.0
22,37,74,3,4,2,1,50.0
79,91,74,3,2,6,1,50.0
22,38,68,3,4,2,1,50.0
79,89,71,3,2,6,1,50.0
22,40,56,3,4,3,1,50.0
79,88,14,3,3,5,1,50.0
22,41,65,3,4,3,1,50.0
79,87,32,3,3,5,1,50.0
22,42,62,3,4,2,1,50.0
22,46,59,3,4,2,1,50.0
79,85,23,3,3,4,1,50.0
22,50,50,3,4,3,1,50.0
79,81,11,3,3,5,1,50.0
79,80,35,3,3,5,1,50.0
79,77,77,3,3,1,1,50.0
22,52,41,3,4,2,1,50.0
79,75,71,3,3,3,1,50.0
22,53,44,3,4,2,1,50.0
79,74,74,3,3,2,1,50.0
79,69,68,3,3,1,1,50.0
22,56,53,3,4,4,1,50.0
79,68,8,3,3,4,1,50.0
79,66,20,3,3,3,1,50.0
79,61,65,3,3,4,1,50.0
22,61,47,3,4,4,1,50.0
22,62,38,3,4,3,1,50.0
79,60,41,3,3,3,1,50.0
22,63,35,3,4,4,1,50.0
79,55,5,3,3,3,1,50.0
79,54,2,3,3,2,1,50.0
79,53,53,3,3,3,1,50.0
79,52,29,3,3,4,1,50.0
79,51,77,3,4,1,1,50.0
79,46,74,3,4,2,1,50.0
22,65,11,3,4,3,1,50.0
79,45,71,3,4,2,1,50.0
22,66,26,3,4,3,1,50.0
79,43,68,3,4,1,1,50.0
22,68,5,3,4,4,1,50.0
79,38,2,3,4,2,1,50.0
79,36,56,3,4,2,1,50.0
79,34,44,3,4,2,1,50.0
22,70,30,3,4,4,1,50.0
79,32,59,3,4,2,1,50.0
79,31,30,3,4,2,1,50.0
22,71,2,3,4,3,1,50.0
79,28,65,3,4,3,1,50.0
22,72,23,3,4,3,1,50.0
79,26,62,3,4,3,1,50.0
22,74,17,3,4,3,1,50.0
22,76,14,3,4,4,1,50.0
79,24,53,3,4,2,1,50.0
79,23,17,3,4,2,1,50.0
79,22,8,3,4,4,1,50.0
79,21,38,3,4,5,1,50.0
79,20,50,3,4,5,1,50.0
79,19,23,3,4,5,1,50.0
79,16,47,3,4,5,1,50.0
22,78,77,3,5,2,1,50.0
79,15,41,3,4,5,1,50.0
22,79,35,3,5,4,1,50.0
79,13,27,3,4,6,1,50.0
79,8,11,3,4,5,1,50.0
79,7,14,3,4,5,1,50.0
22,80,59,3,5,5,1,50.0
79,6,20,3,4,5,1,50.0
79,5,5,3,4,5,1,50.0
79,3,62,3,5,5,1,50.0
79,1,68,3,5,4,1,50.0
78,99,26,3,2,5,1,50.0
78,97,47,3,2,4,1,50.0
22,81,32,3,5,5,1,50.0
22,82,41,3,5,5,1,50.0
22,84,38,3,5,4,1,50.0
78,96,65,3,2,5,1,50.0
22,85,26,3,5,4,1,50.0
78,95,53,3,2,5,1,50.0
78,93,29,3,2,5,1,50.0
22,89,65,3,5,5,1,50.0
78,92,41,3,2,5,1,50.0
22,90,8,3,5,5,1,50.0
78,91,17,3,2,5,1,50.0
22,92,56,3,5,5,1,50.0
22,93,62,3,5,5,1,50.0
78,90,74,3,2,6,1,50.0
22,94,17,3,5,5,1,50.0
78,89,38,3,2,5,1,50.0
22,95,50,3,5,5,1,50.0
78,88,35,3,2,6,1,50.0
78,87,23,3,2,5,1,50.0
22,99,44,3,5,5,1,50.0
78,86,41,3,3,5,1,50.0
78,84,32,3,3,4,1,50.0
23,0,74,3,1,5,1,50.0
78,83,6,3,3,5,1,50.0
23,1,77,3,1,6,1,50.0
23,2,71,3,2,5,1,50.0
78,82,35,3,3,5,1,50.0
23,3,77,3,2,6,1,50.0
23,6,74,3,2,6,1,50.0
78,81,23,3,3,5,1,50.0
23,7,68,3,2,6,1,50.0
78,80,47,3,3,5,1,50.0
78,79,77,3,3,5,1,50.0
78,76,74,3,3,1,1,50.0
23,8,5,3,3,5,1,50.0
78,75,53,3,3,3,1,50.0
23,9,23,3,3,5,1,50.0
78,74,71,3,3,2,1,50.0
23,10,38,3,3,5,1,50.0
78,72,68,3,3,3,1,50.0
23,11,20,3,3,5,1,50.0
78,71,65,3,3,3,1,50.0
78,70,56,3,3,3,1,50.0
23,15,8,3,3,4,1,50.0
23,16,74,3,3,5,1,50.0
78,69,62,3,3,3,1,50.0
23,17,71,3,3,6,1,50.0
78,67,38,3,3,3,1,50.0
78,66,17,3,3,3,1,50.0
78,65,50,3,3,3,1,50.0
23,18,77,3,3,6,1,50.0
78,64,14,3,3,3,1,50.0
78,63,29,3,3,4,1,50.0
78,62,44,3,3,3,1,50.0
23,19,17,3,3,5,1,50.0
78,61,59,3,3,4,1,50.0
23,20,29,3,3,4,1,50.0
78,60,26,3,3,3,1,50.0
78,59,20,3,3,3,1,50.0
78,58,11,3,3,4,1,50.0
23,21,65,3,3,5,1,50.0
23,22,68,3,3,5,1,50.0
78,57,3,3,3,3,1,50.0
78,55,0,3,3,3,1,50.0
78,54,68,3,4,0,1,50.0
78,53,77,3,4,1,1,50.0
78,50,65,3,4,3,1,50.0
78,49,74,3,4,1,1,50.0
78,48,71,3,4,2,1,50.0
78,47,59,3,4,2,1,50.0
78,46,56,3,4,2,1,50.0
78,45,35,3,4,3,1,50.0
23,24,59,3,3,2,1,50.0
78,44,62,3,4,3,1,50.0
78,43,53,3,4,2,1,50.0
23,25,62,3,3,3,1,50.0
78,41,50,3,4,3,1,50.0
23,26,53,3,3,3,1,50.0
78,40,38,3,4,4,1,50.0
78,39,41,3,4,2,1,50.0
78,38,47,3,4,3,1,50.0
23,27,47,3,3,3,1,50.0
78,37,8,3,4,2,1,50.0
78,36,44,3,4,2,1,50.0
78,35,11,3,4,3,1,50.0
78,34,14,3,4,2,1,50.0
78,32,29,3,4,2,1,50.0
23,28,50,3,3,3,1,50.0
23,29,41,3,3,3,1,50.0
78,31,26,3,4,2,1,50.0
78,29,32,3,4,3,1,50.0
78,28,5,3,4,3,1,50.0
23,30,44,3,3,3,1,50.0
78,27,2,3,4,3,1,50.0
23,31,14,3,3,2,1,50.0
23,32,35,3,3,2,1,50.0
23,33,26,3,3,4,1,50.0
23,34,2,3,3,2,1,50.0
23,35,11,3,3,4,1,50.0
78,26,23,3,4,3,1,50.0
78,25,20,3,4,3,1,50.0
23,36,74,3,4,1,1,50.0
78,24,17,3,4,4,1,50.0
23,37,77,3,4,1,1,50.0
23,38,71,3,4,2,1,50.0
23,39,68,3,4,2,1,50.0
78,23,65,3,5,4,1,50.0
23,40,53,3,4,3,1,50.0
23,41,62,3,4,3,1,50.0
23,42,59,3,4,2,1,50.0
23,43,56,3,4,2,1,50.0
23,45,50,3,4,4,1,50.0
78,22,74,3,5,5,1,50.0
78,21,77,3,5,5,1,50.0
23,46,47,3,4,3,1,50.0
78,20,71,3,5,5,1,50.0
78,19,5,3,5,5,1,50.0
78,18,68,3,5,6,1,50.0
78,17,59,3,5,6,1,50.0
78,16,56,3,5,5,1,50.0
78,15,62,3,5,5,1,50.0
23,47,36,3,4,3,1,50.0
23,49,39,3,4,2,1,50.0
23,50,44,3,4,3,1,50.0
23,51,19,3,4,4,1,50.0
23,52,16,3,4,3,1,50.0
78,14,53,3,5,5,1,50.0
23,53,33,3,4,2,1,50.0
78,13,50,3,5,6,1,50.0
23,55,25,3,4,3,1,50.0
78,12,32,3,5,4,1,50.0
78,11,17,3,5,5,1,50.0
78,9,2,3,5,5,1,50.0
78,6,38,3,5,5,1,50.0
78,3,47,3,5,5,1,50.0
23,57,22,3,4,3,1,50.0
23,59,30,3,4,3,1,50.0
23,60,11,3,4,3,1,50.0
78,2,44,3,5,5,1,50.0
78,1,35,3,5,4,1,50.0
78,0,41,3,5,5,1,50.0
77,98,77,3,2,6,1,50.0
77,97,28,3,2,4,1,50.0
77,96,53,3,2,5,1,50.0
23,61,8,3,4,4,1,50.0
77,95,62,3,3,5,1,50.0
23,62,2,3,4,5,1,50.0
23,63,5,3,4,4,1,50.0
23,64,77,3,5,1,1,50.0
23,66,74,3,5,2,1,50.0
77,94,36,3,3,5,1,50.0
23,69,71,3,5,3,1,50.0
77,93,32,3,3,5,1,50.0
77,91,24,3,3,5,1,50.0
77,90,71,3,3,6,1,50.0
23,70,68,3,5,1,1,50.0
77,89,59,3,3,5,1,50.0
77,86,21,3,3,5,1,50.0
23,71,59,3,5,3,1,50.0
77,85,18,3,3,4,1,50.0
23,72,62,3,5,3,1,50.0
77,84,77,3,3,5,1,50.0
23,73,65,3,5,2,1,50.0
23,74,56,3,5,3,1,50.0
23,77,53,3,5,3,1,50.0
77,82,74,3,3,6,1,50.0
23,78,29,3,5,5,1,50.0
23,79,50,3,5,5,1,50.0
77,81,68,3,3,6,1,50.0
77,80,44,3,3,5,1,50.0
77,78,65,3,3,6,1,50.0
23,80,38,3,5,5,1,50.0
23,81,17,3,5,5,1,50.0
77,76,56,3,3,3,1,50.0
77,75,50,3,3,4,1,50.0
23,82,26,3,5,5,1,50.0
77,74,47,3,3,3,1,50.0
23,83,47,3,5,6,1,50.0
77,73,77,3,4,2,1,50.0
77,72,74,3,4,2,1,50.0
77,70,71,3,4,2,1,50.0
23,84,41,3,5,4,1,50.0
77,67,68,3,4,2,1,50.0
77,66,36,3,4,3,1,50.0
77,65,53,3,4,3,1,50.0
77,64,17,3,4,3,1,50.0
77,62,56,3,4,3,1,50.0
77,60,47,3,4,3,1,50.0
23,86,12,3,5,5,1,50.0
23,87,44,3,5,5,1,50.0
23,88,5,3,5,5,1,50.0
77,57,65,3,4,3,1,50.0
77,55,41,3,4,2,1,50.0
23,89,35,3,5,5,1,50.0
77,54,13,3,4,2,1,50.0
23,90,2,3,5,5,1,50.0
23,91,32,3,5,5,1,50.0
77,53,50,3,4,2,1,50.0
77,52,44,3,4,3,1,50.0
77,51,62,3,4,4,1,50.0
77,49,59,3,4,2,1,50.0
23,93,23,3,5,5,1,50.0
77,48,33,3,4,4,1,50.0
23,94,8,3,5,5,1,50.0
77,47,30,3,4,4,1,50.0
23,95,20,3,5,5,1,50.0
23,96,59,3,6,5,1,50.0
23,98,47,3,6,5,1,50.0
77,45,27,3,4,4,1,50.0
77,44,24,3,4,3,1,50.0
24,0,77,3,1,6,1,50.0
77,43,21,3,4,3,1,50.0
24,2,68,3,2,5,1,50.0
77,42,8,3,4,3,1,50.0
77,41,5,3,4,3,1,50.0
77,40,2,3,4,4,1,50.0
24,3,50,3,2,5,1,50.0
77,39,77,3,5,2,1,50.0
24,5,56,3,2,5,1,50.0
77,38,74,3,5,2,1,50.0
77,37,71,3,5,1,1,50.0
24,7,77,3,2,6,1,50.0
77,36,68,3,5,1,1,50.0
24,9,71,3,2,6,1,50.0
24,10,47,3,2,6,1,50.0
24,12,44,3,2,5,1,50.0
77,35,59,3,5,3,1,50.0
24,13,41,3,2,6,1,50.0
77,34,36,3,5,2,1,50.0
77,33,33,3,5,4,1,50.0
77,32,50,3,5,2,1,50.0
24,14,38,3,2,5,1,50.0
24,15,35,3,2,5,1,50.0
77,30,65,3,5,3,1,50.0
24,16,68,3,3,5,1,50.0
77,29,56,3,5,3,1,50.0
24,20,74,3,3,5,1,50.0
77,27,62,3,5,2,1,50.0
24,21,71,3,3,5,1,50.0
77,26,44,3,5,3,1,50.0
77,25,53,3,5,3,1,50.0
77,24,47,3,5,3,1,50.0
24,23,77,3,3,6,1,50.0
24,26,59,3,3,3,1,50.0
77,23,41,3,5,6,1,50.0
77,22,29,3,5,5,1,50.0
24,29,65,3,3,3,1,50.0
24,30,62,3,3,3,1,50.0
77,20,26,3,5,5,1,50.0
77,19,23,3,5,6,1,50.0
24,31,11,3,3,2,1,50.0
77,18,20,3,5,6,1,50.0
77,17,17,3,5,6,1,50.0
24,32,44,3,3,2,1,50.0
24,35,56,3,3,3,1,50.0
24,37,50,3,3,2,1,50.0
24,39,53,3,3,3,1,50.0
24,40,8,3,3,4,1,50.0
77,16,12,3,5,5,1,50.0
24,44,41,3,3,3,1,50.0
77,14,9,3,5,5,1,50.0
24,45,38,3,3,4,1,50.0
77,10,2,3,5,5,1,50.0
24,46,5,3,3,4,1,50.0
77,8,6,3,5,6,1,50.0
24,49,2,3,3,2,1,50.0
77,5,47,3,6,5,1,50.0
77,4,71,3,6,6,1,50.0
77,3,53,3,6,5,1,50.0
24,50,77,3,4,2,1,50.0
77,2,65,3,6,5,1,50.0
24,52,56,3,4,3,1,50.0
24,54,74,3,4,1,1,50.0
24,57,71,3,4,1,1,50.0
24,58,68,3,4,1,1,50.0
77,1,56,3,6,4,1,50.0
77,0,68,3,6,5,1,50.0
76,98,32,3,3,5,1,50.0
76,97,71,3,1,5,1,50.0
24,59,62,3,4,2,1,50.0
24,62,41,3,4,3,1,50.0
24,63,53,3,4,4,1,50.0
76,91,77,3,1,6,1,50.0
24,64,38,3,4,3,1,50.0
76,90,68,3,3,6,1,50.0
24,68,25,3,4,4,1,50.0
76,88,77,3,2,6,1,50.0
24,70,50,3,4,3,1,50.0
24,71,47,3,4,3,1,50.0
76,87,74,3,2,6,1,50.0
24,72,35,3,4,3,1,50.0
76,86,71,3,2,6,1,50.0
76,85,77,3,3,5,1,50.0
76,84,29,3,3,4,1,50.0
24,73,44,3,4,2,1,50.0
24,74,59,3,4,3,1,50.0
24,75,14,3,4,3,1,50.0
24,76,65,3,4,3,1,50.0
76,81,74,3,3,6,1,50.0
76,80,71,3,3,6,1,50.0
24,77,32,3,4,6,1,50.0
24,78,22,3,4,5,1,50.0
24,79,29,3,4,5,1,50.0
76,79,44,3,3,5,1,50.0
76,78,38,3,3,6,1,50.0
24,80,5,3,4,5,1,50.0
24,81,11,3,4,6,1,50.0
76,75,35,3,3,4,1,50.0
76,73,74,3,4,2,1,50.0
76,72,77,3,4,1,1,50.0
76,71,71,3,4,2,1,50.0
24,83,8,3,4,6,1,50.0
24,87,2,3,4,5,1,50.0
76,69,68,3,4,3,1,50.0
24,89,62,3,5,5,1,50.0
76,65,47,3,4,3,1,50.0
76,64,65,3,4,4,1,50.0
76,63,62,3,4,4,1,50.0
24,90,5,3,5,5,1,50.0
24,91,29,3,5,5,1,50.0
24,92,53,3,5,5,1,50.0
76,62,35,3,4,3,1,50.0
76,61,50,3,4,4,1,50.0
24,93,11,3,5,5,1,50.0
76,58,26,3,4,3,1,50.0
76,56,56,3,4,4,1,50.0
76,55,59,3,4,3,1,50.0
76,54,5,3,4,2,1,50.0
24,95,59,3,5,5,1,50.0
24,96,56,3,5,5,1,50.0
76,53,41,3,4,2,1,50.0
76,52,53,3,4,3,1,50.0
24,97,41,3,5,4,1,50.0
24,98,23,3,5,5,1,50.0
76,50,11,3,4,3,1,50.0
76,49,44,3,4,3,1,50.0
24,99,32,3,5,5,1,50.0
76,48,38,3,4,3,1,50.0
76,47,32,3,4,3,1,50.0
25,2,77,3,1,6,1,50.0
76,46,17,3,4,3,1,50.0
76,45,8,3,4,4,1,50.0
76,44,29,3,4,3,1,50.0
76,43,20,3,4,4,1,50.0
76,39,74,3,5,2,1,50.0
25,3,74,3,3,6,1,50.0
25,4,59,3,3,6,1,50.0
76,37,77,3,5,2,1,50.0
25,5,77,3,2,6,1,50.0
76,35,68,3,5,0,1,50.0
25,6,27,3,3,5,1,50.0
25,8,68,3,3,6,1,50.0
25,10,17,3,3,5,1,50.0
25,11,65,3,3,6,1,50.0
76,34,71,3,5,3,1,50.0
25,12,77,3,3,5,1,50.0
76,33,30,3,5,4,1,50.0
76,32,47,3,5,2,1,50.0
76,31,23,3,5,2,1,50.0
25,15,56,3,3,5,1,50.0
76,30,59,3,5,3,1,50.0
76,29,53,3,5,3,1,50.0
76,26,50,3,5,3,1,50.0
25,16,50,3,3,5,1,50.0
25,19,39,3,3,6,1,50.0
76,25,36,3,5,3,1,50.0
76,24,65,3,5,5,1,50.0
25,22,71,3,4,5,1,50.0
76,22,20,3,5,5,1,50.0
25,26,74,3,4,1,1,50.0
25,28,77,3,4,2,1,50.0
76,19,62,3,5,6,1,50.0
25,29,68,3,4,1,1,50.0
76,18,56,3,5,6,1,50.0
76,14,41,3,5,5,1,50.0
25,30,53,3,4,3,1,50.0
25,34,65,3,4,3,1,50.0
76,11,44,3,5,6,1,50.0
76,10,14,3,5,5,1,50.0
25,35,50,3,4,3,1,50.0
76,9,33,3,5,6,1,50.0
25,36,41,3,4,2,1,50.0
76,7,11,3,5,5,1,50.0
25,37,62,3,4,3,1,50.0
76,6,17,3,5,5,1,50.0
76,5,27,3,5,5,1,50.0
25,40,59,3,4,4,1,50.0
25,42,56,3,4,2,1,50.0
25,43,47,3,4,3,1,50.0
76,3,8,3,5,5,1,50.0
25,46,23,3,4,3,1,50.0
76,1,5,3,5,5,1,50.0
75,99,11,3,3,5,1,50.0
75,97,77,3,0,6,1,50.0
75,96,77,3,1,6,1,50.0
25,50,35,3,4,3,1,50.0
75,93,8,3,3,5,1,50.0
25,52,38,3,4,3,1,50.0
75,90,44,3,3,6,1,50.0
75,88,41,3,3,6,1,50.0
75,84,5,3,3,4,1,50.0
25,53,19,3,4,2,1,50.0
25,54,44,3,4,3,1,50.0
75,83,74,3,4,6,1,50.0
25,55,8,3,4,3,1,50.0
25,57,32,3,4,3,1,50.0
75,80,77,3,3,6,1,50.0
25,58,29,3,4,4,1,50.0
75,73,71,3,4,2,1,50.0
75,70,77,3,4,2,1,50.0
25,60,5,3,4,3,1,50.0
25,61,26,3,4,4,1,50.0
25,63,2,3,4,4,1,50.0
75,68,68,3,4,0,1,50.0
75,67,19,3,4,3,1,50.0
25,64,12,3,4,4,1,50.0
25,65,77,3,5,1,1,50.0
25,67,74,3,5,1,1,50.0
75,65,44,3,4,3,1,50.0
75,63,47,3,4,4,1,50.0
75,59,65,3,4,3,1,50.0
75,57,62,3,4,3,1,50.0
25,68,71,3,5,1,1,50.0
25,69,50,3,5,3,1,50.0
25,70,68,3,5,2,1,50.0
25,71,56,3,5,3,1,50.0
75,56,41,3,4,4,1,50.0
25,72,53,3,5,3,1,50.0
25,73,62,3,5,2,1,50.0
75,53,16,3,4,2,1,50.0
25,74,44,3,5,3,1,50.0
75,48,53,3,4,2,1,50.0
75,45,59,3,4,4,1,50.0
75,43,56,3,4,3,1,50.0
75,41,29,3,4,3,1,50.0
25,77,59,3,5,6,1,50.0
25,78,26,3,5,5,1,50.0
75,39,38,3,4,3,1,50.0
25,80,32,3,5,5,1,50.0
75,38,26,3,4,3,1,50.0
25,82,29,3,5,5,1,50.0
75,37,22,3,4,3,1,50.0
75,35,8,3,4,3,1,50.0
25,87,47,3,5,5,1,50.0
75,32,13,3,4,2,1,50.0
25,88,2,3,5,5,1,50.0
25,90,65,3,5,6,1,50.0
75,27,5,3,4,4,1,50.0
75,26,2,3,4,3,1,50.0
25,91,11,3,5,5,1,50.0
75,25,41,3,5,5,1,50.0
25,92,38,3,5,5,1,50.0
25,93,5,3,5,5,1,50.0
75,24,77,3,5,5,1,50.0
25,96,35,3,5,5,1,50.0
75,23,74,3,5,6,1,50.0
25,97,22,3,5,4,1,50.0
75,21,56,3,5,5,1,50.0
75,19,71,3,5,6,1,50.0
25,98,19,3,5,5,1,50.0
25,99,14,3,5,5,1,50.0
75,17,68,3,5,6,1,50.0
75,15,65,3,5,5,1,50.0
75,10,29,3,5,5,1,50.0
26,1,68,3,2,5,1,50.0
26,2,29,3,3,5,1,50.0
75,9,62,3,5,6,1,50.0
75,7,5,3,5,5,1,50.0
26,3,15,3,3,5,1,50.0
75,6,35,3,5,5,1,50.0
75,5,32,3,5,5,1,50.0
75,4,53,3,5,6,1,50.0
75,1,50,3,5,4,1,50.0
75,0,47,3,5,5,1,50.0
26,5,12,3,3,5,1,50.0
26,6,77,3,2,6,1,50.0
26,10,74,3,2,6,1,50.0
74,99,8,3,3,5,1,50.0
26,11,74,3,3,6,1,50.0
74,98,14,3,3,5,1,50.0
74,96,50,3,3,5,1,50.0
26,12,9,3,3,4,1,50.0
74,95,77,3,2,6,1,50.0
74,92,35,3,3,5,1,50.0
26,15,71,3,3,5,1,50.0
26,19,77,3,3,6,1,50.0
74,91,71,3,3,6,1,50.0
26,21,6,3,3,5,1,50.0
26,22,68,3,3,6,1,50.0
26,25,8,3,4,5,1,50.0
74,90,53,3,3,6,1,50.0
74,89,41,3,3,5,1,50.0
26,29,71,3,4,1,1,50.0
74,87,38,3,3,5,1,50.0
74,86,2,3,3,5,1,50.0
26,34,77,3,4,2,1,50.0
74,85,11,3,3,4,1,50.0
74,84,20,3,3,4,1,50.0
74,83,32,3,3,6,1,50.0
26,35,74,3,4,0,1,50.0
26,36,68,3,4,2,1,50.0
26,39,56,3,4,2,1,50.0
26,42,53,3,4,2,1,50.0
74,82,23,3,3,5,1,50.0
26,43,65,3,4,2,1,50.0
26,47,62,3,4,3,1,50.0
26,48,59,3,4,3,1,50.0
26,50,47,3,4,3,1,50.0
26,54,50,3,4,3,1,50.0
26,57,44,3,4,3,1,50.0
26,58,23,3,4,3,1,50.0
74,80,74,3,3,6,1,50.0
74,79,26,3,3,5,1,50.0
74,78,77,3,3,6,1,50.0
74,77,5,3,3,6,1,50.0
26,59,41,3,4,3,1,50.0
74,75,68,3,3,6,1,50.0
74,72,77,3,4,2,1,50.0
74,71,74,3,4,2,1,50.0
26,61,38,3,4,4,1,50.0
26,63,32,3,4,4,1,50.0
74,70,71,3,4,3,1,50.0
26,64,35,3,4,4,1,50.0
26,65,5,3,4,3,1,50.0
74,68,68,3,4,1,1,50.0
26,66,14,3,4,3,1,50.0
74,67,35,3,4,3,1,50.0
26,71,11,3,4,3,1,50.0
74,66,23,3,4,3,1,50.0
74,65,41,3,4,3,1,50.0
74,64,62,3,4,4,1,50.0
74,63,38,3,4,4,1,50.0
74,62,32,3,4,3,1,50.0
74,61,44,3,4,4,1,50.0
26,75,26,3,4,5,1,50.0
74,60,29,3,4,3,1,50.0
26,76,2,3,4,5,1,50.0
26,78,29,3,4,6,1,50.0
74,59,59,3,4,3,1,50.0
74,58,65,3,4,4,1,50.0
74,56,50,3,4,4,1,50.0
26,80,20,3,4,5,1,50.0
74,55,56,3,4,2,1,50.0
74,54,53,3,4,3,1,50.0
26,85,17,3,4,5,1,50.0
74,53,8,3,4,2,1,50.0
26,86,77,3,5,6,1,50.0
74,52,47,3,4,3,1,50.0
74,51,13,3,4,4,1,50.0
26,88,74,3,5,6,1,50.0
26,89,56,3,5,5,1,50.0
74,50,5,3,4,3,1,50.0
74,49,26,3,4,3,1,50.0
26,90,62,3,5,6,1,50.0
26,91,8,3,5,5,1,50.0
74,48,20,3,4,4,1,50.0
26,92,50,3,5,5,1,50.0
74,46,17,3,4,4,1,50.0
26,94,26,3,5,5,1,50.0
26,95,47,3,5,5,1,50.0
74,41,2,3,4,3,1,50.0
26,97,38,3,5,4,1,50.0
74,38,77,3,5,1,1,50.0
27,1,56,3,2,5,1,50.0
27,2,53,3,2,5,1,50.0
74,36,74,3,5,2,1,50.0
74,35,71,3,5,1,1,50.0
27,4,44,3,3,6,1,50.0
27,5,71,3,3,6,1,50.0
27,7,65,3,3,6,1,50.0
74,32,68,3,5,2,1,50.0
74,31,20,3,5,2,1,50.0
74,29,59,3,5,3,1,50.0
74,26,65,3,5,5,1,50.0
74,25,62,3,5,6,1,50.0
27,9,74,3,3,6,1,50.0
27,10,77,3,3,6,1,50.0
74,24,50,3,5,5,1,50.0
74,23,56,3,5,6,1,50.0
27,15,68,3,3,5,1,50.0
74,22,53,3,5,5,1,50.0
27,16,59,3,3,5,1,50.0
74,21,44,3,5,5,1,50.0
27,17,56,3,3,6,1,50.0
74,20,47,3,5,5,1,50.0
27,19,53,3,3,6,1,50.0
74,18,41,3,5,6,1,50.0
74,17,38,3,5,6,1,50.0
74,15,32,3,5,5,1,50.0
74,14,35,3,5,5,1,50.0
27,20,62,3,3,5,1,50.0
27,22,38,3,3,6,1,50.0
27,23,71,3,4,6,1,50.0
74,13,24,3,5,6,1,50.0
74,12,29,3,5,4,1,50.0
27,24,74,3,4,5,1,50.0
27,25,77,3,4,6,1,50.0
74,11,17,3,5,6,1,50.0
74,10,8,3,5,5,1,50.0
27,26,68,3,4,5,1,50.0
27,28,44,3,4,3,1,50.0
74,9,14,3,5,6,1,50.0
74,8,11,3,5,6,1,50.0
74,7,2,3,5,5,1,50.0
27,29,47,3,4,3,1,50.0
74,6,5,3,5,5,1,50.0
74,5,36,3,6,5,1,50.0
27,31,8,3,4,2,1,50.0
74,2,59,3,6,5,1,50.0
27,33,14,3,4,4,1,50.0
74,1,32,3,6,4,1,50.0
74,0,71,3,6,5,1,50.0
27,35,53,3,4,3,1,50.0
73,98,8,3,2,5,1,50.0
27,36,50,3,4,2,1,50.0
73,97,2,3,2,4,1,50.0
73,96,41,3,2,5,1,50.0
73,95,68,3,2,6,1,50.0
27,37,65,3,4,3,1,50.0
27,38,62,3,4,3,1,50.0
27,39,59,3,4,3,1,50.0
73,94,14,3,3,5,1,50.0
73,93,2,3,3,5,1,50.0
73,92,47,3,3,5,1,50.0
73,91,68,3,3,6,1,50.0
27,41,56,3,4,3,1,50.0
27,42,39,3,4,2,1,50.0
73,90,59,3,3,6,1,50.0
73,89,53,3,3,5,1,50.0
73,88,71,3,3,6,1,50.0
27,43,36,3,4,3,1,50.0
27,44,33,3,4,3,1,50.0
27,47,27,3,4,4,1,50.0
73,87,50,3,3,5,1,50.0
73,86,74,3,3,6,1,50.0
73,85,8,3,3,4,1,50.0
73,84,17,3,3,4,1,50.0
73,83,65,3,3,6,1,50.0
27,48,30,3,4,4,1,50.0
27,50,2,3,4,3,1,50.0
27,52,11,3,4,3,1,50.0
73,82,5,3,3,5,1,50.0
27,53,24,3,4,3,1,50.0
73,81,77,3,3,6,1,50.0
27,54,20,3,4,3,1,50.0
27,56,77,3,5,0,1,50.0
73,79,56,3,3,5,1,50.0
27,57,74,3,5,1,1,50.0
27,59,71,3,5,2,1,50.0
27,60,68,3,5,1,1,50.0
73,78,11,3,3,5,1,50.0
27,61,62,3,5,4,1,50.0
27,62,29,3,5,3,1,50.0
27,64,59,3,5,4,1,50.0
73,77,62,3,3,6,1,50.0
27,65,38,3,5,3,1,50.0
27,68,56,3,5,4,1,50.0
73,76,44,3,3,6,1,50.0
27,69,47,3,5,3,1,50.0
73,75,38,3,3,5,1,50.0
27,71,53,3,5,3,1,50.0
73,74,41,3,3,6,1,50.0
73,72,32,3,3,3,1,50.0
73,69,35,3,3,3,1,50.0
73,68,29,3,3,5,1,50.0
27,72,50,3,5,3,1,50.0
73,67,26,3,3,4,1,50.0
73,64,23,3,3,4,1,50.0
27,73,20,3,5,3,1,50.0
27,79,65,3,5,5,1,50.0
27,80,2,3,5,5,1,50.0
73,63,68,3,4,1,1,50.0
73,62,77,3,4,0,1,50.0
27,81,14,3,5,5,1,50.0
27,82,44,3,5,6,1,50.0
27,83,41,3,5,6,1,50.0
27,84,10,3,5,4,1,50.0
27,85,5,3,5,4,1,50.0
73,60,71,3,4,1,1,50.0
73,59,74,3,4,1,1,50.0
27,86,35,3,5,6,1,50.0
73,58,62,3,4,4,1,50.0
73,57,59,3,4,3,1,50.0
27,88,32,3,5,6,1,50.0
27,89,26,3,5,5,1,50.0
73,56,65,3,4,4,1,50.0
27,90,23,3,5,6,1,50.0
73,54,56,3,4,3,1,50.0
73,52,41,3,4,3,1,50.0
73,51,53,3,4,4,1,50.0
27,92,44,3,6,5,1,50.0
73,50,50,3,4,4,1,50.0
73,49,47,3,4,3,1,50.0
27,93,77,3,6,6,1,50.0
27,94,5,3,6,5,1,50.0
27,96,47,3,6,5,1,50.0
73,48,44,3,4,3,1,50.0
27,97,56,3,6,4,1,50.0
73,47,17,3,4,3,1,50.0
73,45,35,3,4,4,1,50.0
27,98,29,3,6,5,1,50.0
73,44,38,3,4,3,1,50.0
73,43,32,3,4,3,1,50.0
28,1,38,3,3,4,1,50.0
73,42,26,3,4,3,1,50.0
28,2,41,3,3,5,1,50.0
73,41,23,3,4,3,1,50.0
73,39,11,3,4,3,1,50.0
28,3,11,3,3,5,1,50.0
73,38,29,3,4,3,1,50.0
73,37,14,3,4,3,1,50.0
73,36,5,3,4,3,1,50.0
73,35,2,3,4,3,1,50.0
73,34,20,3,4,3,1,50.0
73,32,8,3,4,2,1,50.0
73,31,77,3,5,2,1,50.0
73,30,71,3,5,3,1,50.0
73,29,74,3,5,2,1,50.0
73,28,68,3,5,3,1,50.0
73,26,59,3,5,5,1,50.0
73,25,65,3,5,6,1,50.0
28,5,8,3,3,5,1,50.0
28,6,2,3,3,5,1,50.0
73,24,47,3,5,5,1,50.0
73,23,62,3,5,6,1,50.0
73,22,23,3,5,5,1,50.0
73,21,32,3,5,5,1,50.0
28,7,71,3,3,6,1,50.0
73,20,56,3,5,5,1,50.0
73,19,50,3,5,6,1,50.0
73,18,53,3,5,6,1,50.0
73,17,44,3,5,6,1,50.0
28,8,65,3,4,6,1,50.0
28,9,59,3,4,6,1,50.0
28,10,23,3,4,5,1,50.0
73,16,41,3,5,5,1,50.0
73,15,38,3,5,5,1,50.0
73,14,29,3,5,5,1,50.0
73,12,26,3,5,4,1,50.0
28,11,71,3,4,6,1,50.0
28,12,77,3,3,6,1,50.0
73,11,35,3,5,6,1,50.0
73,10,20,3,5,5,1,50.0
28,13,74,3,4,6,1,50.0
28,14,50,3,4,5,1,50.0
28,15,53,3,4,5,1,50.0
73,9,17,3,5,6,1,50.0
28,18,62,3,4,6,1,50.0
28,21,29,3,4,5,1,50.0
73,8,14,3,5,6,1,50.0
73,7,11,3,5,6,1,50.0
73,6,8,3,5,5,1,50.0
73,4,5,3,5,6,1,50.0
28,22,47,3,4,5,1,50.0
28,26,44,3,4,5,1,50.0
73,3,2,3,5,5,1,50.0
73,2,56,3,6,5,1,50.0
73,1,29,3,6,4,1,50.0
73,0,65,3,6,5,1,50.0
72,99,56,3,3,6,1,50.0
72,97,71,3,2,6,1,50.0
28,30,77,3,4,3,1,50.0
28,31,68,3,4,2,1,50.0
28,32,41,3,4,2,1,50.0
72,96,29,3,3,5,1,50.0
28,33,11,3,4,4,1,50.0
72,93,71,3,3,6,1,50.0
28,35,38,3,4,3,1,50.0
28,36,56,3,4,3,1,50.0
72,92,20,3,3,5,1,50.0
72,89,47,3,3,5,1,50.0
28,37,35,3,4,3,1,50.0
28,38,20,3,4,3,1,50.0
28,39,17,3,4,3,1,50.0
72,88,26,3,3,6,1,50.0
28,40,32,3,4,4,1,50.0
72,87,17,3,3,5,1,50.0
72,86,68,3,4,6,1,50.0
72,81,71,3,4,6,1,50.0
28,42,14,3,4,3,1,50.0
28,43,26,3,4,3,1,50.0
72,80,29,3,4,5,1,50.0
28,44,8,3,4,3,1,50.0
72,77,77,3,3,6,1,50.0
72,71,74,3,3,3,1,50.0
28,45,5,3,4,4,1,50.0
72,68,77,3,4,1,1,50.0
72,67,74,3,4,2,1,50.0
72,65,2,3,4,3,1,50.0
72,63,41,3,4,4,1,50.0
72,62,26,3,4,3,1,50.0
72,61,35,3,4,4,1,50.0
28,46,2,3,4,4,1,50.0
28,48,74,3,5,0,1,50.0
72,60,44,3,4,3,1,50.0
28,49,77,3,5,2,1,50.0
28,50,56,3,5,3,1,50.0
28,54,71,3,5,1,1,50.0
72,59,62,3,4,3,1,50.0
28,55,68,3,5,3,1,50.0
28,57,53,3,5,3,1,50.0
72,58,59,3,4,4,1,50.0
28,60,38,3,5,3,1,50.0
28,61,41,3,5,4,1,50.0
72,56,47,3,4,4,1,50.0
28,63,26,3,5,4,1,50.0
28,66,8,3,5,3,1,50.0
28,67,32,3,5,3,1,50.0
72,54,65,3,4,3,1,50.0
72,52,5,3,4,3,1,50.0
72,48,56,3,4,3,1,50.0
28,70,47,3,5,3,1,50.0
28,73,62,3,5,6,1,50.0
72,45,53,3,4,4,1,50.0
72,44,21,3,4,3,1,50.0
72,43,50,3,4,3,1,50.0
72,42,38,3,4,3,1,50.0
72,41,32,3,4,3,1,50.0
72,40,10,3,4,5,1,50.0
28,74,65,3,5,6,1,50.0
72,39,71,3,5,2,1,50.0
72,38,77,3,5,2,1,50.0
28,75,59,3,5,5,1,50.0
28,76,50,3,5,6,1,50.0
28,77,44,3,5,6,1,50.0
72,37,68,3,5,2,1,50.0
72,35,74,3,5,1,1,50.0
72,34,62,3,5,3,1,50.0
72,32,38,3,5,2,1,50.0
28,78,14,3,5,5,1,50.0
28,79,35,3,5,5,1,50.0
72,31,17,3,5,2,1,50.0
28,80,17,3,5,5,1,50.0
72,30,50,3,5,3,1,50.0
28,81,29,3,5,6,1,50.0
72,29,35,3,5,3,1,50.0
72,27,65,3,5,6,1,50.0
72,25,59,3,5,6,1,50.0
28,82,2,3,5,5,1,50.0
28,83,23,3,5,6,1,50.0
28,85,20,3,5,5,1,50.0
28,88,11,3,5,6,1,50.0
72,24,44,3,5,5,1,50.0
72,23,53,3,5,6,1,50.0
28,89,5,3,5,5,1,50.0
28,90,56,3,6,6,1,50.0
28,94,2,3,6,5,1,50.0
28,95,44,3,6,5,1,50.0
72,22,14,3,5,5,1,50.0
28,96,38,3,6,5,1,50.0
72,21,23,3,5,5,1,50.0
28,97,32,3,6,4,1,50.0
72,20,41,3,5,5,1,50.0
28,98,11,3,6,5,1,50.0
72,18,47,3,5,6,1,50.0
72,17,32,3,5,6,1,50.0
72,14,26,3,5,5,1,50.0
29,0,71,3,2,6,1,50.0
72,13,56,3,5,6,1,50.0
29,1,68,3,2,6,1,50.0
72,10,29,3,5,6,1,50.0
29,2,38,3,3,5,1,50.0
72,9,20,3,5,6,1,50.0
29,3,5,3,3,5,1,50.0
29,6,14,3,3,5,1,50.0
72,8,3,3,5,6,1,50.0
72,5,0,3,5,5,1,50.0
29,7,26,3,3,6,1,50.0
72,3,11,3,5,6,1,50.0
29,8,19,3,3,6,1,50.0
72,2,8,3,5,5,1,50.0
29,9,11,3,3,6,1,50.0
72,1,26,3,6,4,1,50.0
71,99,41,3,3,6,1,50.0
29,10,71,3,3,6,1,50.0
29,11,8,3,3,6,1,50.0
29,14,74,3,3,6,1,50.0
71,96,68,3,2,6,1,50.0
29,16,77,3,2,6,1,50.0
29,18,2,3,3,6,1,50.0
71,93,68,3,3,6,1,50.0
71,90,38,3,3,6,1,50.0
29,20,68,3,3,5,1,50.0
71,87,5,3,3,5,1,50.0
71,86,22,3,3,6,1,50.0
29,23,68,3,4,6,1,50.0
71,84,77,3,2,6,1,50.0
71,83,71,3,3,6,1,50.0
29,24,77,3,3,6,1,50.0
71,82,77,3,3,6,1,50.0
29,25,74,3,4,6,1,50.0
29,26,71,3,4,5,1,50.0
71,80,68,3,4,6,1,50.0
29,27,62,3,4,6,1,50.0
71,79,74,3,4,5,1,50.0
29,28,77,3,4,6,1,50.0
29,30,47,3,4,3,1,50.0
71,78,71,3,4,6,1,50.0
29,31,5,3,4,2,1,50.0
29,32,26,3,4,2,1,50.0
71,77,50,3,4,6,1,50.0
71,75,44,3,4,5,1,50.0
71,74,77,3,4,6,1,50.0
71,72,65,3,4,6,1,50.0
71,70,41,3,4,3,1,50.0
71,69,38,3,4,3,1,50.0
71,67,31,3,4,4,1,50.0
71,66,62,3,4,4,1,50.0
29,33,2,3,4,4,1,50.0
29,34,59,3,4,3,1,50.0
71,65,59,3,4,4,1,50.0
29,36,53,3,4,2,1,50.0
71,61,23,3,4,4,1,50.0
71,60,35,3,4,3,1,50.0
71,58,56,3,4,4,1,50.0
29,37,56,3,4,3,1,50.0
29,38,65,3,4,3,1,50.0
29,42,50,3,4,3,1,50.0
71,56,26,3,4,4,1,50.0
29,43,44,3,4,3,1,50.0
29,47,41,3,4,4,1,50.0
71,55,19,3,4,3,1,50.0
71,52,53,3,4,4,1,50.0
29,48,38,3,4,4,1,50.0
71,48,47,3,4,3,1,50.0
29,51,10,3,4,4,1,50.0
71,47,77,3,5,2,1,50.0
29,53,35,3,4,3,1,50.0
29,57,19,3,4,3,1,50.0
71,41,68,3,5,1,1,50.0
71,39,74,3,5,3,1,50.0
29,58,32,3,4,4,1,50.0
29,60,23,3,4,3,1,50.0
71,38,71,3,5,3,1,50.0
29,61,29,3,4,4,1,50.0
71,37,59,3,5,3,1,50.0
71,36,38,3,5,2,1,50.0
29,62,16,3,4,5,1,50.0
29,64,13,3,4,5,1,50.0
71,34,56,3,5,3,1,50.0
29,65,74,3,5,1,1,50.0
71,33,5,3,5,4,1,50.0
71,32,19,3,5,2,1,50.0
71,31,2,3,5,2,1,50.0
71,29,65,3,5,5,1,50.0
29,66,77,3,5,1,1,50.0
71,28,62,3,5,6,1,50.0
71,25,53,3,5,6,1,50.0
71,23,50,3,5,6,1,50.0
71,20,44,3,5,5,1,50.0
71,18,35,3,5,6,1,50.0
71,17,47,3,5,6,1,50.0
71,15,29,3,5,5,1,50.0
29,68,71,3,5,2,1,50.0
29,69,2,3,5,3,1,50.0
71,13,32,3,5,6,1,50.0
71,12,23,3,5,4,1,50.0
71,10,41,3,5,6,1,50.0
71,7,16,3,5,6,1,50.0
29,70,68,3,5,3,1,50.0
71,5,26,3,5,6,1,50.0
29,71,13,3,5,5,1,50.0
29,72,62,3,5,6,1,50.0
29,73,59,3,5,6,1,50.0
71,1,10,3,5,5,1,50.0
71,0,62,3,6,5,1,50.0
70,97,44,3,3,5,1,50.0
70,94,74,3,2,6,1,50.0
29,74,56,3,5,6,1,50.0
29,76,53,3,5,6,1,50.0
29,77,41,3,5,6,1,50.0
70,93,38,3,3,6,1,50.0
70,92,77,3,3,6,1,50.0
29,78,8,3,5,5,1,50.0
29,80,50,3,5,6,1,50.0
29,81,47,3,5,6,1,50.0
29,82,17,3,5,5,1,50.0
29,84,44,3,5,5,1,50.0
70,91,65,3,4,6,1,50.0
29,86,38,3,5,6,1,50.0
29,87,29,3,5,5,1,50.0
70,90,50,3,4,6,1,50.0
29,88,23,3,5,6,1,50.0
29,89,32,3,5,5,1,50.0
29,90,35,3,5,6,1,50.0
29,91,26,3,5,6,1,50.0
29,92,5,3,5,5,1,50.0
70,89,74,3,3,6,1,50.0
29,93,20,3,5,6,1,50.0
70,88,68,3,4,6,1,50.0
70,85,15,3,4,4,1,50.0
29,94,71,3,6,6,1,50.0
70,83,62,3,4,6,1,50.0
29,95,41,3,6,5,1,50.0
70,80,59,3,4,6,1,50.0
29,96,44,3,6,5,1,50.0
29,97,19,3,6,4,1,50.0
70,78,74,3,4,6,1,50.0
29,98,5,3,6,5,1,50.0
70,71,77,3,4,6,1,50.0
70,69,71,3,4,4,1,50.0
70,68,11,3,4,4,1,50.0
70,64,56,3,4,4,1,50.0
70,63,8,3,4,4,1,50.0
70,61,5,3,4,4,1,50.0
29,99,2,3,6,5,1,50.0
70,60,53,3,4,4,1,50.0
30,2,35,3,3,5,1,50.0
30,3,41,3,3,6,1,50.0
30,5,38,3,3,6,1,50.0
70,59,47,3,4,3,1,50.0
30,7,8,3,3,6,1,50.0
30,8,0,3,3,6,1,50.0
30,11,14,3,3,6,1,50.0
70,58,44,3,4,4,1,50.0
30,12,11,3,3,5,1,50.0
70,57,41,3,4,3,1,50.0
70,56,38,3,4,4,1,50.0
30,13,5,3,3,6,1,50.0
30,14,32,3,4,5,1,50.0
30,15,74,3,4,5,1,50.0
70,55,27,3,4,4,1,50.0
70,52,77,3,5,0,1,50.0
30,17,65,3,4,6,1,50.0
70,50,41,3,5,3,1,50.0
30,21,9,3,4,5,1,50.0
30,22,5,3,4,5,1,50.0
30,23,44,3,4,6,1,50.0
30,24,71,3,4,5,1,50.0
30,25,68,3,4,6,1,50.0
70,48,74,3,5,2,1,50.0
70,47,71,3,5,2,1,50.0
30,27,59,3,4,6,1,50.0
70,46,68,3,5,3,1,50.0
30,28,53,3,4,6,1,50.0
30,31,77,3,4,3,1,50.0
30,32,16,3,4,2,1,50.0
70,45,65,3,5,4,1,50.0
70,41,59,3,5,3,1,50.0
70,39,56,3,5,3,1,50.0
30,33,62,3,4,5,1,50.0
30,35,47,3,4,3,1,50.0
30,37,50,3,4,3,1,50.0
70,33,53,3,5,5,1,50.0
70,31,62,3,5,3,1,50.0
30,38,56,3,4,3,1,50.0
30,39,41,3,4,3,1,50.0
30,43,29,3,4,3,1,50.0
30,44,2,3,4,3,1,50.0
70,28,50,3,5,6,1,50.0
30,45,24,3,4,4,1,50.0
70,27,38,3,5,6,1,50.0
30,47,38,3,4,4,1,50.0
30,50,35,3,4,4,1,50.0
70,26,35,3,5,5,1,50.0
30,54,13,3,4,3,1,50.0
30,55,77,3,5,2,1,50.0
30,56,74,3,5,0,1,50.0
70,25,47,3,5,6,1,50.0
70,24,26,3,5,5,1,50.0
30,57,71,3,5,2,1,50.0
30,59,68,3,5,3,1,50.0
30,60,20,3,5,3,1,50.0
30,61,32,3,5,4,1,50.0
70,23,32,3,5,6,1,50.0
30,63,17,3,5,4,1,50.0
30,64,53,3,5,4,1,50.0
70,21,20,3,5,5,1,50.0
70,20,29,3,5,5,1,50.0
30,66,5,3,5,3,1,50.0
70,19,44,3,5,6,1,50.0
30,67,14,3,5,3,1,50.0
30,68,2,3,5,4,1,50.0
30,69,65,3,5,4,1,50.0
70,18,17,3,5,6,1,50.0
70,16,23,3,5,5,1,50.0
30,71,59,3,5,6,1,50.0
70,15,14,3,5,5,1,50.0
30,72,56,3,5,6,1,50.0
70,13,11,3,5,6,1,50.0
70,12,2,3,5,4,1,50.0
70,10,8,3,5,6,1,50.0
30,75,23,3,5,5,1,50.0
70,6,5,3,5,6,1,50.0
30,76,62,3,5,6,1,50.0
70,4,47,3,6,6,1,50.0
70,3,35,3,6,5,1,50.0
69,97,16,3,4,4,1,50.0
69,93,62,3,4,6,1,50.0
30,78,50,3,5,6,1,50.0
30,80,47,3,5,6,1,50.0
30,81,44,3,5,6,1,50.0
69,92,74,3,1,6,1,50.0
69,86,59,3,4,6,1,50.0
30,82,41,3,5,6,1,50.0
30,83,38,3,5,6,1,50.0
30,84,35,3,5,5,1,50.0
69,85,77,3,2,6,1,50.0
69,84,74,3,3,5,1,50.0
69,82,68,3,4,6,1,50.0
30,87,26,3,5,5,1,50.0
69,80,56,3,4,6,1,50.0
30,88,29,3,5,6,1,50.0
30,89,11,3,5,5,1,50.0
69,79,77,3,3,6,1,50.0
69,78,53,3,4,6,1,50.0
30,90,8,3,5,6,1,50.0
69,77,74,3,4,6,1,50.0
30,92,32,3,6,5,1,50.0
69,76,77,3,4,6,1,50.0
69,73,50,3,4,6,1,50.0
69,72,47,3,4,6,1,50.0
30,93,65,3,6,6,1,50.0
30,96,26,3,6,5,1,50.0
69,68,44,3,4,5,1,50.0
69,67,11,3,4,3,1,50.0
69,66,41,3,4,4,1,50.0
69,65,38,3,4,4,1,50.0
30,97,13,3,6,4,1,50.0
69,63,35,3,4,5,1,50.0
69,62,32,3,4,4,1,50.0
69,61,29,3,4,5,1,50.0
69,59,26,3,4,3,1,50.0
30,98,62,3,6,6,1,50.0
30,99,59,3,6,6,1,50.0
31,0,74,3,2,6,1,50.0
31,1,19,3,3,4,1,50.0
69,58,8,3,4,4,1,50.0
31,2,50,3,3,5,1,50.0
31,3,32,3,3,5,1,50.0
31,4,41,3,3,6,1,50.0
69,56,5,3,4,4,1,50.0
31,5,24,3,3,5,1,50.0
69,50,2,3,4,4,1,50.0
31,6,11,3,3,5,1,50.0
69,49,74,3,5,2,1,50.0
31,8,59,3,3,6,1,50.0
69,45,77,3,5,2,1,50.0
69,40,71,3,5,2,1,50.0
69,36,68,3,5,3,1,50.0
69,35,44,3,5,3,1,50.0
69,34,53,3,5,3,1,50.0
69,29,65,3,5,6,1,50.0
31,9,65,3,3,6,1,50.0
31,12,74,3,3,5,1,50.0
31,14,16,3,3,5,1,50.0
31,15,47,3,3,5,1,50.0
69,26,41,3,5,5,1,50.0
69,25,56,3,5,6,1,50.0
31,17,53,3,3,6,1,50.0
69,24,38,3,5,5,1,50.0
69,23,35,3,5,6,1,50.0
31,19,68,3,3,6,1,50.0
69,22,11,3,5,5,1,50.0
69,21,3,3,5,5,1,50.0
31,20,38,3,3,5,1,50.0
69,20,59,3,5,5,1,50.0
69,18,50,3,5,6,1,50.0
31,21,0,3,3,5,1,50.0
31,22,71,3,3,6,1,50.0
69,12,20,3,5,4,1,50.0
69,10,62,3,5,6,1,50.0
69,9,47,3,5,6,1,50.0
69,6,32,3,5,5,1,50.0
31,26,29,3,3,5,1,50.0
31,27,35,3,3,6,1,50.0
69,2,26,3,5,5,1,50.0
31,32,5,3,3,2,1,50.0
68,98,65,3,5,6,1,50.0
31,34,44,3,3,3,1,50.0
68,97,68,3,2,5,1,50.0
68,96,74,3,1,6,1,50.0
68,94,68,3,3,6,1,50.0
68,93,59,3,5,6,1,50.0
68,89,77,3,2,6,1,50.0
68,87,71,3,3,6,1,50.0
68,86,62,3,5,6,1,50.0
68,83,56,3,5,6,1,50.0
31,35,56,3,3,4,1,50.0
68,82,71,3,4,6,1,50.0
31,37,8,3,3,3,1,50.0
31,38,77,3,4,3,1,50.0
68,81,53,3,5,6,1,50.0
68,79,74,3,2,6,1,50.0
31,39,71,3,4,3,1,50.0
68,75,77,3,3,6,1,50.0
31,40,74,3,4,1,1,50.0
68,73,74,3,3,6,1,50.0
68,71,74,3,4,6,1,50.0
31,41,68,3,4,2,1,50.0
68,67,77,3,4,2,1,50.0
31,43,62,3,4,2,1,50.0
68,65,68,3,4,3,1,50.0
31,44,65,3,4,3,1,50.0
68,62,74,3,5,0,1,50.0
68,59,77,3,5,2,1,50.0
68,58,71,3,5,3,1,50.0
68,57,68,3,5,2,1,50.0
68,56,35,3,5,4,1,50.0
31,45,56,3,4,4,1,50.0
31,46,59,3,4,3,1,50.0
68,55,41,3,5,3,1,50.0
68,49,50,3,5,3,1,50.0
31,47,53,3,4,3,1,50.0
68,45,47,3,5,4,1,50.0
68,41,26,3,5,3,1,50.0
68,37,38,3,5,3,1,50.0
68,31,32,3,5,4,1,50.0
68,30,23,3,5,6,1,50.0
31,49,41,3,4,3,1,50.0
68,28,20,3,5,6,1,50.0
31,50,47,3,4,4,1,50.0
31,52,2,3,4,3,1,50.0
31,53,5,3,4,2,1,50.0
31,55,44,3,4,3,1,50.0
68,25,17,3,5,6,1,50.0
68,22,2,3,5,5,1,50.0
68,21,14,3,5,6,1,50.0
68,14,6,3,5,5,1,50.0
31,56,23,3,4,4,1,50.0
68,13,71,3,6,6,1,50.0
31,57,50,3,4,3,1,50.0
31,59,38,3,4,3,1,50.0
68,12,11,3,5,6,1,50.0
68,9,56,3,6,6,1,50.0
31,60,17,3,4,3,1,50.0
31,62,20,3,4,3,1,50.0
31,63,14,3,4,4,1,50.0
68,7,62,3,6,6,1,50.0
68,6,24,3,6,5,1,50.0
31,64,29,3,4,4,1,50.0
31,65,35,3,4,4,1,50.0
68,4,38,3,6,6,1,50.0
68,2,21,3,6,5,1,50.0
31,66,26,3,4,4,1,50.0
68,1,65,3,6,5,1,50.0
67,99,5,3,3,6,1,50.0
67,95,71,3,2,6,1,50.0
31,67,11,3,4,4,1,50.0
31,69,8,3,4,5,1,50.0
31,71,71,3,5,6,1,50.0
67,92,2,3,3,5,1,50.0
67,87,68,3,3,6,1,50.0
67,86,19,3,4,6,1,50.0
31,72,77,3,5,6,1,50.0
67,85,74,3,3,5,1,50.0
31,73,68,3,5,6,1,50.0
31,74,74,3,5,6,1,50.0
67,84,71,3,3,5,1,50.0
31,78,62,3,5,6,1,50.0
67,83,16,3,4,6,1,50.0
67,82,23,3,4,6,1,50.0
67,80,8,3,4,6,1,50.0
67,76,74,3,4,6,1,50.0
31,79,59,3,5,5,1,50.0
31,80,65,3,5,6,1,50.0
67,75,2,3,4,5,1,50.0
31,83,53,3,5,6,1,50.0
31,84,2,3,5,4,1,50.0
67,73,77,3,3,6,1,50.0
31,85,56,3,5,5,1,50.0
67,72,71,3,4,6,1,50.0
67,70,77,3,4,6,1,50.0
31,86,50,3,5,6,1,50.0
67,66,68,3,4,3,1,50.0
67,63,5,3,4,5,1,50.0
31,87,20,3,5,5,1,50.0
67,61,77,3,5,1,1,50.0
31,88,47,3,5,6,1,50.0
31,89,44,3,5,5,1,50.0
67,60,74,3,5,2,1,50.0
31,90,41,3,5,6,1,50.0
67,58,68,3,5,3,1,50.0
31,91,38,3,5,6,1,50.0
31,97,10,3,5,4,1,50.0
67,57,71,3,5,3,1,50.0
31,98,35,3,5,6,1,50.0
67,56,62,3,5,4,1,50.0
67,52,65,3,5,4,1,50.0
67,51,59,3,5,4,1,50.0
32,1,2,3,2,5,1,50.0
67,50,56,3,5,4,1,50.0
67,46,50,3,5,4,1,50.0
32,2,71,3,2,6,1,50.0
67,45,44,3,5,4,1,50.0
67,44,47,3,5,3,1,50.0
67,43,18,3,5,3,1,50.0
67,39,35,3,5,3,1,50.0
67,38,41,3,5,3,1,50.0
32,4,35,3,3,6,1,50.0
32,5,21,3,3,5,1,50.0
32,6,71,3,3,6,1,50.0
67,36,38,3,5,3,1,50.0
67,35,5,3,5,3,1,50.0
32,7,59,3,3,6,1,50.0
67,34,32,3,5,3,1,50.0
32,8,62,3,3,6,1,50.0
32,9,53,3,3,6,1,50.0
67,33,29,3,5,5,1,50.0
32,10,68,3,3,6,1,50.0
67,31,26,3,5,5,1,50.0
67,29,23,3,5,6,1,50.0
67,27,15,3,5,6,1,50.0
67,23,12,3,5,6,1,50.0
67,21,9,3,5,6,1,50.0
67,20,2,3,5,5,1,50.0
67,18,74,3,6,6,1,50.0
32,12,74,3,2,6,1,50.0
32,13,47,3,3,6,1,50.0
67,15,59,3,6,5,1,50.0
32,14,13,3,3,5,1,50.0
32,15,77,3,2,6,1,50.0
67,11,62,3,6,6,1,50.0
32,17,50,3,3,6,1,50.0
32,18,65,3,3,6,1,50.0
67,10,65,3,6,6,1,50.0
32,19,74,3,3,6,1,50.0
67,8,56,3,6,6,1,50.0
32,20,32,3,3,5,1,50.0
32,22,77,3,3,6,1,50.0
32,23,38,3,3,6,1,50.0
67,7,53,3,6,6,1,50.0
32,24,18,3,3,5,1,50.0
67,6,68,3,6,6,1,50.0
67,3,29,3,6,5,1,50.0
67,2,18,3,6,5,1,50.0
32,25,44,3,3,6,1,50.0
32,29,56,3,3,6,1,50.0
32,30,41,3,3,6,1,50.0
66,98,59,3,4,6,1,50.0
66,97,7,3,4,4,1,50.0
66,96,71,3,2,6,1,50.0
66,94,65,3,4,6,1,50.0
32,31,29,3,3,5,1,50.0
66,93,56,3,4,6,1,50.0
66,92,71,3,3,6,1,50.0
32,33,26,3,3,5,1,50.0
66,91,53,3,4,6,1,50.0
32,36,2,3,3,3,1,50.0
66,90,47,3,4,6,1,50.0
66,89,50,3,4,5,1,50.0
66,87,14,3,4,5,1,50.0
32,39,8,3,3,3,1,50.0
32,41,5,3,3,4,1,50.0
32,44,77,3,4,2,1,50.0
32,46,74,3,4,3,1,50.0
32,48,65,3,4,2,1,50.0
66,86,44,3,4,6,1,50.0
32,49,71,3,4,2,1,50.0
32,55,62,3,4,3,1,50.0
32,58,68,3,4,4,1,50.0
66,85,74,3,3,6,1,50.0
32,59,56,3,4,3,1,50.0
66,84,68,3,4,5,1,50.0
32,60,8,3,4,3,1,50.0
32,61,20,3,4,4,1,50.0
66,83,35,3,4,6,1,50.0
66,82,38,3,4,6,1,50.0
66,81,32,3,4,6,1,50.0
32,62,23,3,4,3,1,50.0
32,64,50,3,4,4,1,50.0
32,65,53,3,4,4,1,50.0
32,69,29,3,4,5,1,50.0
66,78,23,3,4,6,1,50.0
66,77,29,3,4,6,1,50.0
32,71,47,3,4,6,1,50.0
66,76,71,3,4,6,1,50.0
32,72,59,3,4,6,1,50.0
32,73,44,3,4,6,1,50.0
66,73,20,3,4,6,1,50.0
32,76,41,3,4,6,1,50.0
32,77,38,3,4,6,1,50.0
32,78,35,3,4,6,1,50.0
66,71,17,3,4,6,1,50.0
66,68,77,3,2,6,1,50.0
66,63,77,3,3,2,1,50.0
32,83,26,3,4,6,1,50.0
32,87,11,3,4,5,1,50.0
66,62,77,3,4,1,1,50.0
66,60,2,3,4,3,1,50.0
66,54,74,3,4,2,1,50.0
32,88,17,3,4,6,1,50.0
32,89,14,3,4,5,1,50.0
66,53,11,3,4,3,1,50.0
32,90,32,3,4,6,1,50.0
32,91,5,3,4,6,1,50.0
66,52,77,3,5,1,1,50.0
32,92,2,3,4,6,1,50.0
66,51,71,3,5,1,1,50.0
66,48,74,3,5,3,1,50.0
32,93,53,3,5,6,1,50.0
66,46,65,3,5,3,1,50.0
66,45,68,3,5,3,1,50.0
66,42,62,3,5,3,1,50.0
66,41,53,3,5,3,1,50.0
32,95,29,3,5,5,1,50.0
32,97,65,3,5,5,1,50.0
66,38,59,3,5,3,1,50.0
66,37,44,3,5,3,1,50.0
32,98,56,3,5,6,1,50.0
66,31,32,3,5,5,1,50.0
66,28,47,3,5,6,1,50.0
66,27,50,3,5,6,1,50.0
33,0,68,3,1,6,1,50.0
66,23,29,3,5,6,1,50.0
33,2,68,3,3,6,1,50.0
33,3,71,3,1,6,1,50.0
66,22,56,3,5,6,1,50.0
33,4,32,3,5,6,1,50.0
33,6,65,3,5,6,1,50.0
66,21,38,3,5,6,1,50.0
66,20,35,3,5,5,1,50.0
33,9,50,3,5,6,1,50.0
66,19,26,3,5,6,1,50.0
66,18,14,3,5,6,1,50.0
66,17,41,3,5,6,1,50.0
66,15,23,3,5,5,1,50.0
66,14,20,3,5,5,1,50.0
66,12,17,3,5,4,1,50.0
66,11,11,3,5,6,1,50.0
33,10,59,3,5,6,1,50.0
66,10,5,3,5,6,1,50.0
66,4,8,3,5,6,1,50.0
66,2,2,3,5,5,1,50.0
65,98,50,3,4,6,1,50.0
65,94,62,3,4,6,1,50.0
65,93,47,3,4,6,1,50.0
33,14,71,3,3,6,1,50.0
33,20,77,3,1,6,1,50.0
65,90,29,3,4,6,1,50.0
65,86,65,3,4,6,1,50.0
65,85,71,3,3,6,1,50.0
65,84,74,3,2,6,1,50.0
65,83,44,3,4,6,1,50.0
33,21,74,3,1,5,1,50.0
65,81,56,3,4,6,1,50.0
65,80,41,3,4,6,1,50.0
65,76,68,3,4,6,1,50.0
33,22,74,3,3,6,1,50.0
65,75,74,3,3,6,1,50.0
65,74,26,3,4,6,1,50.0
33,23,23,3,5,6,1,50.0
33,26,77,3,3,6,1,50.0
65,72,74,3,4,6,1,50.0
33,27,74,3,4,6,1,50.0
65,70,71,3,4,6,1,50.0
33,35,77,3,4,0,1,50.0
65,69,77,3,2,6,1,50.0
65,68,32,3,4,6,1,50.0
65,67,77,3,3,6,1,50.0
33,37,71,3,4,2,1,50.0
65,66,77,3,4,6,1,50.0
33,45,68,3,4,4,1,50.0
65,62,17,3,4,3,1,50.0
65,61,11,3,4,4,1,50.0
33,50,77,3,5,3,1,50.0
33,52,74,3,5,4,1,50.0
65,60,23,3,4,4,1,50.0
65,59,14,3,4,3,1,50.0
33,53,68,3,5,1,1,50.0
65,58,20,3,4,4,1,50.0
65,57,8,3,4,3,1,50.0
65,55,5,3,4,4,1,50.0
33,54,71,3,5,2,1,50.0
65,53,2,3,4,3,1,50.0
65,52,77,3,5,3,1,50.0
65,49,68,3,5,2,1,50.0
33,57,47,3,5,3,1,50.0
65,48,71,3,5,3,1,50.0
33,65,56,3,5,5,1,50.0
33,67,44,3,5,6,1,50.0
33,70,41,3,5,6,1,50.0
65,47,74,3,5,2,1,50.0
33,72,38,3,5,6,1,50.0
65,42,65,3,5,3,1,50.0
33,73,35,3,5,6,1,50.0
33,74,20,3,5,6,1,50.0
65,41,35,3,5,3,1,50.0
65,40,62,3,5,4,1,50.0
65,38,50,3,5,3,1,50.0
33,76,17,3,5,6,1,50.0
65,37,53,3,5,3,1,50.0
65,36,59,3,5,3,1,50.0
65,35,41,3,5,3,1,50.0
65,33,14,3,5,5,1,50.0
33,82,11,3,5,6,1,50.0
33,85,8,3,5,5,1,50.0
33,87,5,3,5,6,1,50.0
65,32,47,3,5,5,1,50.0
33,91,2,3,5,6,1,50.0
33,95,26,3,6,5,1,50.0
65,30,44,3,5,6,1,50.0
65,26,32,3,5,5,1,50.0
33,97,62,3,6,5,1,50.0
65,21,29,3,5,6,1,50.0
33,98,53,3,6,6,1,50.0
65,20,23,3,5,5,1,50.0
33,99,50,3,6,6,1,50.0
65,16,38,3,5,5,1,50.0
34,0,50,3,3,5,1,50.0
34,1,47,3,3,5,1,50.0
65,14,26,3,5,6,1,50.0
65,12,20,3,5,5,1,50.0
34,2,14,3,3,5,1,50.0
65,11,5,3,5,6,1,50.0
65,10,17,3,5,6,1,50.0
34,3,68,3,2,6,1,50.0
65,8,53,3,6,6,1,50.0
65,4,11,3,5,6,1,50.0
65,1,8,3,5,6,1,50.0
34,4,29,3,3,6,1,50.0
65,0,2,3,5,5,1,50.0
34,5,41,3,3,6,1,50.0
34,6,38,3,3,6,1,50.0
34,7,35,3,3,6,1,50.0
34,8,23,3,3,6,1,50.0
64,99,47,3,4,6,1,50.0
64,96,32,3,4,5,1,50.0
64,92,68,3,2,6,1,50.0
34,9,8,3,3,6,1,50.0
64,91,44,3,4,6,1,50.0
64,89,68,3,3,6,1,50.0
34,11,2,3,3,6,1,50.0
34,14,68,3,3,6,1,50.0
34,15,11,3,3,5,1,50.0
64,87,8,3,4,5,1,50.0
64,85,68,3,4,5,1,50.0
64,84,71,3,2,6,1,50.0
64,79,71,3,3,5,1,50.0
64,75,20,3,4,5,1,50.0
64,74,17,3,4,6,1,50.0
34,16,5,3,3,5,1,50.0
64,70,74,3,3,6,1,50.0
34,17,35,3,4,6,1,50.0
64,68,74,3,4,6,1,50.0
64,67,71,3,4,6,1,50.0
64,66,41,3,4,6,1,50.0
34,18,71,3,4,6,1,50.0
34,19,65,3,4,6,1,50.0
34,20,74,3,3,6,1,50.0
64,65,77,3,2,6,1,50.0
34,22,62,3,4,6,1,50.0
34,23,26,3,4,6,1,50.0
64,61,77,3,3,2,1,50.0
64,54,77,3,4,1,1,50.0
34,24,68,3,4,5,1,50.0
64,52,38,3,4,4,1,50.0
64,51,2,3,4,4,1,50.0
34,25,50,3,4,6,1,50.0
64,49,26,3,4,4,1,50.0
64,44,5,3,4,3,1,50.0
64,43,74,3,5,1,1,50.0
64,39,77,3,5,3,1,50.0
64,38,68,3,5,3,1,50.0
34,26,53,3,4,5,1,50.0
64,35,71,3,5,2,1,50.0
64,33,65,3,5,6,1,50.0
64,27,53,3,5,6,1,50.0
64,26,23,3,5,5,1,50.0
34,27,41,3,4,6,1,50.0
34,28,74,3,4,6,1,50.0
64,24,35,3,5,5,1,50.0
34,29,77,3,3,6,1,50.0
64,20,20,3,5,5,1,50.0
34,30,77,3,4,6,1,50.0
34,31,23,3,4,5,1,50.0
34,32,59,3,4,5,1,50.0
64,19,59,3,5,6,1,50.0
34,33,56,3,4,6,1,50.0
64,18,44,3,5,6,1,50.0
34,35,47,3,4,4,1,50.0
64,17,29,3,5,6,1,50.0
34,36,44,3,4,3,1,50.0
64,15,50,3,5,5,1,50.0
34,37,32,3,4,3,1,50.0
64,14,62,3,5,6,1,50.0
64,13,38,3,5,6,1,50.0
64,12,56,3,5,5,1,50.0
64,8,47,3,5,6,1,50.0
34,38,38,3,4,3,1,50.0
64,7,41,3,5,6,1,50.0
64,5,17,3,5,5,1,50.0
63,98,20,3,4,6,1,50.0
34,39,5,3,4,3,1,50.0
63,97,68,3,2,6,1,50.0
34,40,18,3,4,4,1,50.0
63,96,23,3,5,5,1,50.0
34,41,15,3,4,3,1,50.0
63,95,17,3,5,5,1,50.0
63,92,29,3,5,5,1,50.0
34,44,11,3,4,3,1,50.0
34,45,2,3,4,4,1,50.0
34,46,29,3,4,4,1,50.0
34,49,8,3,4,4,1,50.0
34,50,77,3,5,4,1,50.0
63,90,26,3,5,6,1,50.0
34,51,74,3,5,2,1,50.0
63,89,20,3,5,5,1,50.0
34,52,71,3,5,4,1,50.0
34,53,68,3,5,2,1,50.0
63,88,65,3,5,6,1,50.0
63,84,68,3,3,6,1,50.0
34,54,62,3,5,3,1,50.0
63,83,59,3,5,6,1,50.0
34,55,65,3,5,3,1,50.0
34,56,44,3,5,4,1,50.0
63,82,62,3,5,6,1,50.0
34,58,53,3,5,4,1,50.0
34,59,50,3,5,3,1,50.0
63,80,53,3,5,6,1,50.0
34,60,59,3,5,4,1,50.0
63,79,71,3,2,6,1,50.0
34,61,17,3,5,4,1,50.0
63,78,68,3,4,6,1,50.0
63,75,71,3,3,6,1,50.0
63,72,68,3,5,6,1,50.0
63,71,56,3,5,6,1,50.0
63,68,50,3,5,6,1,50.0
63,67,47,3,5,6,1,50.0
34,62,56,3,5,4,1,50.0
63,66,74,3,2,6,1,50.0
34,64,32,3,5,5,1,50.0
34,65,47,3,5,6,1,50.0
63,65,74,3,3,6,1,50.0
63,61,77,3,3,3,1,50.0
63,60,77,3,4,2,1,50.0
63,59,74,3,4,2,1,50.0
34,66,38,3,5,6,1,50.0
63,57,71,3,4,4,1,50.0
63,50,74,3,5,4,1,50.0
63,49,77,3,5,3,1,50.0
34,67,41,3,5,6,1,50.0
63,46,71,3,5,3,1,50.0
63,44,44,3,5,3,1,50.0
63,42,41,3,5,3,1,50.0
63,38,14,3,5,3,1,50.0
63,33,38,3,5,6,1,50.0
63,30,10,3,5,6,1,50.0
34,69,23,3,5,5,1,50.0
63,29,32,3,5,6,1,50.0
63,27,2,3,5,6,1,50.0
34,70,29,3,5,6,1,50.0
34,72,35,3,5,6,1,50.0
34,73,26,3,5,6,1,50.0
34,74,14,3,5,6,1,50.0
63,24,15,3,6,5,1,50.0
63,21,77,3,6,6,1,50.0
63,20,65,3,6,5,1,50.0
63,19,56,3,6,6,1,50.0
63,18,59,3,6,6,1,50.0
34,75,11,3,5,5,1,50.0
63,15,44,3,6,5,1,50.0
63,13,68,3,6,6,1,50.0
34,76,20,3,5,6,1,50.0
34,77,8,3,5,6,1,50.0
63,12,71,3,6,5,1,50.0
34,79,5,3,5,5,1,50.0
34,81,2,3,5,6,1,50.0
34,82,59,3,6,6,1,50.0
34,84,65,3,6,5,1,50.0
34,86,56,3,6,6,1,50.0
63,11,53,3,6,6,1,50.0
34,87,62,3,6,6,1,50.0
63,10,50,3,6,6,1,50.0
63,8,41,3,6,6,1,50.0
63,5,62,3,6,6,1,50.0
63,2,11,3,6,5,1,50.0
63,0,32,3,6,5,1,50.0
62,99,62,3,4,6,1,50.0
62,98,47,3,4,6,1,50.0
62,97,59,3,4,5,1,50.0
34,88,53,3,6,6,1,50.0
34,89,29,3,6,5,1,50.0
34,90,20,3,6,6,1,50.0
62,96,20,3,4,5,1,50.0
62,95,23,3,4,5,1,50.0
62,89,17,3,4,5,1,50.0
62,84,53,3,4,5,1,50.0
34,91,50,3,6,6,1,50.0
34,92,23,3,6,5,1,50.0
62,81,65,3,4,6,1,50.0
34,94,47,3,6,6,1,50.0
34,95,14,3,6,5,1,50.0
34,97,41,3,6,5,1,50.0
34,98,44,3,6,6,1,50.0
34,99,38,3,6,6,1,50.0
62,80,44,3,4,6,1,50.0
62,79,68,3,2,6,1,50.0
35,5,35,3,3,6,1,50.0
62,78,41,3,4,6,1,50.0
62,77,35,3,4,6,1,50.0
62,74,68,3,3,6,1,50.0
62,73,71,3,2,6,1,50.0
62,69,74,3,1,6,1,50.0
62,68,68,3,4,6,1,50.0
62,67,50,3,4,6,1,50.0
35,7,50,3,4,6,1,50.0
62,66,71,3,3,6,1,50.0
62,65,71,3,4,6,1,50.0
35,10,53,3,4,6,1,50.0
35,11,59,3,4,6,1,50.0
62,63,74,3,2,6,1,50.0
62,58,77,3,2,1,1,50.0
62,57,77,3,3,1,1,50.0
35,12,68,3,1,5,1,50.0
35,14,23,3,4,5,1,50.0
62,56,74,3,3,1,1,50.0
35,15,74,3,2,6,1,50.0
62,54,77,3,4,2,1,50.0
62,53,74,3,4,1,1,50.0
62,52,26,3,4,4,1,50.0
35,16,68,3,2,6,1,50.0
62,51,38,3,4,4,1,50.0
35,20,71,3,3,6,1,50.0
62,48,29,3,4,5,1,50.0
35,21,74,3,3,6,1,50.0
35,24,68,3,3,6,1,50.0
62,47,56,3,5,2,1,50.0
62,44,71,3,5,2,1,50.0
62,40,77,3,5,2,1,50.0
62,39,68,3,5,3,1,50.0
35,27,71,3,4,6,1,50.0
35,28,68,3,4,6,1,50.0
35,29,74,3,4,6,1,50.0
62,34,74,3,5,6,1,50.0
62,33,59,3,5,6,1,50.0
62,32,62,3,5,5,1,50.0
35,30,38,3,4,6,1,50.0
35,31,77,3,1,6,1,50.0
35,32,77,3,2,5,1,50.0
62,30,53,3,5,6,1,50.0
35,34,77,3,3,6,1,50.0
62,29,50,3,5,6,1,50.0
62,26,20,3,5,5,1,50.0
62,25,41,3,5,6,1,50.0
62,22,65,3,5,6,1,50.0
62,20,13,3,5,5,1,50.0
35,36,77,3,4,2,1,50.0
35,37,41,3,4,3,1,50.0
35,38,44,3,4,3,1,50.0
35,39,65,3,4,3,1,50.0
62,19,47,3,5,6,1,50.0
62,17,26,3,5,6,1,50.0
35,42,35,3,4,3,1,50.0
35,43,62,3,4,3,1,50.0
62,16,44,3,5,5,1,50.0
62,15,38,3,5,6,1,50.0
35,44,32,3,4,4,1,50.0
62,14,35,3,5,6,1,50.0
62,13,62,3,6,6,1,50.0
62,12,32,3,5,5,1,50.0
62,11,29,3,5,6,1,50.0
62,9,23,3,5,6,1,50.0
35,46,26,3,4,4,1,50.0
35,47,15,3,4,5,1,50.0
62,6,59,3,6,6,1,50.0
62,4,26,3,6,6,1,50.0
62,3,23,3,6,5,1,50.0
35,48,5,3,4,4,1,50.0
35,49,2,3,4,3,1,50.0
35,51,8,3,4,5,1,50.0
62,1,53,3,6,5,1,50.0
35,53,77,3,5,2,1,50.0
61,99,53,3,5,6,1,50.0
35,54,68,3,5,1,1,50.0
61,98,41,3,5,6,1,50.0
61,97,56,3,5,5,1,50.0
35,57,74,3,5,2,1,50.0
35,59,71,3,5,3,1,50.0
35,61,65,3,5,5,1,50.0
35,63,47,3,5,6,1,50.0
35,64,26,3,5,5,1,50.0
61,96,17,3,5,5,1,50.0
35,65,62,3,5,6,1,50.0
61,89,23,3,5,5,1,50.0
61,86,47,3,5,6,1,50.0
35,66,59,3,5,6,1,50.0
61,84,62,3,5,5,1,50.0
61,82,50,3,5,6,1,50.0
61,80,38,3,5,6,1,50.0
35,69,17,3,5,5,1,50.0
61,79,32,3,5,5,1,50.0
35,70,56,3,5,6,1,50.0
35,71,53,3,5,6,1,50.0
35,74,50,3,5,6,1,50.0
61,75,14,3,5,5,1,50.0
35,75,8,3,5,5,1,50.0
61,74,44,3,5,6,1,50.0
61,73,11,3,5,6,1,50.0
61,72,20,3,5,6,1,50.0
61,71,68,3,3,6,1,50.0
61,69,71,3,1,6,1,50.0
61,62,74,3,1,6,1,50.0
61,59,74,3,2,3,1,50.0
61,55,71,3,2,2,1,50.0
61,53,74,3,3,2,1,50.0
61,51,71,3,3,2,1,50.0
35,76,38,3,5,6,1,50.0
35,79,41,3,5,5,1,50.0
35,80,35,3,5,6,1,50.0
35,84,32,3,5,5,1,50.0
61,50,71,3,4,4,1,50.0
35,85,44,3,5,5,1,50.0
61,46,77,3,4,2,1,50.0
35,86,29,3,5,6,1,50.0
61,42,74,3,4,2,1,50.0
61,34,68,3,4,6,1,50.0
61,32,74,3,5,5,1,50.0
61,31,7,3,5,5,1,50.0
61,29,68,3,5,6,1,50.0
35,87,23,3,5,6,1,50.0
61,26,4,3,5,5,1,50.0
35,88,20,3,5,6,1,50.0
61,24,1,3,5,5,1,50.0
61,23,65,3,6,6,1,50.0
61,21,71,3,5,6,1,50.0
61,20,59,3,5,6,1,50.0
35,89,2,3,5,5,1,50.0
61,18,26,3,5,6,1,50.0
35,90,14,3,5,6,1,50.0
35,92,11,3,5,5,1,50.0
61,15,35,3,5,6,1,50.0
61,13,53,3,6,6,1,50.0
61,6,62,3,6,6,1,50.0
35,93,5,3,5,6,1,50.0
61,5,59,3,6,6,1,50.0
35,94,59,3,6,6,1,50.0
61,3,56,3,6,6,1,50.0
61,2,5,3,6,5,1,50.0
35,95,11,3,6,5,1,50.0
61,1,50,3,6,5,1,50.0
61,0,23,3,6,5,1,50.0
35,96,14,3,6,5,1,50.0
60,99,44,3,4,6,1,50.0
35,97,53,3,6,5,1,50.0
60,96,11,3,4,5,1,50.0
35,98,38,3,6,6,1,50.0
60,95,8,3,4,5,1,50.0
36,0,19,3,3,5,1,50.0
60,94,56,3,4,6,1,50.0
36,2,65,3,3,6,1,50.0
36,3,62,3,3,6,1,50.0
36,4,16,3,3,6,1,50.0
36,5,53,3,3,6,1,50.0
60,91,62,3,4,6,1,50.0
36,6,50,3,3,6,1,50.0
60,90,17,3,4,6,1,50.0
60,89,65,3,4,6,1,50.0
60,88,50,3,4,6,1,50.0
36,7,32,3,3,6,1,50.0
60,87,47,3,4,6,1,50.0
36,9,41,3,3,6,1,50.0
36,10,35,3,3,6,1,50.0
36,12,71,3,2,6,1,50.0
36,13,44,3,4,6,1,50.0
36,15,71,3,3,6,1,50.0
60,86,41,3,4,6,1,50.0
36,16,74,3,3,6,1,50.0
60,85,68,3,2,6,1,50.0
60,84,38,3,4,5,1,50.0
60,83,29,3,4,6,1,50.0
60,82,35,3,4,6,1,50.0
60,81,26,3,4,6,1,50.0
36,17,13,3,3,6,1,50.0
36,18,38,3,4,6,1,50.0
60,79,20,3,4,5,1,50.0
60,76,32,3,4,6,1,50.0
60,75,14,3,4,6,1,50.0
60,74,5,3,4,6,1,50.0
60,73,2,3,4,6,1,50.0
60,72,53,3,5,6,1,50.0
60,71,65,3,5,6,1,50.0
36,19,35,3,4,6,1,50.0
60,69,68,3,4,6,1,50.0
60,66,68,3,5,6,1,50.0
60,64,71,3,2,6,1,50.0
60,62,77,3,4,6,1,50.0
36,20,53,3,4,5,1,50.0
36,21,68,3,4,6,1,50.0
36,22,59,3,4,6,1,50.0
36,24,8,3,4,5,1,50.0
60,61,74,3,4,6,1,50.0
36,25,71,3,4,6,1,50.0
36,26,17,3,4,5,1,50.0
36,27,32,3,4,6,1,50.0
36,29,62,3,4,6,1,50.0
36,30,74,3,4,6,1,50.0
60,58,71,3,4,4,1,50.0
36,31,14,3,4,5,1,50.0
60,56,71,3,5,0,1,50.0
36,32,77,3,3,6,1,50.0
60,55,74,3,5,2,1,50.0
60,54,77,3,5,3,1,50.0
60,53,62,3,5,3,1,50.0
60,52,59,3,5,4,1,50.0
36,33,77,3,4,6,1,50.0
36,34,26,3,4,6,1,50.0
60,49,56,3,5,3,1,50.0
36,35,65,3,4,6,1,50.0
36,37,29,3,4,3,1,50.0
36,39,50,3,4,3,1,50.0
36,40,56,3,4,4,1,50.0
60,48,50,3,5,3,1,50.0
60,45,41,3,5,4,1,50.0
60,44,18,3,5,3,1,50.0
60,43,8,3,5,3,1,50.0
36,41,20,3,4,3,1,50.0
60,42,47,3,5,3,1,50.0
60,41,12,3,5,3,1,50.0
60,40,35,3,5,4,1,50.0
60,39,44,3,5,3,1,50.0
36,42,23,3,4,3,1,50.0
36,43,5,3,4,3,1,50.0
36,44,47,3,4,4,1,50.0
60,38,23,3,5,3,1,50.0
60,36,2,3,5,4,1,50.0
36,45,11,3,4,4,1,50.0
60,35,32,3,5,6,1,50.0
60,32,38,3,5,5,1,50.0
36,47,41,3,4,5,1,50.0
60,31,29,3,5,6,1,50.0
60,29,26,3,5,6,1,50.0
60,26,15,3,5,6,1,50.0
36,48,77,3,5,1,1,50.0
60,25,5,3,5,6,1,50.0
60,24,74,3,6,6,1,50.0
36,50,68,3,5,4,1,50.0
60,22,53,3,6,6,1,50.0
60,21,65,3,6,6,1,50.0
60,20,17,3,6,5,1,50.0
36,51,74,3,5,3,1,50.0
36,53,71,3,5,3,1,50.0
60,19,32,3,6,6,1,50.0
60,18,29,3,6,6,1,50.0
60,17,23,3,6,6,1,50.0
36,54,59,3,5,3,1,50.0
36,55,56,3,5,3,1,50.0
60,16,35,3,6,5,1,50.0
60,15,26,3,6,5,1,50.0
60,14,59,3,6,6,1,50.0
36,56,32,3,5,4,1,50.0
60,12,62,3,6,5,1,50.0
60,11,56,3,6,6,1,50.0
60,9,44,3,6,6,1,50.0
36,57,38,3,5,3,1,50.0
36,58,50,3,5,4,1,50.0
60,7,47,3,6,6,1,50.0
36,59,53,3,5,3,1,50.0
60,6,41,3,6,6,1,50.0
60,5,50,3,6,6,1,50.0
36,60,20,3,5,6,1,50.0
36,62,65,3,5,6,1,50.0
60,4,2,3,6,6,1,50.0
36,64,10,3,5,5,1,50.0
60,2,38,3,6,6,1,50.0
36,66,62,3,5,6,1,50.0
60,1,14,3,6,5,1,50.0
59,99,35,3,3,6,1,50.0
59,97,23,3,3,5,1,50.0
36,67,35,3,5,6,1,50.0
59,96,8,3,3,5,1,50.0
36,68,47,3,5,6,1,50.0
59,95,5,3,3,5,1,50.0
36,69,14,3,5,5,1,50.0
36,70,44,3,5,6,1,50.0
59,94,44,3,3,6,1,50.0
59,93,17,3,3,6,1,50.0
59,92,11,3,3,6,1,50.0
59,91,59,3,4,6,1,50.0
59,90,2,3,3,6,1,50.0
36,72,41,3,5,6,1,50.0
59,89,8,3,4,5,1,50.0
36,73,23,3,5,6,1,50.0
59,88,62,3,4,6,1,50.0
59,86,53,3,4,6,1,50.0
59,84,56,3,4,5,1,50.0
36,74,29,3,5,6,1,50.0
59,83,50,3,4,6,1,50.0
36,75,17,3,5,5,1,50.0
59,82,47,3,4,6,1,50.0
36,76,26,3,5,6,1,50.0
59,81,41,3,4,6,1,50.0
36,77,2,3,5,6,1,50.0
36,78,7,3,5,6,1,50.0
36,79,53,3,6,5,1,50.0
59,80,32,3,4,6,1,50.0
36,80,62,3,6,6,1,50.0
59,79,38,3,4,5,1,50.0
59,76,65,3,4,6,1,50.0
36,82,56,3,6,6,1,50.0
36,83,20,3,6,6,1,50.0
36,84,59,3,6,5,1,50.0
59,75,44,3,4,6,1,50.0
59,74,23,3,4,6,1,50.0
59,73,17,3,4,6,1,50.0
59,72,29,3,4,6,1,50.0
59,71,35,3,4,6,1,50.0
36,85,65,3,6,5,1,50.0
36,86,32,3,6,6,1,50.0
36,87,50,3,6,6,1,50.0
36,89,47,3,6,6,1,50.0
36,91,41,3,6,6,1,50.0
59,70,68,3,4,6,1,50.0
36,92,17,3,6,5,1,50.0
36,93,44,3,6,6,1,50.0
59,69,0,3,4,5,1,50.0
36,94,38,3,6,6,1,50.0
59,68,14,3,4,6,1,50.0
36,96,5,3,6,5,1,50.0
36,97,35,3,6,5,1,50.0
59,67,26,3,4,6,1,50.0
59,66,20,3,4,6,1,50.0
36,99,29,3,6,6,1,50.0
59,65,11,3,4,6,1,50.0
37,0,11,3,3,5,1,50.0
37,1,19,3,3,5,1,50.0
59,64,77,3,3,6,1,50.0
59,63,5,3,4,6,1,50.0
37,5,5,3,3,6,1,50.0
59,62,71,3,4,6,1,50.0
59,61,77,3,4,5,1,50.0
59,60,77,3,5,6,1,50.0
59,58,74,3,4,1,1,50.0
59,57,74,3,5,3,1,50.0
37,8,44,3,4,6,1,50.0
37,9,2,3,3,6,1,50.0
59,56,68,3,5,0,1,50.0
37,10,56,3,4,6,1,50.0
59,54,71,3,5,3,1,50.0
59,53,65,3,5,3,1,50.0
59,52,62,3,5,4,1,50.0
37,11,50,3,4,6,1,50.0
59,51,47,3,5,4,1,50.0
37,15,68,3,3,6,1,50.0
37,17,20,3,4,6,1,50.0
37,18,32,3,4,6,1,50.0
37,21,62,3,4,6,1,50.0
59,49,53,3,5,2,1,50.0
59,46,56,3,5,3,1,50.0
37,22,47,3,4,6,1,50.0
37,24,71,3,3,6,1,50.0
37,29,59,3,4,6,1,50.0
37,31,74,3,3,6,1,50.0
37,32,71,3,4,5,1,50.0
59,45,59,3,5,5,1,50.0
37,33,74,3,4,6,1,50.0
59,44,50,3,5,4,1,50.0
37,34,35,3,4,6,1,50.0
37,35,77,3,3,6,1,50.0
59,43,2,3,5,3,1,50.0
37,38,17,3,4,3,1,50.0
37,41,77,3,4,2,1,50.0
59,42,44,3,5,3,1,50.0
37,42,68,3,4,2,1,50.0
37,44,53,3,4,3,1,50.0
59,41,41,3,5,4,1,50.0
37,45,65,3,4,5,1,50.0
59,40,15,3,5,4,1,50.0
37,46,41,3,4,4,1,50.0
59,39,38,3,5,4,1,50.0
59,38,35,3,5,3,1,50.0
59,37,29,3,5,4,1,50.0
59,36,26,3,5,6,1,50.0
37,48,24,3,4,4,1,50.0
59,35,23,3,5,6,1,50.0
59,34,32,3,5,6,1,50.0
59,31,20,3,5,6,1,50.0
59,30,7,3,5,6,1,50.0
59,29,12,3,5,6,1,50.0
37,49,38,3,4,3,1,50.0
59,28,71,3,6,6,1,50.0
37,50,14,3,4,4,1,50.0
37,56,11,3,4,4,1,50.0
37,63,8,3,4,6,1,50.0
37,64,5,3,4,5,1,50.0
37,69,2,3,4,6,1,50.0
37,70,65,3,5,6,1,50.0
59,27,68,3,6,6,1,50.0
59,26,14,3,6,5,1,50.0
59,24,65,3,6,6,1,50.0
37,71,50,3,5,6,1,50.0
37,72,44,3,5,6,1,50.0
37,73,53,3,5,6,1,50.0
37,74,62,3,5,6,1,50.0
37,76,59,3,5,6,1,50.0
59,23,20,3,6,6,1,50.0
37,78,56,3,5,6,1,50.0
59,22,50,3,6,6,1,50.0
37,79,47,3,5,5,1,50.0
59,20,10,3,6,5,1,50.0
37,80,29,3,5,6,1,50.0
59,18,7,3,6,6,1,50.0
37,81,38,3,5,6,1,50.0
59,17,4,3,6,6,1,50.0
59,16,53,3,6,5,1,50.0
59,15,17,3,6,5,1,50.0
59,14,56,3,6,6,1,50.0
59,13,35,3,6,6,1,50.0
59,12,59,3,6,5,1,50.0
59,11,47,3,6,6,1,50.0
59,10,44,3,6,6,1,50.0
59,9,38,3,6,6,1,50.0
59,6,32,3,6,6,1,50.0
37,86,26,3,5,6,1,50.0
37,87,41,3,5,6,1,50.0
59,3,29,3,6,6,1,50.0
37,88,14,3,5,6,1,50.0
59,2,62,3,6,6,1,50.0
37,89,35,3,5,6,1,50.0
59,1,41,3,6,5,1,50.0
59,0,26,3,6,6,1,50.0
37,91,32,3,5,6,1,50.0
58,99,26,3,4,6,1,50.0
58,97,47,3,4,5,1,50.0
58,94,41,3,4,6,1,50.0
37,92,8,3,5,5,1,50.0
37,95,2,3,5,5,1,50.0
58,93,35,3,4,6,1,50.0
37,98,23,3,5,6,1,50.0
37,99,20,3,5,6,1,50.0
58,91,23,3,4,6,1,50.0
38,5,11,3,3,6,1,50.0
38,6,8,3,3,6,1,50.0
38,8,38,3,4,6,1,50.0
58,90,5,3,4,6,1,50.0
38,10,2,3,3,6,1,50.0
38,12,65,3,4,5,1,50.0
58,89,38,3,4,6,1,50.0
38,14,53,3,4,6,1,50.0
58,85,14,3,4,5,1,50.0
58,84,17,3,4,5,1,50.0
38,15,20,3,4,5,1,50.0
58,80,26,3,5,6,1,50.0
58,78,59,3,5,6,1,50.0
38,18,11,3,4,6,1,50.0
58,77,23,3,5,6,1,50.0
58,74,53,3,5,6,1,50.0
38,19,29,3,4,6,1,50.0
58,72,50,3,5,6,1,50.0
58,71,44,3,5,6,1,50.0
58,66,65,3,5,6,1,50.0
58,65,68,3,5,6,1,50.0
58,63,38,3,5,6,1,50.0
38,20,7,3,4,5,1,50.0
38,22,44,3,4,6,1,50.0
58,62,56,3,5,6,1,50.0
58,59,77,3,3,6,1,50.0
58,54,74,3,3,3,1,50.0
58,53,77,3,4,3,1,50.0
58,52,74,3,4,5,1,50.0
38,26,74,3,3,6,1,50.0
58,50,62,3,5,4,1,50.0
38,28,59,3,4,6,1,50.0
58,43,71,3,5,1,1,50.0
58,42,77,3,5,3,1,50.0
38,30,71,3,4,6,1,50.0
38,31,17,3,4,5,1,50.0
38,32,68,3,4,5,1,50.0
38,40,74,3,4,2,1,50.0
58,40,74,3,5,3,1,50.0
58,37,17,3,5,5,1,50.0
58,36,14,3,5,6,1,50.0
58,35,47,3,5,6,1,50.0
58,32,41,3,5,5,1,50.0
58,30,35,3,5,6,1,50.0
58,28,29,3,5,6,1,50.0
38,41,77,3,4,3,1,50.0
58,24,32,3,5,6,1,50.0
58,23,9,3,5,6,1,50.0
58,22,20,3,5,6,1,50.0
58,19,6,3,5,6,1,50.0
38,43,62,3,4,4,1,50.0
58,17,1,3,5,6,1,50.0
38,44,56,3,4,3,1,50.0
38,45,50,3,4,5,1,50.0
58,14,65,3,6,6,1,50.0
58,12,53,3,6,5,1,50.0
58,10,38,3,6,6,1,50.0
38,47,47,3,4,4,1,50.0
58,9,30,3,6,6,1,50.0
38,48,41,3,4,3,1,50.0
58,5,56,3,6,6,1,50.0
58,4,23,3,6,6,1,50.0
38,52,35,3,4,4,1,50.0
58,3,59,3,6,6,1,50.0
58,0,8,3,6,5,1,50.0
57,99,16,3,3,6,1,50.0
38,53,32,3,4,3,1,50.0
57,98,0,3,3,6,1,50.0
38,54,26,3,4,3,1,50.0
57,97,35,3,3,6,1,50.0
57,96,2,3,4,5,1,50.0
57,94,50,3,4,6,1,50.0
57,93,41,3,4,6,1,50.0
57,92,14,3,4,5,1,50.0
57,91,56,3,4,6,1,50.0
57,90,11,3,4,6,1,50.0
57,89,62,3,4,6,1,50.0
38,55,23,3,4,4,1,50.0
38,57,14,3,4,5,1,50.0
57,87,65,3,4,6,1,50.0
57,86,7,3,4,6,1,50.0
57,85,59,3,4,5,1,50.0
38,59,1,3,4,6,1,50.0
57,84,47,3,4,5,1,50.0
57,83,11,3,5,6,1,50.0
57,82,53,3,4,6,1,50.0
57,81,35,3,4,6,1,50.0
38,61,77,3,5,6,1,50.0
57,80,23,3,4,6,1,50.0
57,79,17,3,4,5,1,50.0
38,64,4,3,4,6,1,50.0
57,78,44,3,4,6,1,50.0
38,66,56,3,5,6,1,50.0
57,76,29,3,4,6,1,50.0
38,67,38,3,5,6,1,50.0
57,74,47,3,5,6,1,50.0
38,68,59,3,5,6,1,50.0
57,73,38,3,4,6,1,50.0
38,69,65,3,5,6,1,50.0
57,72,32,3,4,6,1,50.0
57,71,26,3,4,6,1,50.0
57,69,20,3,4,6,1,50.0
57,68,53,3,5,6,1,50.0
38,70,62,3,5,6,1,50.0
38,72,23,3,5,6,1,50.0
38,76,47,3,5,6,1,50.0
57,67,32,3,5,6,1,50.0
38,78,32,3,5,6,1,50.0
57,66,50,3,5,6,1,50.0
38,79,14,3,5,5,1,50.0
57,64,68,3,3,6,1,50.0
38,81,50,3,5,6,1,50.0
57,63,35,3,5,6,1,50.0
38,83,5,3,5,6,1,50.0
38,84,41,3,5,5,1,50.0
57,62,68,3,4,6,1,50.0
57,61,71,3,5,6,1,50.0
57,59,74,3,4,6,1,50.0
38,85,53,3,5,5,1,50.0
57,56,77,3,2,1,1,50.0
38,88,44,3,5,6,1,50.0
57,54,77,3,3,4,1,50.0
38,89,29,3,5,6,1,50.0
57,53,77,3,4,4,1,50.0
38,90,0,2,2,2,2,50.0
57,52,77,3,5,4,1,50.0
57,50,65,3,5,4,1,50.0
57,49,74,3,5,3,1,50.0
57,48,68,3,5,3,1,50.0
38,92,35,3,5,6,1,50.0
57,46,62,3,5,3,1,50.0
38,93,26,3,5,6,1,50.0
57,45,56,3,5,5,1,50.0
38,98,17,3,5,6,1,50.0
57,42,59,3,5,3,1,50.0
38,99,11,3,5,6,1,50.0
39,0,47,3,3,6,1,50.0
57,39,2,3,5,3,1,50.0
57,38,20,3,5,5,1,50.0
39,3,65,3,4,6,1,50.0
57,37,5,3,5,5,1,50.0
57,36,23,3,5,6,1,50.0
57,35,44,3,5,6,1,50.0
39,4,20,3,4,6,1,50.0
39,5,47,3,4,6,1,50.0
57,34,17,3,5,6,1,50.0
39,6,56,3,4,6,1,50.0
57,33,41,3,5,6,1,50.0
57,32,26,3,5,5,1,50.0
39,7,44,3,4,6,1,50.0
57,31,38,3,5,6,1,50.0
39,8,30,3,4,6,1,50.0
39,9,27,3,4,6,1,50.0
57,30,29,3,5,6,1,50.0
57,29,8,3,5,6,1,50.0
39,10,24,3,4,6,1,50.0
39,11,41,3,4,6,1,50.0
57,28,65,3,6,6,1,50.0
57,27,26,3,6,6,1,50.0
57,24,62,3,6,6,1,50.0
57,23,17,3,6,6,1,50.0
57,22,41,3,6,6,1,50.0
57,21,59,3,6,6,1,50.0
57,20,68,3,6,6,1,50.0
39,12,50,3,4,5,1,50.0
39,13,17,3,4,6,1,50.0
39,15,8,3,4,5,1,50.0
39,16,71,3,4,6,1,50.0
57,19,20,3,6,6,1,50.0
39,17,10,3,5,6,1,50.0
39,18,0,2,3,3,2,50.0
39,19,14,3,4,6,1,50.0
39,20,62,3,4,6,1,50.0
57,16,32,3,6,5,1,50.0
57,15,5,3,6,5,1,50.0
57,12,47,3,6,5,1,50.0
57,10,14,3,6,6,1,50.0
39,22,11,3,4,6,1,50.0
57,9,0,2,4,4,2,50.0
57,8,35,3,6,6,1,50.0
57,7,56,3,6,6,1,50.0
39,23,5,3,4,6,1,50.0
57,5,44,3,6,6,1,50.0
39,24,59,3,4,6,1,50.0
57,3,53,3,6,6,1,50.0
57,2,50,3,6,6,1,50.0
57,0,38,3,6,6,1,50.0
56,97,20,3,4,5,1,50.0
56,95,8,3,4,6,1,50.0
39,25,2,3,4,6,1,50.0
56,92,65,3,5,6,1,50.0
56,91,47,3,5,6,1,50.0
56,89,2,3,4,6,1,50.0
39,26,68,3,4,6,1,50.0
39,27,23,3,5,6,1,50.0
56,88,59,3,5,6,1,50.0
56,86,16,3,5,6,1,50.0
56,85,62,3,5,5,1,50.0
39,29,53,3,4,6,1,50.0
39,30,68,3,5,6,1,50.0
39,31,71,3,5,6,1,50.0
56,84,50,3,5,5,1,50.0
56,82,32,3,5,6,1,50.0
56,81,23,3,5,6,1,50.0
39,33,47,3,5,6,1,50.0
39,34,7,3,5,6,1,50.0
56,80,20,3,5,6,1,50.0
39,36,77,3,4,6,1,50.0
56,76,56,3,5,6,1,50.0
39,37,74,3,4,5,1,50.0
39,38,74,3,5,5,1,50.0
39,40,77,3,5,3,1,50.0
39,45,62,3,5,4,1,50.0
39,48,65,3,5,3,1,50.0
56,73,41,3,5,6,1,50.0
56,71,38,3,5,6,1,50.0
56,70,53,3,5,6,1,50.0
39,49,59,3,5,3,1,50.0
56,69,44,3,5,6,1,50.0
56,66,35,3,5,6,1,50.0
39,50,53,3,5,4,1,50.0
56,65,29,3,5,6,1,50.0
56,64,74,3,2,6,1,50.0
56,63,26,3,5,6,1,50.0
39,51,41,3,5,4,1,50.0
39,54,38,3,5,3,1,50.0
56,61,68,3,1,6,1,50.0
56,60,71,3,1,6,1,50.0
56,59,23,3,6,6,1,50.0
56,58,77,3,2,6,1,50.0
56,57,71,3,2,6,1,50.0
39,56,13,3,5,5,1,50.0
56,53,68,3,2,3,1,50.0
39,59,0,2,5,2,2,50.0
39,60,68,3,6,6,1,50.0
39,61,44,3,5,6,1,50.0
39,63,29,3,5,6,1,50.0
39,64,2,3,5,5,1,50.0
56,49,71,3,3,3,1,50.0
56,47,77,3,3,3,1,50.0
56,45,74,3,3,3,1,50.0
56,41,68,3,3,3,1,50.0
56,39,77,3,4,6,1,50.0
39,66,32,3,5,6,1,50.0
56,37,71,3,4,5,1,50.0
56,36,74,3,4,6,1,50.0
39,67,23,3,6,6,1,50.0
56,34,71,3,5,6,1,50.0
56,31,68,3,4,6,1,50.0
56,30,4,3,5,6,1,50.0
39,68,35,3,5,6,1,50.0
39,69,56,3,5,6,1,50.0
39,70,50,3,5,6,1,50.0
39,71,20,3,5,6,1,50.0
39,72,17,3,5,6,1,50.0
56,28,8,3,5,6,1,50.0
56,27,20,3,6,6,1,50.0
39,73,47,3,6,6,1,50.0
56,25,38,3,6,6,1,50.0
39,74,11,3,6,6,1,50.0
56,24,1,3,5,6,1,50.0
39,75,26,3,5,6,1,50.0
56,23,2,3,6,6,1,50.0
56,22,35,3,6,6,1,50.0
56,19,17,3,6,6,1,50.0
39,76,35,3,6,6,1,50.0
39,79,8,3,6,5,1,50.0
39,80,17,3,6,6,1,50.0
56,16,65,3,6,5,1,50.0
56,15,62,3,6,6,1,50.0
39,81,62,3,6,6,1,50.0
39,82,29,3,6,6,1,50.0
56,10,32,3,6,6,1,50.0
39,83,2,3,6,6,1,50.0
39,84,26,3,6,5,1,50.0
56,8,27,3,6,6,1,50.0
39,85,50,3,6,5,1,50.0
56,7,5,3,6,6,1,50.0
56,5,14,3,6,6,1,50.0
56,3,50,3,6,6,1,50.0
56,2,59,3,6,6,1,50.0
39,87,59,3,6,6,1,50.0
39,89,56,3,6,6,1,50.0
56,1,74,3,5,6,1,50.0
56,0,56,3,6,6,1,50.0
39,91,20,3,6,6,1,50.0
39,93,32,3,6,6,1,50.0
39,94,14,3,6,6,1,50.0
55,98,32,3,4,6,1,50.0
55,97,38,3,3,5,1,50.0
55,96,35,3,3,6,1,50.0
55,95,65,3,4,6,1,50.0
55,92,62,3,4,6,1,50.0
55,91,35,3,4,6,1,50.0
39,95,53,3,6,6,1,50.0
55,87,56,3,4,6,1,50.0
55,82,17,3,4,6,1,50.0
55,80,14,3,4,6,1,50.0
55,78,47,3,4,6,1,50.0
55,76,11,3,4,6,1,50.0
39,98,5,3,6,6,1,50.0
55,75,59,3,4,6,1,50.0
55,73,8,3,4,6,1,50.0
55,71,41,3,4,6,1,50.0
40,2,53,3,4,6,1,50.0
40,3,5,3,4,6,1,50.0
55,70,38,3,4,6,1,50.0
55,69,53,3,4,6,1,50.0
55,68,44,3,4,6,1,50.0
55,67,2,3,4,6,1,50.0
55,66,53,3,5,6,1,50.0
40,6,12,3,4,6,1,50.0
55,64,50,3,4,6,1,50.0
40,12,68,3,2,6,1,50.0
40,13,21,3,5,6,1,50.0
55,63,20,3,4,6,1,50.0
55,58,74,3,3,6,1,50.0
40,15,65,3,4,6,1,50.0
55,54,71,3,3,4,1,50.0
55,50,77,3,3,5,1,50.0
55,49,68,3,4,3,1,50.0
55,48,77,3,4,2,1,50.0
40,16,27,3,5,5,1,50.0
55,46,74,3,4,4,1,50.0
40,18,0,2,3,5,2,50.0
55,43,71,3,4,2,1,50.0
40,21,56,3,5,6,1,50.0
40,22,24,3,5,6,1,50.0
55,36,71,3,5,6,1,50.0
40,25,35,3,5,6,1,50.0
55,35,74,3,5,6,1,50.0
55,33,68,3,5,6,1,50.0
40,27,12,3,6,6,1,50.0
55,27,9,3,5,6,1,50.0
40,28,41,3,5,6,1,50.0
55,26,1,3,5,5,1,50.0
55,22,32,3,5,6,1,50.0
40,32,71,3,3,6,1,50.0
40,33,71,3,4,6,1,50.0
40,35,68,3,3,6,1,50.0
55,20,65,3,5,6,1,50.0
55,19,11,3,6,6,1,50.0
40,37,77,3,4,5,1,50.0
55,16,20,3,5,5,1,50.0
55,11,38,3,5,6,1,50.0
55,10,21,3,6,6,1,50.0
40,38,68,3,4,5,1,50.0
40,39,74,3,4,6,1,50.0
40,42,71,3,5,2,1,50.0
40,43,77,3,5,2,1,50.0
54,99,32,3,3,6,1,50.0
40,45,74,3,5,4,1,50.0
54,98,29,3,3,6,1,50.0
54,97,17,3,3,5,1,50.0
54,96,47,3,3,6,1,50.0
54,95,41,3,3,6,1,50.0
54,94,35,3,3,6,1,50.0
40,48,62,3,5,3,1,50.0
54,92,8,3,3,6,1,50.0
54,89,5,3,3,6,1,50.0
40,50,59,3,5,4,1,50.0
54,88,2,3,3,6,1,50.0
40,51,68,3,5,3,1,50.0
54,87,53,3,4,6,1,50.0
54,86,13,3,4,6,1,50.0
40,53,50,3,5,3,1,50.0
40,54,65,3,5,4,1,50.0
40,55,47,3,5,5,1,50.0
54,83,0,2,2,2,2,50.0
40,57,2,3,5,6,1,50.0
54,82,26,3,4,6,1,50.0
40,62,44,3,5,6,1,50.0
54,81,59,3,4,6,1,50.0
54,80,5,3,4,6,1,50.0
40,68,18,3,5,6,1,50.0
54,79,23,3,4,5,1,50.0
40,69,38,3,5,6,1,50.0
54,78,20,3,4,6,1,50.0
54,77,17,3,4,6,1,50.0
54,76,8,3,4,6,1,50.0
54,75,62,3,4,6,1,50.0
40,70,15,3,5,6,1,50.0
54,74,2,3,4,6,1,50.0
54,73,32,3,4,6,1,50.0
40,71,7,3,5,6,1,50.0
40,74,8,3,6,6,1,50.0
54,72,14,3,5,6,1,50.0
40,76,23,3,6,6,1,50.0
40,81,20,3,6,6,1,50.0
40,87,44,3,6,6,1,50.0
40,89,53,3,5,6,1,50.0
54,69,50,3,4,6,1,50.0
54,68,41,3,4,6,1,50.0
40,90,0,2,5,4,2,50.0
54,67,11,3,5,6,1,50.0
54,66,47,3,4,6,1,50.0
54,65,56,3,4,6,1,50.0
54,64,44,3,4,6,1,50.0
40,93,50,3,6,6,1,50.0
40,96,65,3,6,6,1,50.0
54,62,38,3,4,6,1,50.0
54,61,35,3,4,6,1,50.0
54,60,8,3,5,6,1,50.0
40,97,32,3,6,5,1,50.0
54,58,68,3,2,6,1,50.0
54,56,68,3,3,5,1,50.0
54,55,29,3,4,5,1,50.0
54,53,74,3,4,3,1,50.0
40,98,26,3,6,6,1,50.0
54,52,68,3,4,4,1,50.0
40,99,2,3,6,6,1,50.0
41,0,65,3,4,6,1,50.0
54,51,77,3,5,2,1,50.0
41,1,71,3,2,6,1,50.0
54,49,65,3,5,3,1,50.0
54,48,53,3,5,3,1,50.0
54,47,74,3,5,3,1,50.0
54,46,71,3,5,4,1,50.0
41,3,47,3,4,6,1,50.0
54,45,68,3,5,5,1,50.0
41,4,34,2,4,0,2,50.0
41,5,31,3,4,6,1,50.0
54,44,59,3,5,3,1,50.0
41,6,53,3,4,6,1,50.0
41,7,38,3,4,6,1,50.0
54,42,56,3,5,3,1,50.0
54,41,62,3,5,4,1,50.0
41,11,26,3,4,6,1,50.0
41,17,7,3,5,6,1,50.0
41,25,23,3,4,6,1,50.0
54,39,44,3,5,6,1,50.0
54,38,2,3,5,5,1,50.0
41,28,17,3,4,6,1,50.0
54,37,50,3,5,6,1,50.0
41,29,47,3,5,6,1,50.0
54,36,68,3,6,6,1,50.0
41,32,74,3,2,6,1,50.0
41,34,11,3,4,6,1,50.0
54,35,41,3,5,6,1,50.0
54,34,4,3,6,6,1,50.0
54,33,35,3,5,6,1,50.0
54,32,32,3,5,5,1,50.0
41,36,8,3,4,6,1,50.0
41,37,74,3,3,6,1,50.0
41,38,71,3,3,5,1,50.0
54,31,47,3,5,6,1,50.0
54,30,20,3,5,6,1,50.0
54,29,38,3,5,6,1,50.0
54,28,26,3,5,6,1,50.0
54,27,0,2,4,3,2,50.0
54,26,29,3,5,6,1,50.0
54,25,32,3,6,6,1,50.0
54,24,23,3,5,6,1,50.0
41,42,74,3,4,3,1,50.0
41,45,77,3,4,3,1,50.0
41,46,68,3,4,4,1,50.0
41,47,71,3,4,3,1,50.0
41,48,59,3,4,4,1,50.0
54,21,17,3,5,6,1,50.0
41,52,56,3,4,4,1,50.0
41,53,44,3,4,3,1,50.0
41,54,50,3,4,6,1,50.0
41,60,11,3,5,6,1,50.0
41,64,20,3,4,6,1,50.0
54,20,5,3,5,6,1,50.0
54,19,1,3,6,6,1,50.0
54,16,9,3,6,5,1,50.0
41,68,2,3,4,6,1,50.0
54,15,59,3,6,6,1,50.0
54,14,47,3,6,6,1,50.0
41,69,14,3,4,6,1,50.0
41,70,59,3,5,6,1,50.0
41,71,31,3,5,6,1,50.0
41,74,0,2,0,2,2,50.0
54,13,14,3,6,6,1,50.0
54,11,23,3,6,6,1,50.0
41,78,26,3,5,6,1,50.0
41,82,14,3,5,6,1,50.0
41,83,0,2,3,4,2,50.0
41,85,41,3,5,5,1,50.0
41,87,38,3,5,6,1,50.0
41,88,56,3,5,6,1,50.0
54,7,29,3,6,6,1,50.0
54,6,44,3,6,6,1,50.0
41,89,50,3,5,6,1,50.0
54,5,65,3,6,6,1,50.0
54,1,62,3,6,5,1,50.0
41,91,17,3,5,6,1,50.0
54,0,53,3,6,6,1,50.0
53,99,8,3,3,6,1,50.0
53,98,14,3,3,6,1,50.0
41,94,23,3,5,6,1,50.0
41,95,62,3,5,6,1,50.0
41,97,4,3,5,5,1,50.0
42,1,53,3,3,6,1,50.0
53,97,29,3,3,5,1,50.0
42,3,17,3,3,6,1,50.0
53,96,59,3,3,6,1,50.0
42,4,51,2,4,3,2,50.0
42,5,2,3,3,6,1,50.0
42,6,47,3,4,6,1,50.0
42,7,23,3,4,6,1,50.0
42,8,0,2,3,3,2,50.0
53,95,56,3,3,6,1,50.0
42,10,11,3,4,6,1,50.0
53,94,20,3,3,6,1,50.0
42,11,32,3,4,6,1,50.0
42,12,5,3,3,5,1,50.0
53,93,29,3,4,6,1,50.0
42,13,8,3,4,6,1,50.0
53,92,47,3,3,6,1,50.0
53,91,14,3,4,6,1,50.0
53,89,41,3,3,6,1,50.0
42,17,0,2,5,3,2,50.0
53,88,38,3,3,6,1,50.0
53,87,17,3,3,6,1,50.0
42,20,56,3,4,6,1,50.0
42,21,53,3,4,6,1,50.0
53,86,4,3,4,6,1,50.0
42,22,29,3,4,6,1,50.0
42,25,26,3,4,6,1,50.0
42,27,34,2,5,0,2,50.0
42,28,35,3,4,6,1,50.0
42,29,16,3,4,6,1,50.0
53,85,5,3,3,5,1,50.0
53,84,23,3,4,5,1,50.0
53,83,51,2,4,0,2,50.0
53,81,17,3,4,6,1,50.0
42,31,65,3,4,6,1,50.0
42,32,68,3,3,6,1,50.0
53,80,11,3,4,6,1,50.0
53,79,1,3,4,5,1,50.0
53,78,17,3,5,6,1,50.0
53,77,26,3,4,6,1,50.0
42,33,44,3,4,6,1,50.0
53,76,14,3,5,6,1,50.0
42,35,71,3,3,6,1,50.0
53,75,65,3,4,6,1,50.0
42,36,2,3,4,6,1,50.0
42,37,68,3,4,5,1,50.0
53,73,5,3,5,6,1,50.0
53,72,8,3,4,6,1,50.0
53,71,23,3,5,6,1,50.0
53,70,32,3,4,6,1,50.0
53,69,62,3,4,6,1,50.0
53,68,29,3,5,6,1,50.0
42,38,77,3,4,6,1,50.0
42,39,71,3,4,6,1,50.0
53,64,59,3,4,6,1,50.0
53,62,48,3,4,6,1,50.0
42,40,74,3,4,6,1,50.0
53,61,41,3,4,6,1,50.0
42,43,59,3,4,3,1,50.0
42,44,62,3,4,4,1,50.0
53,60,5,3,6,6,1,50.0
42,46,38,3,4,4,1,50.0
42,47,20,3,4,4,1,50.0
53,58,71,3,4,6,1,50.0
53,55,56,3,4,5,1,50.0
53,54,74,3,4,6,1,50.0
42,50,41,3,4,4,1,50.0
42,51,5,3,4,5,1,50.0
53,52,45,3,4,4,1,50.0
53,51,68,3,4,4,1,50.0
42,54,77,3,5,6,1,50.0
53,50,38,3,4,4,1,50.0
42,55,62,3,5,5,1,50.0
53,49,53,3,4,3,1,50.0
42,56,74,3,5,6,1,50.0
42,57,29,3,5,6,1,50.0
42,61,47,3,5,6,1,50.0
53,48,35,3,4,5,1,50.0
53,47,20,3,4,5,1,50.0
42,62,41,3,5,6,1,50.0
53,46,77,3,5,3,1,50.0
53,45,71,3,5,3,1,50.0
42,63,23,3,5,6,1,50.0
53,44,68,3,5,2,1,50.0
42,64,65,3,5,6,1,50.0
53,43,74,3,5,2,1,50.0
53,42,59,3,5,5,1,50.0
53,40,62,3,5,6,1,50.0
42,65,44,3,5,6,1,50.0
53,39,65,3,5,6,1,50.0
53,38,8,3,5,5,1,50.0
53,36,11,3,5,6,1,50.0
53,35,56,3,5,6,1,50.0
53,34,1,3,5,6,1,50.0
53,33,32,3,5,6,1,50.0
42,67,15,3,5,6,1,50.0
42,68,11,3,5,6,1,50.0
42,69,26,3,5,6,1,50.0
42,70,20,3,5,6,1,50.0
53,32,44,3,5,5,1,50.0
53,31,53,3,5,6,1,50.0
42,71,4,3,5,6,1,50.0
42,72,11,3,6,6,1,50.0
53,30,48,3,5,6,1,50.0
53,29,35,3,5,6,1,50.0
42,73,14,3,6,6,1,50.0
53,27,0,2,2,5,2,50.0
42,77,20,3,6,6,1,50.0
42,78,4,3,6,6,1,50.0
42,79,56,3,5,6,1,50.0
53,26,41,3,5,6,1,50.0
53,25,20,3,5,6,1,50.0
53,24,38,3,5,6,1,50.0
42,84,8,3,5,5,1,50.0
53,22,17,3,6,6,1,50.0
53,21,26,3,5,6,1,50.0
42,87,31,3,6,6,1,50.0
42,88,8,3,6,6,1,50.0
53,20,53,3,6,6,1,50.0
42,89,59,3,6,6,1,50.0
42,92,53,3,5,6,1,50.0
42,94,28,3,6,6,1,50.0
42,95,38,3,5,6,1,50.0
42,96,62,3,6,6,1,50.0
42,97,50,3,6,5,1,50.0
53,16,65,3,6,6,1,50.0
53,15,2,3,6,5,1,50.0
42,99,23,3,6,6,1,50.0
43,0,5,3,4,5,1,50.0
53,14,50,3,6,6,1,50.0
43,2,56,3,4,6,1,50.0
43,3,44,3,4,6,1,50.0
53,12,41,3,6,5,1,50.0
53,11,20,3,6,6,1,50.0
43,5,23,3,4,6,1,50.0
43,6,35,3,4,6,1,50.0
43,7,2,3,4,6,1,50.0
53,5,8,3,6,6,1,50.0
53,3,38,3,6,6,1,50.0
53,2,47,3,6,6,1,50.0
53,1,44,3,6,5,1,50.0
43,11,0,2,3,3,2,50.0
53,0,62,3,6,6,1,50.0
43,12,65,3,3,6,1,50.0
52,99,0,2,3,3,2,50.0
43,13,2,3,5,6,1,50.0
43,14,41,3,4,6,1,50.0
43,15,53,3,3,6,1,50.0
52,98,11,3,4,6,1,50.0
43,16,59,3,4,6,1,50.0
52,97,14,3,4,5,1,50.0
52,96,50,3,4,6,1,50.0
43,19,0,2,5,3,2,50.0
43,20,50,3,4,6,1,50.0
43,22,14,3,4,6,1,50.0
43,23,15,2,5,5,2,50.0
52,95,32,3,4,6,1,50.0
52,93,23,3,4,6,1,50.0
43,24,53,3,4,6,1,50.0
43,25,29,3,4,6,1,50.0
43,26,71,3,3,6,1,50.0
52,92,42,3,4,6,1,50.0
52,91,8,3,4,6,1,50.0
43,28,23,3,5,6,1,50.0
52,89,20,3,4,6,1,50.0
43,29,29,3,5,6,1,50.0
52,88,5,3,4,6,1,50.0
52,87,2,3,4,6,1,50.0
43,31,32,3,4,6,1,50.0
52,86,1,3,5,6,1,50.0
43,32,17,3,4,5,1,50.0
52,85,17,3,4,6,1,50.0
43,33,11,3,4,6,1,50.0
52,84,29,3,5,5,1,50.0
43,37,68,3,2,6,1,50.0
52,82,8,3,5,6,1,50.0
43,38,74,3,3,6,1,50.0
43,39,38,3,4,6,1,50.0
43,40,77,3,3,6,1,50.0
52,81,14,3,5,6,1,50.0
43,41,68,3,3,5,1,50.0
52,80,2,3,6,6,1,50.0
43,42,71,3,4,5,1,50.0
43,44,77,3,4,3,1,50.0
52,79,11,3,5,5,1,50.0
52,78,14,3,6,6,1,50.0
52,77,11,3,6,6,1,50.0
52,76,5,3,5,6,1,50.0
43,45,74,3,4,5,1,50.0
43,46,65,3,4,4,1,50.0
52,75,56,3,5,6,1,50.0
43,47,68,3,4,3,1,50.0
52,71,17,2,5,3,2,50.0
52,64,62,3,5,6,1,50.0
43,48,47,3,4,4,1,50.0
43,49,26,3,4,5,1,50.0
52,62,35,3,5,6,1,50.0
43,51,8,3,4,6,1,50.0
43,52,77,3,5,5,1,50.0
52,58,50,3,5,6,1,50.0
43,53,74,3,5,6,1,50.0
43,54,71,3,5,6,1,50.0
43,55,59,3,5,5,1,50.0
52,57,23,3,5,6,1,50.0
52,55,44,3,5,5,1,50.0
52,53,71,3,5,6,1,50.0
52,51,68,3,5,5,1,50.0
52,50,32,3,5,4,1,50.0
52,49,20,3,5,3,1,50.0
52,48,65,3,5,4,1,50.0
52,47,59,3,5,3,1,50.0
52,45,53,3,5,5,1,50.0
52,44,41,3,5,4,1,50.0
43,57,11,3,5,6,1,50.0
43,58,62,3,5,6,1,50.0
52,42,47,3,5,6,1,50.0
52,41,38,3,5,6,1,50.0
52,38,26,3,5,6,1,50.0
52,37,77,3,6,6,1,50.0
43,61,38,3,5,6,1,50.0
43,62,32,3,5,6,1,50.0
52,35,62,3,6,6,1,50.0
52,32,50,3,6,5,1,50.0
43,63,2,3,6,6,1,50.0
52,31,59,3,6,6,1,50.0
52,28,5,3,6,6,1,50.0
43,65,65,3,5,6,1,50.0
52,26,65,3,6,6,1,50.0
43,66,44,3,5,6,1,50.0
43,67,8,3,5,6,1,50.0
43,68,5,3,5,6,1,50.0
43,69,47,3,5,6,1,50.0
43,70,26,3,5,6,1,50.0
52,24,56,3,6,6,1,50.0
52,22,8,3,6,6,1,50.0
43,71,12,3,6,6,1,50.0
52,15,47,3,6,6,1,50.0
52,14,44,3,6,6,1,50.0
43,72,5,3,6,6,1,50.0
52,7,20,3,6,6,1,50.0
43,75,53,3,5,6,1,50.0
43,77,51,2,5,1,2,50.0
52,6,29,3,6,6,1,50.0
43,79,41,3,5,6,1,50.0
43,81,8,3,6,6,1,50.0
52,3,35,3,6,6,1,50.0
52,1,38,3,6,5,1,50.0
52,0,41,3,6,6,1,50.0
51,95,59,3,5,6,1,50.0
51,92,56,3,5,6,1,50.0
51,88,0,2,4,3,2,50.0
51,81,5,3,6,6,1,50.0
51,79,65,3,5,6,1,50.0
51,78,11,3,5,6,1,50.0
51,76,2,3,5,6,1,50.0
51,75,50,3,5,6,1,50.0
51,72,2,3,6,6,1,50.0
51,70,23,3,5,6,1,50.0
43,87,35,3,5,6,1,50.0
43,89,17,3,5,6,1,50.0
51,69,41,3,5,6,1,50.0
43,94,32,3,6,6,1,50.0
51,65,38,3,5,6,1,50.0
43,95,20,3,5,6,1,50.0
43,96,56,3,5,6,1,50.0
51,54,35,3,5,6,1,50.0
51,50,71,3,3,5,1,50.0
44,0,59,3,4,6,1,50.0
44,1,35,3,4,5,1,50.0
44,3,26,3,4,6,1,50.0
44,5,20,3,4,6,1,50.0
44,6,23,3,4,6,1,50.0
51,49,77,3,3,4,1,50.0
44,10,0,2,2,2,2,50.0
51,48,77,3,4,3,1,50.0
51,45,71,3,4,4,1,50.0
51,42,74,3,4,6,1,50.0
51,41,77,3,5,5,1,50.0
51,40,71,3,5,6,1,50.0
51,38,62,3,5,6,1,50.0
44,11,0,2,4,5,2,50.0
51,37,53,3,5,6,1,50.0
44,12,38,3,4,5,1,50.0
44,13,23,2,5,3,2,50.0
51,35,29,3,5,6,1,50.0
51,33,20,3,5,6,1,50.0
44,14,29,3,4,6,1,50.0
51,32,14,3,5,5,1,50.0
51,31,44,3,5,6,1,50.0
44,15,56,3,4,6,1,50.0
44,16,53,3,4,6,1,50.0
51,25,14,3,6,6,1,50.0
51,21,47,3,5,6,1,50.0
51,20,32,3,5,6,1,50.0
51,16,26,3,5,6,1,50.0
51,15,17,3,5,6,1,50.0
44,20,44,3,4,6,1,50.0
51,6,26,3,6,6,1,50.0
44,21,6,3,4,6,1,50.0
44,22,3,3,4,6,1,50.0
51,3,32,3,6,6,1,50.0
44,24,17,3,4,6,1,50.0
51,2,44,3,6,6,1,50.0
44,25,11,3,4,6,1,50.0
50,99,0,2,3,5,2,50.0
50,96,44,3,4,6,1,50.0
44,26,11,3,5,5,1,50.0
50,95,29,3,4,6,1,50.0
50,94,17,3,4,6,1,50.0
50,93,11,3,4,6,1,50.0
44,28,14,3,4,6,1,50.0
50,87,26,3,4,6,1,50.0
50,86,0,2,5,1,2,50.0
50,84,20,3,4,5,1,50.0
50,82,5,3,4,6,1,50.0
44,30,56,3,5,6,1,50.0
50,77,14,3,5,6,1,50.0
44,31,62,3,5,6,1,50.0
50,74,34,2,5,0,2,50.0
44,32,65,3,4,6,1,50.0
50,70,8,3,4,6,1,50.0
50,69,23,3,4,6,1,50.0
50,68,8,3,5,6,1,50.0
44,33,29,3,5,6,1,50.0
50,66,29,3,5,6,1,50.0
44,35,50,3,5,6,1,50.0
50,65,59,3,5,6,1,50.0
50,62,20,3,5,6,1,50.0
50,57,74,3,5,6,1,50.0
50,56,68,3,5,6,1,50.0
50,55,50,3,5,5,1,50.0
44,37,71,3,3,6,1,50.0
50,53,56,3,5,6,1,50.0
50,52,53,3,5,6,1,50.0
50,51,65,3,5,6,1,50.0
50,49,62,3,5,3,1,50.0
50,48,44,3,5,4,1,50.0
50,47,24,3,5,4,1,50.0
50,46,47,3,5,4,1,50.0
50,44,41,3,5,5,1,50.0
44,38,68,3,3,6,1,50.0
50,43,38,3,5,6,1,50.0
50,42,17,3,5,6,1,50.0
44,39,41,3,6,6,1,50.0
50,41,11,3,5,6,1,50.0
50,40,5,3,5,6,1,50.0
44,41,74,3,3,5,1,50.0
50,38,2,3,5,6,1,50.0
44,42,68,3,4,5,1,50.0
44,43,77,3,4,6,1,50.0
44,45,71,3,4,5,1,50.0
50,35,26,3,6,6,1,50.0
50,31,56,3,6,6,1,50.0
50,30,17,3,6,6,1,50.0
44,46,74,3,4,5,1,50.0
50,25,8,3,6,6,1,50.0
50,24,50,3,6,6,1,50.0
44,47,65,3,5,3,1,50.0
44,49,35,3,5,3,1,50.0
44,50,77,3,5,6,1,50.0
44,51,74,3,5,5,1,50.0
44,52,71,3,5,6,1,50.0
44,53,68,3,5,6,1,50.0
50,16,62,3,6,6,1,50.0
50,15,44,3,6,6,1,50.0
44,54,38,3,5,6,1,50.0
50,14,38,3,6,6,1,50.0
44,55,26,3,5,5,1,50.0
44,57,8,3,5,6,1,50.0
50,12,29,3,6,5,1,50.0
44,62,17,3,5,6,1,50.0
44,65,32,3,5,6,1,50.0
50,6,20,3,6,6,1,50.0
50,2,41,3,6,6,1,50.0
50,1,23,3,6,5,1,50.0
50,0,14,3,6,6,1,50.0
49,98,8,3,5,6,1,50.0
49,97,11,3,3,5,1,50.0
44,67,5,3,5,6,1,50.0
49,95,23,3,3,6,1,50.0
49,94,11,3,4,6,1,50.0
49,93,14,3,3,6,1,50.0
49,92,29,3,3,6,1,50.0
44,69,59,3,5,6,1,50.0
44,70,2,3,5,6,1,50.0
49,91,29,3,4,6,1,50.0
49,89,44,3,4,6,1,50.0
44,75,47,3,5,6,1,50.0
44,78,1,3,6,6,1,50.0
44,79,53,3,5,6,1,50.0
49,88,0,2,2,5,2,50.0
49,85,47,3,4,5,1,50.0
49,84,17,3,3,6,1,50.0
49,82,2,3,4,6,1,50.0
49,81,0,2,4,4,2,50.0
49,79,62,3,4,6,1,50.0
49,77,39,2,4,4,2,50.0
44,85,44,3,5,6,1,50.0
49,75,41,3,4,6,1,50.0
44,87,20,3,5,6,1,50.0
44,89,14,3,5,6,1,50.0
44,91,11,3,6,6,1,50.0
44,92,59,3,6,6,1,50.0
49,71,1,3,6,6,1,50.0
44,94,8,3,6,6,1,50.0
49,70,5,3,4,6,1,50.0
49,69,35,3,4,6,1,50.0
49,68,51,2,4,3,2,50.0
44,95,50,3,6,6,1,50.0
49,67,21,2,4,5,2,50.0
44,97,26,3,6,5,1,50.0
49,66,23,3,4,6,1,50.0
49,65,18,3,4,6,1,50.0
49,64,56,3,4,6,1,50.0
45,1,32,3,5,5,1,50.0
49,62,14,3,4,6,1,50.0
49,61,32,3,4,6,1,50.0
45,3,23,3,5,6,1,50.0
49,58,47,3,5,6,1,50.0
45,5,17,3,5,6,1,50.0
49,57,77,3,5,6,1,50.0
45,15,41,3,5,6,1,50.0
49,56,71,3,4,6,1,50.0
49,54,56,3,5,6,1,50.0
49,53,59,3,4,6,1,50.0
49,51,74,3,4,6,1,50.0
45,26,62,3,5,6,1,50.0
49,50,68,3,4,6,1,50.0
49,48,53,3,4,4,1,50.0
45,29,0,2,3,3,2,50.0
49,47,65,3,4,4,1,50.0
45,30,1,3,5,6,1,50.0
45,32,35,3,5,5,1,50.0
49,46,53,3,5,3,1,50.0
49,45,44,3,5,5,1,50.0
49,44,74,3,5,6,1,50.0
45,33,14,3,5,6,1,50.0
49,43,68,3,5,5,1,50.0
45,37,11,3,5,5,1,50.0
49,41,71,3,5,5,1,50.0
49,40,59,3,5,6,1,50.0
45,38,47,3,5,6,1,50.0
49,38,65,3,5,6,1,50.0
45,41,77,3,4,6,1,50.0
49,37,62,3,5,6,1,50.0
49,35,35,3,5,6,1,50.0
45,43,29,3,5,6,1,50.0
45,47,77,3,5,4,1,50.0
45,48,38,3,5,5,1,50.0
45,49,5,3,5,5,1,50.0
45,52,26,3,5,6,1,50.0
45,55,8,3,5,6,1,50.0
49,33,23,3,5,6,1,50.0
49,32,11,3,5,5,1,50.0
45,56,77,3,6,5,1,50.0
45,61,20,3,5,6,1,50.0
49,31,41,3,5,6,1,50.0
45,64,53,3,6,6,1,50.0
45,65,50,3,6,6,1,50.0
49,26,32,3,5,6,1,50.0
45,66,26,3,6,6,1,50.0
49,15,29,3,5,6,1,50.0
49,14,18,3,5,6,1,50.0
45,69,32,3,6,6,1,50.0
49,12,15,3,5,5,1,50.0
45,75,38,3,6,6,1,50.0
45,92,23,3,6,6,1,50.0
45,94,5,3,6,6,1,50.0
49,6,2,3,5,6,1,50.0
45,95,47,3,6,6,1,50.0
45,96,41,3,6,6,1,50.0
49,3,20,3,6,6,1,50.0
49,2,35,3,6,6,1,50.0
46,0,44,3,4,6,1,50.0
48,98,0,2,4,2,2,50.0
48,97,62,3,4,6,1,50.0
48,96,17,3,4,6,1,50.0
48,95,14,3,4,6,1,50.0
46,1,62,3,4,6,1,50.0
46,3,14,3,4,6,1,50.0
48,94,2,3,4,6,1,50.0
48,93,8,3,5,6,1,50.0
46,5,0,2,3,1,2,50.0
46,6,17,3,5,6,1,50.0
48,89,11,3,4,6,1,50.0
46,7,0,2,5,5,2,50.0
46,15,32,3,4,6,1,50.0
48,87,14,3,5,6,1,50.0
46,16,56,3,4,6,1,50.0
48,85,56,3,4,6,1,50.0
48,82,51,2,4,0,2,50.0
48,79,59,3,5,6,1,50.0
46,20,35,3,4,6,1,50.0
48,75,32,3,5,6,1,50.0
46,21,23,3,4,6,1,50.0
48,66,17,3,5,6,1,50.0
48,65,41,3,4,6,1,50.0
48,64,47,3,5,6,1,50.0
48,61,26,3,5,6,1,50.0
48,58,44,3,5,6,1,50.0
48,56,77,3,4,6,1,50.0
48,54,41,3,5,6,1,50.0
48,49,74,3,4,6,1,50.0
48,47,71,3,4,4,1,50.0
48,46,68,3,4,5,1,50.0
48,44,77,3,5,6,1,50.0
48,42,71,3,5,6,1,50.0
46,31,11,3,4,6,1,50.0
46,32,20,3,4,5,1,50.0
46,33,8,3,4,6,1,50.0
48,41,65,3,5,5,1,50.0
48,37,56,3,5,6,1,50.0
46,37,59,3,4,6,1,50.0
46,38,53,3,4,6,1,50.0
48,35,20,3,5,6,1,50.0
46,40,56,3,5,6,1,50.0
48,33,5,3,5,6,1,50.0
48,31,23,3,5,6,1,50.0
46,41,53,3,5,5,1,50.0
46,42,77,3,4,6,1,50.0
46,43,71,3,5,6,1,50.0
48,26,53,3,5,6,1,50.0
46,44,65,3,5,6,1,50.0
46,47,50,3,5,3,1,50.0
46,48,62,3,5,5,1,50.0
46,49,77,3,5,6,1,50.0
48,22,0,3,6,6,1,50.0
46,50,59,3,5,6,1,50.0
48,21,2,3,5,6,1,50.0
46,51,47,3,5,6,1,50.0
48,14,11,3,5,6,1,50.0
46,53,35,3,5,6,1,50.0
46,54,26,3,5,6,1,50.0
46,55,41,3,5,5,1,50.0
46,56,44,3,5,6,1,50.0
46,58,20,3,5,6,1,50.0
48,3,8,3,6,6,1,50.0
48,1,29,3,6,5,1,50.0
48,0,50,3,6,6,1,50.0
46,61,29,3,5,6,1,50.0
47,98,0,2,4,4,2,50.0
47,96,53,3,4,6,1,50.0
47,95,44,3,4,6,1,50.0
46,69,11,3,5,6,1,50.0
47,94,51,2,1,2,2,50.0
47,92,50,3,4,6,1,50.0
47,84,56,3,3,6,1,50.0
46,75,23,3,5,6,1,50.0
46,79,38,3,5,6,1,50.0
47,75,35,3,4,6,1,50.0
46,84,14,3,5,5,1,50.0
46,85,32,3,5,5,1,50.0
47,66,12,3,5,6,1,50.0
47,64,17,3,4,6,1,50.0
47,61,9,3,5,6,1,50.0
47,58,35,3,5,6,1,50.0
46,91,51,2,1,3,2,50.0
46,92,5,3,5,6,1,50.0
47,55,74,3,4,6,1,50.0
47,54,20,3,6,6,1,50.0
46,93,2,3,5,6,1,50.0
47,48,68,3,4,5,1,50.0
46,96,8,3,5,6,1,50.0
47,46,62,3,4,6,1,50.0
46,97,8,3,6,5,1,50.0
47,0,32,3,5,6,1,50.0
47,5,39,2,5,2,2,50.0
47,45,59,3,4,6,1,50.0
47,41,56,3,4,6,1,50.0
47,38,71,3,5,6,1,50.0
47,37,65,3,5,6,1,50.0
47,32,23,3,5,5,1,50.0
47,14,6,3,5,6,1,50.0
47,15,50,3,5,6,1,50.0
47,16,47,3,5,6,1,50.0
47,20,29,3,5,6,1,50.0
47,24,44,3,5,6,1,50.0
