src,dst,spec,slots_used,core_src,core_dst,cores_used,tfk_slot
99,98,77,3,0,0,1,50.0
99,96,74,3,0,0,1,50.0
99,95,71,3,0,0,1,50.0
0,1,77,3,0,0,1,50.0
0,2,74,3,0,0,1,50.0
0,3,71,3,0,0,1,50.0
0,4,68,3,0,0,1,50.0
0,5,65,3,0,0,1,50.0
99,94,68,3,0,0,1,50.0
0,6,62,3,0,0,1,50.0
0,12,59,3,0,0,1,50.0
0,13,56,3,0,0,1,50.0
0,14,53,3,0,0,1,50.0
99,93,65,3,0,0,1,50.0
99,92,62,3,0,0,1,50.0
99,90,59,3,0,0,1,50.0
99,89,56,3,0,0,1,50.0
0,15,50,3,0,0,1,50.0
0,16,47,3,0,0,1,50.0
99,88,53,3,0,0,1,50.0
99,87,50,3,0,0,1,50.0
99,85,47,3,0,0,1,50.0
0,17,44,3,0,0,1,50.0
0,18,41,3,0,0,1,50.0
0,21,38,3,0,0,1,50.0
99,84,44,3,0,0,1,50.0
99,83,41,3,0,0,1,50.0
99,82,38,3,0,0,1,50.0
0,23,35,3,0,0,1,50.0
0,26,32,3,0,0,1,50.0
0,27,29,3,0,0,1,50.0
0,28,26,3,0,0,1,50.0
0,29,23,3,0,0,1,50.0
0,30,20,3,0,0,1,50.0
99,80,35,3,0,0,1,50.0
99,79,32,3,0,0,1,50.0
99,78,29,3,0,0,1,50.0
99,77,26,3,0,0,1,50.0
99,76,23,3,0,0,1,50.0
0,31,17,3,0,0,1,50.0
99,75,20,3,0,0,1,50.0
99,74,17,3,0,0,1,50.0
99,73,14,3,0,0,1,50.0
0,32,14,3,0,0,1,50.0
99,71,11,3,0,0,1,50.0
0,33,11,3,0,0,1,50.0
0,34,8,3,0,0,1,50.0
99,68,8,3,0,0,1,50.0
99,67,5,3,0,0,1,50.0
99,62,2,3,0,0,1,50.0
0,35,5,3,0,0,1,50.0
0,37,2,3,0,0,1,50.0
99,61,77,3,1,0,1,50.0
99,60,74,3,1,0,1,50.0
99,56,71,3,1,0,1,50.0
0,38,77,3,1,0,1,50.0
0,39,74,3,1,0,1,50.0
99,55,68,3,1,0,1,50.0
99,54,65,3,1,0,1,50.0
99,53,62,3,1,0,1,50.0
0,40,71,3,1,0,1,50.0
0,41,68,3,1,0,1,50.0
99,51,59,3,1,0,1,50.0
0,42,65,3,1,0,1,50.0
99,49,56,3,1,0,1,50.0
0,44,62,3,1,0,1,50.0
0,45,59,3,1,0,1,50.0
0,47,56,3,1,0,1,50.0
0,48,53,3,1,0,1,50.0
0,53,50,3,1,0,1,50.0
0,58,47,3,1,0,1,50.0
99,48,50,3,1,0,1,50.0
99,47,53,3,1,0,1,50.0
0,59,44,3,1,0,1,50.0
0,63,41,3,1,0,1,50.0
99,46,47,3,1,0,1,50.0
99,45,44,3,1,0,1,50.0
0,64,38,3,1,0,1,50.0
99,44,41,3,1,0,1,50.0
99,43,38,3,1,0,1,50.0
0,65,35,3,1,0,1,50.0
0,66,32,3,1,0,1,50.0
99,40,35,3,1,0,1,50.0
99,36,32,3,1,0,1,50.0
99,34,29,3,1,0,1,50.0
0,67,29,3,1,0,1,50.0
0,69,26,3,1,0,1,50.0
99,32,26,3,1,0,1,50.0
99,31,23,3,1,0,1,50.0
99,30,17,3,1,0,1,50.0
0,71,23,3,1,0,1,50.0
99,29,20,3,1,0,1,50.0
99,28,14,3,1,0,1,50.0
0,72,20,3,1,0,1,50.0
0,74,14,3,1,0,1,50.0
99,27,11,3,1,0,1,50.0
0,75,17,3,1,0,1,50.0
0,78,11,3,1,0,1,50.0
0,80,8,3,1,0,1,50.0
99,26,8,3,1,0,1,50.0
0,82,5,3,1,0,1,50.0
0,84,2,3,1,0,1,50.0
99,23,5,3,1,0,1,50.0
99,22,2,3,1,0,1,50.0
0,85,77,3,2,0,1,50.0
0,86,74,3,2,0,1,50.0
99,20,77,3,2,0,1,50.0
0,87,71,3,2,0,1,50.0
99,19,74,3,2,0,1,50.0
0,88,68,3,2,0,1,50.0
0,90,65,3,2,0,1,50.0
0,91,62,3,2,0,1,50.0
99,17,71,3,2,0,1,50.0
99,16,68,3,2,0,1,50.0
0,92,59,3,2,0,1,50.0
0,94,56,3,2,0,1,50.0
99,14,65,3,2,0,1,50.0
99,13,62,3,2,0,1,50.0
0,95,53,3,2,0,1,50.0
0,96,50,3,2,0,1,50.0
0,97,47,3,2,0,1,50.0
99,12,56,3,2,0,1,50.0
0,98,44,3,2,0,1,50.0
0,99,41,3,2,2,1,50.0
99,10,59,3,2,0,1,50.0
99,9,53,3,2,0,1,50.0
99,7,50,3,2,0,1,50.0
99,5,47,3,2,0,1,50.0
99,4,44,3,2,0,1,50.0
99,3,38,3,2,0,1,50.0
1,0,38,3,0,2,1,50.0
99,1,35,3,2,0,1,50.0
98,99,32,3,0,2,1,50.0
98,97,74,3,0,0,1,50.0
98,96,71,3,0,0,1,50.0
98,95,68,3,0,0,1,50.0
98,94,65,3,0,0,1,50.0
98,93,62,3,0,0,1,50.0
98,91,59,3,0,0,1,50.0
1,2,71,3,0,0,1,50.0
98,88,56,3,0,0,1,50.0
1,3,74,3,0,0,1,50.0
98,87,53,3,0,0,1,50.0
98,86,50,3,0,0,1,50.0
1,4,65,3,0,0,1,50.0
98,85,41,3,0,0,1,50.0
98,84,47,3,0,0,1,50.0
98,83,38,3,0,0,1,50.0
1,6,68,3,0,0,1,50.0
98,82,35,3,0,0,1,50.0
1,8,62,3,0,0,1,50.0
1,9,59,3,0,0,1,50.0
98,81,29,3,0,0,1,50.0
98,76,26,3,0,0,1,50.0
1,10,56,3,0,0,1,50.0
98,74,23,3,0,0,1,50.0
98,73,20,3,0,0,1,50.0
1,11,53,3,0,0,1,50.0
98,72,17,3,0,0,1,50.0
98,70,14,3,0,0,1,50.0
1,12,50,3,0,0,1,50.0
98,69,11,3,0,0,1,50.0
1,14,47,3,0,0,1,50.0
1,15,44,3,0,0,1,50.0
1,18,32,3,0,0,1,50.0
98,67,8,3,0,0,1,50.0
1,19,41,3,0,0,1,50.0
1,20,29,3,0,0,1,50.0
1,21,26,3,0,0,1,50.0
1,22,23,3,0,0,1,50.0
1,23,20,3,0,0,1,50.0
1,24,17,3,0,0,1,50.0
98,66,5,3,0,0,1,50.0
98,64,2,3,0,0,1,50.0
98,63,77,3,1,0,1,50.0
98,62,74,3,1,0,1,50.0
98,57,71,3,1,0,1,50.0
1,26,14,3,0,0,1,50.0
1,28,11,3,0,0,1,50.0
98,55,65,3,1,0,1,50.0
98,54,68,3,1,0,1,50.0
98,53,59,3,1,0,1,50.0
1,29,8,3,0,0,1,50.0
1,30,5,3,0,0,1,50.0
98,49,62,3,1,0,1,50.0
1,31,2,3,0,0,1,50.0
1,34,77,3,1,0,1,50.0
98,48,56,3,1,0,1,50.0
98,47,50,3,1,0,1,50.0
98,46,53,3,1,0,1,50.0
1,35,74,3,1,0,1,50.0
1,36,71,3,1,0,1,50.0
98,44,47,3,1,0,1,50.0
1,37,68,3,1,0,1,50.0
1,39,65,3,1,0,1,50.0
98,43,44,3,1,0,1,50.0
1,41,62,3,1,0,1,50.0
1,42,59,3,1,0,1,50.0
1,44,56,3,1,0,1,50.0
1,45,53,3,1,0,1,50.0
98,42,41,3,1,0,1,50.0
98,41,38,3,1,0,1,50.0
1,48,47,3,1,0,1,50.0
1,49,50,3,1,0,1,50.0
98,39,35,3,1,0,1,50.0
1,51,44,3,1,0,1,50.0
1,55,41,3,1,0,1,50.0
98,36,29,3,1,0,1,50.0
1,57,38,3,1,0,1,50.0
1,59,35,3,1,0,1,50.0
1,60,32,3,1,0,1,50.0
98,35,32,3,1,0,1,50.0
98,33,26,3,1,0,1,50.0
98,32,23,3,1,0,1,50.0
98,31,20,3,1,0,1,50.0
98,30,14,3,1,0,1,50.0
1,61,29,3,1,0,1,50.0
1,63,26,3,1,0,1,50.0
1,64,23,3,1,0,1,50.0
98,27,17,3,1,0,1,50.0
1,65,20,3,1,0,1,50.0
1,66,17,3,1,0,1,50.0
98,26,11,3,1,0,1,50.0
1,70,11,3,1,0,1,50.0
98,24,8,3,1,0,1,50.0
98,23,2,3,1,0,1,50.0
1,72,14,3,1,0,1,50.0
98,22,5,3,1,0,1,50.0
98,21,77,3,2,0,1,50.0
98,19,71,3,2,0,1,50.0
1,74,8,3,1,0,1,50.0
1,76,5,3,1,0,1,50.0
1,77,2,3,1,0,1,50.0
98,16,74,3,2,0,1,50.0
98,15,68,3,2,0,1,50.0
98,14,62,3,2,0,1,50.0
98,12,65,3,2,0,1,50.0
1,79,77,3,2,0,1,50.0
98,11,59,3,2,0,1,50.0
98,10,53,3,2,0,1,50.0
1,80,74,3,2,0,1,50.0
1,81,71,3,2,0,1,50.0
1,82,68,3,2,0,1,50.0
98,6,56,3,2,0,1,50.0
98,4,50,3,2,0,1,50.0
1,83,65,3,2,0,1,50.0
1,88,62,3,2,0,1,50.0
98,2,47,3,2,0,1,50.0
98,1,44,3,2,2,1,50.0
1,89,59,3,2,0,1,50.0
97,98,41,3,0,2,1,50.0
1,90,56,3,2,0,1,50.0
1,91,53,3,2,0,1,50.0
1,92,50,3,2,0,1,50.0
1,93,47,3,2,0,1,50.0
97,96,77,3,0,0,1,50.0
97,94,71,3,0,0,1,50.0
1,94,41,3,2,0,1,50.0
1,95,38,3,2,0,1,50.0
1,96,35,3,2,0,1,50.0
97,93,68,3,0,0,1,50.0
97,92,65,3,0,0,1,50.0
1,97,32,3,2,0,1,50.0
97,91,56,3,0,0,1,50.0
1,98,29,3,2,2,1,50.0
97,90,62,3,0,0,1,50.0
97,89,53,3,0,0,1,50.0
97,88,59,3,0,0,1,50.0
1,99,26,3,2,2,1,50.0
97,87,44,3,0,0,1,50.0
2,0,35,3,0,2,1,50.0
97,85,50,3,0,0,1,50.0
2,1,23,3,0,2,1,50.0
97,84,38,3,0,0,1,50.0
2,3,77,3,0,0,1,50.0
2,4,62,3,0,0,1,50.0
2,6,65,3,0,0,1,50.0
97,83,35,3,0,0,1,50.0
97,82,29,3,0,0,1,50.0
2,7,68,3,0,0,1,50.0
2,9,56,3,0,0,1,50.0
2,10,50,3,0,0,1,50.0
97,80,26,3,0,0,1,50.0
2,11,44,3,0,0,1,50.0
97,78,23,3,0,0,1,50.0
97,77,20,3,0,0,1,50.0
97,76,17,3,0,0,1,50.0
2,12,53,3,0,0,1,50.0
97,75,14,3,0,0,1,50.0
2,13,59,3,0,0,1,50.0
97,74,11,3,0,0,1,50.0
97,73,8,3,0,0,1,50.0
2,14,41,3,0,0,1,50.0
97,72,5,3,0,0,1,50.0
97,71,2,3,0,0,1,50.0
2,16,38,3,0,0,1,50.0
2,17,32,3,0,0,1,50.0
2,18,29,3,0,0,1,50.0
2,21,20,3,0,0,1,50.0
97,60,77,3,1,0,1,50.0
2,22,26,3,0,0,1,50.0
2,23,17,3,0,0,1,50.0
97,59,74,3,1,0,1,50.0
97,57,68,3,1,0,1,50.0
97,54,71,3,1,0,1,50.0
97,52,65,3,1,0,1,50.0
2,25,14,3,0,0,1,50.0
2,26,5,3,0,0,1,50.0
2,28,8,3,0,0,1,50.0
97,51,62,3,1,0,1,50.0
2,29,11,3,0,0,1,50.0
97,50,59,3,1,0,1,50.0
97,45,56,3,1,0,1,50.0
2,31,2,3,0,1,1,50.0
2,32,77,3,1,0,1,50.0
97,44,53,3,1,0,1,50.0
97,43,50,3,1,0,1,50.0
2,33,74,3,1,0,1,50.0
2,35,71,3,1,0,1,50.0
2,36,68,3,1,0,1,50.0
2,37,65,3,1,0,1,50.0
97,38,47,3,1,0,1,50.0
97,37,44,3,1,0,1,50.0
97,36,41,3,1,0,1,50.0
2,39,62,3,1,0,1,50.0
2,40,59,3,1,0,1,50.0
97,35,38,3,1,0,1,50.0
97,34,35,3,1,0,1,50.0
2,41,56,3,1,0,1,50.0
97,33,32,3,1,0,1,50.0
97,31,29,3,1,0,1,50.0
97,28,23,3,1,0,1,50.0
97,26,26,3,1,0,1,50.0
97,25,20,3,1,0,1,50.0
2,42,53,3,1,0,1,50.0
2,43,47,3,1,0,1,50.0
97,24,14,3,1,0,1,50.0
2,44,50,3,1,0,1,50.0
97,21,17,3,1,0,1,50.0
2,45,41,3,1,0,1,50.0
2,48,44,3,1,0,1,50.0
97,19,11,3,1,0,1,50.0
2,50,38,3,1,0,1,50.0
2,51,35,3,1,0,1,50.0
97,18,8,3,1,0,1,50.0
2,52,32,3,1,0,1,50.0
97,16,5,3,1,0,1,50.0
2,55,29,3,1,0,1,50.0
2,56,26,3,1,0,1,50.0
2,58,23,3,1,0,1,50.0
97,14,2,3,1,0,1,50.0
2,59,20,3,1,0,1,50.0
97,12,77,3,2,0,1,50.0
2,61,17,3,1,0,1,50.0
2,62,14,3,1,0,1,50.0
2,64,11,3,1,0,1,50.0
2,67,2,3,1,0,1,50.0
97,11,74,3,2,0,1,50.0
2,68,5,3,1,0,1,50.0
2,69,8,3,1,0,1,50.0
2,70,77,3,2,0,1,50.0
2,71,74,3,2,0,1,50.0
97,10,71,3,2,0,1,50.0
97,9,68,3,2,0,1,50.0
97,8,65,3,2,0,1,50.0
2,72,71,3,2,0,1,50.0
97,7,62,3,2,0,1,50.0
97,3,59,3,2,0,1,50.0
2,74,68,3,2,0,1,50.0
97,2,56,3,2,2,1,50.0
97,1,20,3,2,2,1,50.0
2,75,65,3,2,0,1,50.0
2,76,62,3,2,0,1,50.0
97,0,32,3,2,2,1,50.0
2,77,59,3,2,0,1,50.0
96,99,29,3,0,2,1,50.0
96,98,38,3,0,2,1,50.0
96,97,53,3,0,2,1,50.0
2,79,53,3,2,0,1,50.0
96,95,65,3,0,0,1,50.0
96,94,62,3,0,0,1,50.0
96,93,59,3,0,0,1,50.0
2,80,50,3,2,0,1,50.0
2,81,47,3,2,0,1,50.0
96,92,68,3,0,0,1,50.0
2,83,44,3,2,0,1,50.0
2,84,41,3,2,0,1,50.0
2,87,38,3,2,0,1,50.0
96,91,47,3,0,0,1,50.0
2,88,35,3,2,0,1,50.0
96,89,44,3,0,0,1,50.0
96,88,41,3,0,0,1,50.0
2,89,32,3,2,0,1,50.0
2,92,29,3,2,0,1,50.0
2,93,26,3,2,0,1,50.0
96,87,56,3,0,0,1,50.0
2,94,23,3,2,0,1,50.0
2,95,20,3,2,0,1,50.0
96,86,32,3,0,0,1,50.0
2,96,17,3,2,0,1,50.0
96,84,26,3,0,0,1,50.0
96,83,23,3,0,0,1,50.0
2,98,14,3,2,2,1,50.0
96,82,20,3,0,0,1,50.0
2,99,11,3,2,2,1,50.0
96,81,14,3,0,0,1,50.0
96,80,11,3,0,0,1,50.0
96,79,8,3,0,0,1,50.0
96,72,2,3,0,0,1,50.0
3,0,29,3,0,2,1,50.0
96,71,5,3,0,0,1,50.0
96,68,77,3,1,0,1,50.0
3,1,17,3,0,2,1,50.0
96,67,74,3,1,0,1,50.0
96,65,71,3,1,0,1,50.0
96,64,68,3,1,0,1,50.0
3,4,56,3,0,0,1,50.0
96,62,65,3,1,0,1,50.0
96,61,62,3,1,0,1,50.0
3,6,53,3,0,0,1,50.0
3,7,65,3,0,0,1,50.0
3,8,68,3,0,0,1,50.0
96,58,59,3,1,0,1,50.0
3,10,62,3,0,0,1,50.0
96,56,56,3,1,0,1,50.0
3,12,47,3,0,0,1,50.0
96,54,53,3,1,0,1,50.0
3,14,50,3,0,0,1,50.0
96,53,47,3,1,0,1,50.0
96,49,44,3,1,0,1,50.0
96,48,41,3,1,0,1,50.0
3,16,44,3,0,0,1,50.0
96,42,50,3,1,0,1,50.0
96,39,38,3,1,0,1,50.0
96,37,35,3,1,0,1,50.0
3,18,35,3,0,0,1,50.0
3,20,41,3,0,0,1,50.0
96,36,26,3,1,0,1,50.0
96,34,32,3,1,0,1,50.0
96,33,29,3,1,0,1,50.0
96,32,20,3,1,0,1,50.0
96,30,23,3,1,0,1,50.0
96,28,17,3,1,0,1,50.0
3,21,32,3,0,0,1,50.0
3,22,20,3,0,0,1,50.0
96,25,11,3,1,0,1,50.0
96,24,5,3,1,0,1,50.0
3,23,26,3,0,0,1,50.0
3,24,23,3,0,0,1,50.0
96,22,14,3,1,0,1,50.0
96,20,8,3,1,0,1,50.0
96,17,2,3,1,0,1,50.0
96,16,77,3,2,0,1,50.0
96,15,74,3,2,0,1,50.0
96,13,71,3,2,0,1,50.0
3,25,8,3,0,0,1,50.0
3,26,2,3,0,0,1,50.0
3,27,14,3,0,0,1,50.0
96,12,68,3,2,0,1,50.0
3,28,5,3,0,0,1,50.0
3,29,11,3,0,1,1,50.0
96,11,65,3,2,0,1,50.0
96,10,47,3,2,0,1,50.0
96,9,62,3,2,0,1,50.0
96,8,59,3,2,0,1,50.0
96,7,56,3,2,0,1,50.0
3,30,77,3,1,0,1,50.0
3,31,74,3,1,0,1,50.0
96,6,50,3,2,0,1,50.0
96,5,53,3,2,0,1,50.0
96,1,14,3,2,2,1,50.0
96,0,26,3,2,2,1,50.0
3,33,71,3,1,0,1,50.0
95,99,23,3,0,2,1,50.0
3,34,68,3,1,0,1,50.0
95,98,35,3,0,2,1,50.0
3,36,65,3,1,0,1,50.0
3,40,62,3,1,0,1,50.0
3,41,59,3,1,0,1,50.0
95,97,50,3,0,2,1,50.0
3,42,56,3,1,0,1,50.0
3,43,53,3,1,0,1,50.0
3,44,44,3,1,0,1,50.0
95,96,44,3,0,2,1,50.0
3,45,50,3,1,0,1,50.0
3,46,41,3,1,0,1,50.0
3,47,47,3,1,0,1,50.0
95,93,77,3,0,0,1,50.0
95,92,74,3,0,0,1,50.0
95,91,41,3,0,0,1,50.0
95,89,62,3,0,0,1,50.0
95,88,47,3,0,0,1,50.0
3,49,38,3,1,0,1,50.0
95,87,59,3,0,0,1,50.0
3,52,35,3,1,0,1,50.0
95,85,56,3,0,0,1,50.0
3,54,32,3,1,0,1,50.0
95,84,32,3,0,0,1,50.0
3,57,29,3,1,0,1,50.0
3,58,26,3,1,0,1,50.0
3,59,23,3,1,0,1,50.0
95,83,29,3,0,0,1,50.0
95,82,26,3,0,0,1,50.0
3,61,20,3,1,0,1,50.0
95,80,17,3,0,0,1,50.0
3,62,17,3,1,0,1,50.0
3,66,14,3,1,0,1,50.0
3,68,11,3,1,0,1,50.0
3,70,8,3,1,0,1,50.0
3,71,5,3,1,1,1,50.0
3,73,2,3,1,0,1,50.0
3,75,77,3,2,0,1,50.0
95,79,14,3,0,0,1,50.0
3,76,74,3,2,0,1,50.0
95,78,8,3,0,0,1,50.0
3,77,71,3,2,0,1,50.0
95,76,11,3,0,0,1,50.0
3,78,68,3,2,0,1,50.0
3,80,65,3,2,0,1,50.0
3,83,62,3,2,0,1,50.0
3,84,59,3,2,0,1,50.0
3,85,53,3,2,0,1,50.0
95,75,5,3,0,0,1,50.0
95,74,2,3,0,0,1,50.0
95,72,77,3,1,0,1,50.0
3,86,56,3,2,0,1,50.0
95,71,71,3,1,0,1,50.0
95,70,74,3,1,0,1,50.0
95,69,68,3,1,0,1,50.0
3,87,47,3,2,0,1,50.0
3,88,50,3,2,0,1,50.0
3,89,41,3,2,0,1,50.0
95,67,65,3,1,0,1,50.0
3,90,44,3,2,0,1,50.0
95,64,62,3,1,0,1,50.0
3,91,38,3,2,0,1,50.0
95,62,59,3,1,0,1,50.0
95,59,56,3,1,0,1,50.0
95,58,53,3,1,0,1,50.0
3,92,35,3,2,0,1,50.0
95,57,50,3,1,0,1,50.0
3,93,32,3,2,0,1,50.0
3,95,29,3,2,1,1,50.0
3,96,23,3,2,2,1,50.0
95,55,47,3,1,0,1,50.0
3,97,26,3,2,2,1,50.0
95,53,44,3,1,0,1,50.0
3,98,20,3,2,2,1,50.0
95,51,41,3,1,0,1,50.0
95,49,35,3,1,0,1,50.0
95,48,38,3,1,0,1,50.0
95,47,32,3,1,0,1,50.0
95,46,26,3,1,0,1,50.0
3,99,17,3,2,2,1,50.0
95,45,23,3,1,0,1,50.0
95,43,20,3,1,0,1,50.0
95,40,17,3,1,0,1,50.0
4,1,11,3,0,2,1,50.0
95,39,14,3,1,0,1,50.0
4,2,8,3,0,2,1,50.0
95,36,11,3,1,0,1,50.0
95,34,5,3,1,0,1,50.0
95,32,8,3,1,0,1,50.0
95,31,2,3,1,2,1,50.0
4,3,14,3,0,2,1,50.0
95,29,77,3,2,0,1,50.0
4,5,77,3,0,0,1,50.0
4,6,74,3,0,0,1,50.0
95,28,74,3,2,0,1,50.0
95,27,71,3,2,0,1,50.0
4,7,71,3,0,0,1,50.0
4,9,47,3,0,0,1,50.0
95,23,68,3,2,0,1,50.0
95,21,65,3,2,0,1,50.0
95,20,62,3,2,0,1,50.0
4,10,41,3,0,0,1,50.0
95,18,59,3,2,0,1,50.0
95,17,56,3,2,0,1,50.0
4,12,38,3,0,0,1,50.0
95,16,53,3,2,0,1,50.0
95,15,47,3,2,0,1,50.0
95,14,44,3,2,0,1,50.0
95,13,50,3,2,0,1,50.0
95,12,41,3,2,0,1,50.0
95,10,38,3,2,0,1,50.0
4,13,53,3,0,0,1,50.0
4,16,59,3,0,0,1,50.0
4,18,26,3,0,0,1,50.0
95,8,35,3,2,0,1,50.0
95,6,32,3,2,0,1,50.0
4,20,35,3,0,0,1,50.0
4,21,29,3,0,0,1,50.0
95,1,8,3,2,2,1,50.0
95,0,23,3,2,2,1,50.0
94,99,20,3,0,2,1,50.0
94,97,47,3,0,2,1,50.0
94,96,38,3,0,2,1,50.0
4,24,32,3,0,0,1,50.0
94,95,29,3,0,2,1,50.0
4,25,23,3,0,0,1,50.0
94,90,77,3,0,0,1,50.0
4,27,20,3,0,0,1,50.0
4,29,17,3,0,0,1,50.0
4,31,5,3,0,0,1,50.0
94,88,74,3,0,0,1,50.0
4,34,2,3,0,0,1,50.0
4,35,77,3,1,0,1,50.0
4,36,74,3,1,0,1,50.0
4,37,71,3,1,0,1,50.0
94,87,35,3,0,0,1,50.0
4,38,68,3,1,0,1,50.0
94,85,59,3,0,0,1,50.0
4,39,59,3,1,0,1,50.0
4,40,65,3,1,0,1,50.0
4,41,53,3,1,0,1,50.0
4,42,62,3,1,0,1,50.0
4,44,38,3,1,0,1,50.0
94,84,53,3,0,0,1,50.0
94,83,50,3,0,0,1,50.0
4,47,44,3,1,0,1,50.0
4,50,56,3,1,0,1,50.0
4,52,50,3,1,0,1,50.0
94,82,44,3,0,0,1,50.0
4,53,41,3,1,0,1,50.0
94,81,32,3,0,0,1,50.0
94,80,14,3,0,0,1,50.0
94,79,26,3,0,0,1,50.0
94,76,8,3,0,0,1,50.0
4,55,35,3,1,0,1,50.0
4,58,32,3,1,0,1,50.0
94,75,11,3,0,0,1,50.0
94,72,17,3,0,1,1,50.0
94,71,2,3,0,1,1,50.0
94,66,5,3,0,1,1,50.0
4,59,47,3,1,0,1,50.0
94,65,77,3,1,0,1,50.0
94,62,71,3,1,0,1,50.0
4,60,29,3,1,0,1,50.0
94,60,68,3,1,0,1,50.0
4,65,26,3,1,0,1,50.0
94,59,65,3,1,0,1,50.0
94,58,74,3,1,0,1,50.0
4,66,23,3,1,0,1,50.0
94,55,62,3,1,0,1,50.0
94,53,56,3,1,0,1,50.0
94,52,59,3,1,0,1,50.0
94,51,53,3,1,0,1,50.0
94,50,50,3,1,0,1,50.0
4,68,20,3,1,0,1,50.0
4,69,17,3,1,0,1,50.0
4,70,5,3,1,0,1,50.0
4,72,11,3,1,0,1,50.0
4,73,14,3,1,1,1,50.0
94,49,47,3,1,0,1,50.0
4,74,8,3,1,1,1,50.0
94,48,35,3,1,0,1,50.0
94,43,41,3,1,0,1,50.0
4,75,2,3,1,0,1,50.0
94,42,44,3,1,0,1,50.0
94,40,38,3,1,0,1,50.0
4,76,77,3,2,0,1,50.0
4,78,74,3,2,0,1,50.0
4,79,71,3,2,0,1,50.0
4,80,68,3,2,0,1,50.0
4,81,65,3,2,0,1,50.0
4,82,62,3,2,0,1,50.0
94,37,32,3,1,0,1,50.0
94,35,29,3,1,0,1,50.0
4,83,59,3,2,0,1,50.0
4,84,56,3,2,0,1,50.0
94,34,26,3,1,0,1,50.0
4,85,44,3,2,0,1,50.0
94,33,23,3,1,0,1,50.0
94,31,14,3,1,0,1,50.0
4,87,41,3,2,0,1,50.0
4,88,38,3,2,0,1,50.0
94,30,11,3,1,0,1,50.0
94,29,5,3,1,0,1,50.0
4,89,50,3,2,0,1,50.0
94,28,20,3,1,0,1,50.0
94,27,8,3,1,0,1,50.0
4,90,53,3,2,0,1,50.0
4,92,47,3,2,0,1,50.0
94,26,17,3,1,0,1,50.0
4,93,35,3,2,0,1,50.0
94,23,2,3,1,1,1,50.0
94,22,77,3,2,0,1,50.0
94,20,74,3,2,0,1,50.0
4,94,32,3,2,2,1,50.0
4,95,26,3,2,2,1,50.0
94,19,68,3,2,0,1,50.0
4,96,29,3,2,2,1,50.0
94,18,71,3,2,0,1,50.0
4,97,23,3,2,2,1,50.0
94,16,65,3,2,0,1,50.0
4,98,17,3,2,2,1,50.0
4,99,14,3,2,2,1,50.0
5,0,20,3,0,2,1,50.0
5,1,5,3,0,2,1,50.0
5,2,2,3,0,2,1,50.0
5,3,11,3,0,2,1,50.0
94,15,62,3,2,0,1,50.0
5,8,74,3,0,0,1,50.0
94,13,47,3,2,0,1,50.0
94,11,56,3,2,0,1,50.0
94,10,44,3,2,0,1,50.0
5,9,71,3,0,0,1,50.0
94,9,50,3,2,0,1,50.0
94,8,53,3,2,0,1,50.0
5,12,62,3,0,0,1,50.0
5,13,68,3,0,0,1,50.0
94,6,59,3,2,0,1,50.0
5,14,59,3,0,0,1,50.0
94,4,20,3,2,2,1,50.0
94,3,8,3,2,2,1,50.0
5,16,56,3,0,0,1,50.0
5,18,50,3,0,0,1,50.0
5,19,44,3,0,0,1,50.0
94,0,17,3,2,2,1,50.0
5,20,38,3,0,0,1,50.0
5,24,41,3,0,0,1,50.0
93,99,8,3,0,2,1,50.0
93,98,23,3,0,2,1,50.0
5,25,35,3,0,0,1,50.0
93,97,44,3,0,2,1,50.0
5,27,32,3,0,0,1,50.0
5,28,29,3,0,0,1,50.0
5,29,26,3,0,0,1,50.0
93,96,41,3,0,2,1,50.0
93,94,38,3,0,2,1,50.0
93,92,71,3,0,0,1,50.0
5,30,8,3,0,0,1,50.0
93,90,74,3,0,0,1,50.0
93,89,29,3,0,0,1,50.0
93,88,20,3,0,0,1,50.0
93,87,17,3,0,0,1,50.0
93,86,53,3,0,0,1,50.0
93,85,14,3,0,0,1,50.0
5,31,23,3,0,1,1,50.0
5,33,17,3,0,0,1,50.0
5,34,14,3,0,0,1,50.0
5,36,77,3,1,0,1,50.0
93,84,50,3,0,0,1,50.0
93,83,56,3,0,0,1,50.0
93,82,11,3,0,0,1,50.0
5,38,74,3,1,0,1,50.0
93,80,5,3,0,0,1,50.0
5,40,68,3,1,0,1,50.0
93,78,2,3,0,0,1,50.0
93,77,77,3,1,0,1,50.0
5,41,71,3,1,0,1,50.0
93,75,74,3,1,0,1,50.0
93,74,71,3,1,0,1,50.0
5,45,65,3,1,0,1,50.0
93,71,68,3,1,0,1,50.0
5,46,62,3,1,0,1,50.0
93,70,65,3,1,0,1,50.0
5,47,59,3,1,0,1,50.0
93,68,62,3,1,0,1,50.0
93,66,59,3,1,0,1,50.0
5,48,32,3,1,0,1,50.0
5,49,53,3,1,0,1,50.0
93,65,56,3,1,0,1,50.0
5,50,47,3,1,0,1,50.0
5,53,38,3,1,0,1,50.0
5,55,56,3,1,0,1,50.0
5,56,50,3,1,0,1,50.0
5,57,44,3,1,0,1,50.0
5,58,41,3,1,0,1,50.0
5,59,29,3,1,0,1,50.0
93,63,53,3,1,0,1,50.0
5,60,35,3,1,0,1,50.0
5,62,26,3,1,0,1,50.0
93,62,50,3,1,0,1,50.0
93,61,47,3,1,0,1,50.0
5,63,23,3,1,0,1,50.0
93,60,44,3,1,0,1,50.0
93,58,38,3,1,0,1,50.0
93,56,41,3,1,0,1,50.0
93,52,29,3,1,0,1,50.0
5,64,20,3,1,0,1,50.0
5,65,17,3,1,0,1,50.0
93,51,32,3,1,0,1,50.0
5,67,14,3,1,0,1,50.0
5,69,5,3,1,0,1,50.0
5,70,2,3,1,0,1,50.0
93,50,35,3,1,0,1,50.0
5,71,8,3,1,0,1,50.0
93,48,26,3,1,0,1,50.0
5,72,11,3,1,1,1,50.0
93,45,20,3,1,0,1,50.0
93,43,23,3,1,0,1,50.0
5,74,77,3,2,0,1,50.0
5,76,71,3,2,0,1,50.0
5,79,74,3,2,0,1,50.0
5,80,62,3,2,0,1,50.0
5,81,68,3,2,0,1,50.0
93,42,17,3,1,0,1,50.0
93,41,14,3,1,0,1,50.0
5,82,65,3,2,0,1,50.0
5,83,53,3,2,0,1,50.0
93,40,11,3,1,0,1,50.0
93,39,8,3,1,0,1,50.0
93,37,5,3,1,0,1,50.0
93,34,2,3,1,1,1,50.0
93,33,77,3,2,0,1,50.0
93,31,71,3,2,0,1,50.0
5,84,35,3,2,0,1,50.0
5,85,38,3,2,0,1,50.0
5,86,59,3,2,0,1,50.0
93,30,74,3,2,0,1,50.0
93,29,68,3,2,0,1,50.0
5,87,32,3,2,0,1,50.0
5,89,47,3,2,0,1,50.0
93,26,65,3,2,0,1,50.0
93,25,62,3,2,0,1,50.0
93,22,59,3,2,0,1,50.0
93,21,56,3,2,0,1,50.0
93,20,53,3,2,0,1,50.0
93,18,47,3,2,0,1,50.0
93,17,50,3,2,0,1,50.0
93,12,44,3,2,0,1,50.0
93,9,41,3,2,0,1,50.0
93,8,38,3,2,0,1,50.0
5,90,50,3,2,0,1,50.0
5,91,44,3,2,0,1,50.0
5,93,29,3,2,2,1,50.0
93,6,35,3,2,0,1,50.0
93,5,26,3,2,2,1,50.0
93,4,11,3,2,2,1,50.0
5,95,20,3,2,2,1,50.0
93,3,5,3,2,2,1,50.0
5,97,41,3,2,2,1,50.0
93,2,32,3,2,3,1,50.0
5,98,11,3,2,2,1,50.0
6,3,2,3,0,2,1,50.0
93,1,2,3,2,2,1,50.0
93,0,14,3,2,2,1,50.0
92,99,5,3,0,2,1,50.0
6,4,8,3,0,2,1,50.0
92,98,32,3,0,2,1,50.0
6,5,23,3,0,2,1,50.0
6,7,77,3,0,0,1,50.0
6,8,71,3,0,0,1,50.0
92,97,38,3,0,2,1,50.0
92,95,17,3,0,2,1,50.0
92,94,41,3,0,2,1,50.0
92,93,23,3,0,2,1,50.0
92,91,77,3,0,0,1,50.0
92,90,26,3,0,0,1,50.0
92,89,20,3,0,0,1,50.0
6,9,44,3,0,0,1,50.0
6,11,47,3,0,0,1,50.0
92,88,44,3,0,0,1,50.0
6,16,41,3,0,0,1,50.0
6,18,38,3,0,0,1,50.0
92,87,14,3,0,0,1,50.0
6,19,29,3,0,0,1,50.0
6,20,26,3,0,0,1,50.0
6,23,14,3,0,0,1,50.0
92,85,11,3,0,0,1,50.0
6,24,20,3,0,0,1,50.0
92,84,8,3,0,0,1,50.0
92,83,2,3,0,0,1,50.0
6,26,17,3,0,1,1,50.0
92,80,56,3,0,0,1,50.0
92,79,53,3,0,1,1,50.0
6,28,11,3,0,1,1,50.0
92,78,77,3,1,0,1,50.0
6,31,5,3,0,1,1,50.0
6,33,68,3,1,0,1,50.0
6,34,74,3,1,0,1,50.0
92,76,68,3,1,0,1,50.0
92,72,74,3,1,0,1,50.0
92,71,65,3,1,0,1,50.0
6,35,65,3,1,0,1,50.0
6,36,62,3,1,0,1,50.0
6,37,77,3,1,0,1,50.0
92,68,71,3,1,0,1,50.0
6,38,71,3,1,0,1,50.0
92,64,59,3,1,0,1,50.0
92,63,62,3,1,0,1,50.0
92,62,56,3,1,0,1,50.0
6,40,56,3,1,0,1,50.0
6,43,59,3,1,0,1,50.0
6,44,35,3,1,0,1,50.0
6,45,47,3,1,0,1,50.0
92,60,53,3,1,0,1,50.0
6,46,50,3,1,0,1,50.0
6,48,29,3,1,0,1,50.0
6,49,41,3,1,0,1,50.0
6,51,38,3,1,0,1,50.0
6,55,53,3,1,0,1,50.0
6,58,44,3,1,0,1,50.0
92,59,50,3,1,0,1,50.0
6,59,32,3,1,0,1,50.0
92,58,35,3,1,0,1,50.0
92,56,47,3,1,0,1,50.0
92,55,44,3,1,0,1,50.0
6,60,26,3,1,0,1,50.0
6,61,23,3,1,0,1,50.0
6,62,20,3,1,0,1,50.0
6,63,17,3,1,0,1,50.0
6,66,11,3,1,0,1,50.0
92,53,32,3,1,0,1,50.0
6,69,14,3,1,0,1,50.0
92,52,41,3,1,0,1,50.0
92,50,29,3,1,0,1,50.0
92,49,26,3,1,0,1,50.0
92,47,38,3,1,0,1,50.0
92,43,17,3,1,0,1,50.0
6,70,8,3,1,1,1,50.0
6,71,5,3,1,2,1,50.0
92,42,23,3,1,0,1,50.0
6,72,2,3,1,1,1,50.0
92,41,20,3,1,0,1,50.0
6,73,77,3,2,0,1,50.0
6,74,74,3,2,0,1,50.0
92,39,11,3,1,0,1,50.0
92,38,14,3,1,0,1,50.0
92,36,8,3,1,0,1,50.0
6,76,65,3,2,0,1,50.0
6,77,68,3,2,0,1,50.0
92,35,2,3,1,0,1,50.0
92,33,5,3,1,0,1,50.0
92,31,77,3,2,0,1,50.0
6,78,71,3,2,0,1,50.0
92,29,74,3,2,0,1,50.0
6,79,62,3,2,0,1,50.0
92,27,68,3,2,0,1,50.0
92,26,71,3,2,0,1,50.0
92,23,65,3,2,0,1,50.0
92,19,62,3,2,0,1,50.0
92,18,56,3,2,0,1,50.0
6,80,59,3,2,0,1,50.0
92,15,59,3,2,0,1,50.0
6,81,56,3,2,0,1,50.0
6,83,47,3,2,0,1,50.0
92,13,44,3,2,0,1,50.0
92,11,50,3,2,0,1,50.0
92,9,38,3,2,0,1,50.0
6,85,35,3,2,0,1,50.0
92,7,53,3,2,0,1,50.0
6,86,44,3,2,0,1,50.0
92,6,41,3,2,2,1,50.0
92,5,17,3,2,2,1,50.0
6,93,20,3,2,2,1,50.0
6,94,29,3,2,2,1,50.0
6,95,14,3,2,2,1,50.0
92,1,47,3,2,3,1,50.0
92,0,11,3,2,2,1,50.0
91,98,26,3,0,2,1,50.0
6,96,32,3,2,2,1,50.0
91,97,35,3,0,2,1,50.0
91,96,20,3,0,2,1,50.0
6,97,17,3,2,2,1,50.0
6,99,2,3,2,2,1,50.0
7,0,8,3,0,2,1,50.0
91,94,23,3,0,2,1,50.0
7,3,74,3,0,3,1,50.0
91,92,32,3,0,2,1,50.0
7,6,38,3,0,2,1,50.0
91,90,71,3,0,0,1,50.0
91,89,74,3,0,0,1,50.0
91,88,65,3,0,0,1,50.0
91,86,68,3,0,0,1,50.0
7,8,47,3,0,0,1,50.0
7,10,35,3,0,0,1,50.0
91,85,29,3,0,0,1,50.0
91,84,17,3,0,0,1,50.0
7,12,32,3,0,0,1,50.0
7,14,29,3,0,0,1,50.0
7,15,41,3,0,0,1,50.0
91,83,14,3,0,0,1,50.0
91,82,50,3,0,0,1,50.0
7,16,26,3,0,0,1,50.0
7,17,59,3,0,0,1,50.0
7,18,44,3,0,0,1,50.0
91,81,11,3,0,0,1,50.0
91,80,2,3,0,0,1,50.0
7,19,23,3,0,0,1,50.0
7,20,20,3,0,0,1,50.0
91,77,8,3,0,0,1,50.0
7,21,14,3,0,0,1,50.0
7,22,17,3,0,0,1,50.0
7,23,11,3,0,0,1,50.0
7,24,2,3,0,0,1,50.0
91,74,5,3,0,0,1,50.0
91,72,68,3,1,0,1,50.0
91,69,77,3,1,0,1,50.0
7,25,5,3,0,0,1,50.0
91,68,74,3,1,0,1,50.0
7,26,77,3,1,0,1,50.0
91,66,71,3,1,0,1,50.0
91,64,65,3,1,0,1,50.0
7,28,71,3,1,0,1,50.0
7,29,65,3,1,0,1,50.0
91,63,59,3,1,0,1,50.0
7,32,74,3,1,0,1,50.0
91,60,62,3,1,0,1,50.0
7,33,62,3,1,0,1,50.0
91,59,53,3,1,0,1,50.0
7,34,59,3,1,0,1,50.0
7,35,68,3,1,0,1,50.0
91,58,56,3,1,0,1,50.0
7,37,56,3,1,0,1,50.0
91,57,47,3,1,0,1,50.0
91,56,44,3,1,0,1,50.0
7,38,53,3,1,0,1,50.0
7,40,50,3,1,0,1,50.0
91,54,50,3,1,0,1,50.0
7,41,47,3,1,0,1,50.0
7,44,32,3,1,0,1,50.0
91,52,38,3,1,0,1,50.0
91,51,29,3,1,0,1,50.0
91,48,23,3,1,0,1,50.0
91,47,41,3,1,0,1,50.0
7,45,38,3,1,0,1,50.0
91,46,35,3,1,0,1,50.0
7,47,35,3,1,0,1,50.0
7,49,29,3,1,0,1,50.0
91,45,32,3,1,0,1,50.0
91,43,26,3,1,0,1,50.0
91,42,20,3,1,0,1,50.0
7,50,44,3,1,0,1,50.0
91,41,17,3,1,0,1,50.0
91,40,14,3,1,0,1,50.0
91,39,5,3,1,0,1,50.0
91,38,11,3,1,0,1,50.0
7,51,26,3,1,0,1,50.0
7,52,23,3,1,0,1,50.0
7,54,41,3,1,0,1,50.0
7,55,20,3,1,0,1,50.0
91,36,2,3,1,0,1,50.0
7,56,17,3,1,0,1,50.0
91,35,8,3,1,0,1,50.0
91,34,71,3,2,0,1,50.0
91,33,65,3,2,0,1,50.0
91,32,68,3,2,0,1,50.0
7,57,14,3,1,0,1,50.0
7,59,11,3,1,0,1,50.0
91,31,62,3,2,0,1,50.0
91,29,59,3,2,0,1,50.0
91,28,77,3,2,0,1,50.0
91,25,74,3,2,0,1,50.0
7,60,8,3,1,0,1,50.0
91,19,56,3,2,0,1,50.0
7,61,5,3,1,0,1,50.0
91,17,53,3,2,0,1,50.0
91,16,50,3,2,0,1,50.0
7,64,2,3,1,1,1,50.0
7,66,77,3,2,0,1,50.0
91,15,38,3,2,0,1,50.0
7,69,74,3,2,0,1,50.0
91,14,35,3,2,0,1,50.0
91,12,29,3,2,0,1,50.0
7,71,62,3,2,0,1,50.0
91,9,32,3,2,0,1,50.0
7,73,71,3,2,0,1,50.0
91,8,44,3,2,0,1,50.0
91,7,47,3,2,2,1,50.0
7,74,65,3,2,0,1,50.0
91,5,14,3,2,2,1,50.0
7,75,68,3,2,0,1,50.0
7,77,56,3,2,0,1,50.0
7,78,59,3,2,0,1,50.0
91,2,5,3,2,2,1,50.0
7,81,53,3,2,0,1,50.0
7,82,41,3,2,0,1,50.0
7,83,32,3,2,0,1,50.0
7,84,29,3,2,0,1,50.0
90,99,68,3,0,3,1,50.0
90,98,8,3,0,2,1,50.0
90,97,29,3,0,2,1,50.0
7,85,26,3,2,0,1,50.0
90,96,35,3,0,2,1,50.0
90,95,11,3,0,2,1,50.0
7,87,23,3,2,0,1,50.0
90,94,14,3,0,2,1,50.0
7,88,17,3,2,0,1,50.0
7,89,38,3,2,0,1,50.0
90,93,17,3,0,2,1,50.0
90,92,23,3,0,2,1,50.0
90,91,41,3,0,2,1,50.0
90,89,5,3,0,0,1,50.0
7,91,20,3,2,2,1,50.0
7,95,5,3,2,2,1,50.0
90,88,32,3,0,0,1,50.0
7,97,14,3,2,2,1,50.0
90,87,20,3,0,0,1,50.0
90,86,47,3,0,0,1,50.0
7,99,50,3,2,3,1,50.0
8,0,5,3,0,2,1,50.0
90,85,2,3,0,0,1,50.0
90,84,38,3,0,1,1,50.0
90,83,77,3,1,0,1,50.0
8,2,77,3,0,3,1,50.0
90,81,74,3,1,0,1,50.0
8,4,2,3,0,2,1,50.0
90,80,71,3,1,0,1,50.0
8,6,50,3,0,2,1,50.0
8,10,32,3,0,0,1,50.0
8,12,26,3,0,0,1,50.0
8,13,41,3,0,0,1,50.0
90,78,65,3,1,0,1,50.0
90,77,62,3,1,0,1,50.0
8,14,56,3,0,0,1,50.0
90,72,59,3,1,0,1,50.0
8,15,29,3,0,0,1,50.0
90,70,68,3,1,0,1,50.0
90,69,56,3,1,0,1,50.0
90,67,53,3,1,0,1,50.0
8,16,23,3,0,0,1,50.0
8,17,20,3,0,0,1,50.0
8,18,17,3,0,0,1,50.0
8,19,14,3,0,0,1,50.0
8,20,11,3,0,0,1,50.0
8,21,8,3,0,0,1,50.0
8,22,74,3,1,0,1,50.0
8,24,77,3,1,0,1,50.0
8,25,71,3,1,0,1,50.0
90,66,50,3,1,0,1,50.0
90,64,47,3,1,0,1,50.0
8,26,68,3,1,0,1,50.0
90,63,44,3,1,0,1,50.0
90,59,41,3,1,0,1,50.0
90,57,35,3,1,0,1,50.0
8,28,65,3,1,0,1,50.0
90,56,38,3,1,0,1,50.0
90,55,32,3,1,0,1,50.0
8,29,62,3,1,0,1,50.0
8,30,59,3,1,0,1,50.0
90,54,29,3,1,0,1,50.0
8,31,56,3,1,0,1,50.0
8,32,53,3,1,0,1,50.0
8,33,50,3,1,0,1,50.0
8,34,47,3,1,0,1,50.0
8,35,44,3,1,0,1,50.0
8,36,38,3,1,0,1,50.0
8,37,41,3,1,0,1,50.0
8,38,35,3,1,0,1,50.0
90,53,26,3,1,0,1,50.0
8,40,32,3,1,0,1,50.0
90,52,20,3,1,0,1,50.0
90,51,23,3,1,0,1,50.0
8,41,29,3,1,0,1,50.0
90,50,17,3,1,0,1,50.0
8,42,26,3,1,0,1,50.0
8,43,14,3,1,0,1,50.0
90,48,14,3,1,0,1,50.0
8,44,23,3,1,0,1,50.0
8,46,20,3,1,0,1,50.0
8,47,17,3,1,0,1,50.0
8,48,11,3,1,0,1,50.0
90,44,11,3,1,0,1,50.0
8,50,8,3,1,0,1,50.0
8,51,5,3,1,0,1,50.0
90,43,8,3,1,0,1,50.0
90,41,5,3,1,0,1,50.0
8,52,2,3,1,0,1,50.0
8,53,77,3,2,0,1,50.0
90,39,2,3,1,0,1,50.0
8,56,74,3,2,0,1,50.0
90,38,65,3,2,0,1,50.0
90,37,74,3,2,0,1,50.0
8,57,65,3,2,0,1,50.0
90,36,59,3,2,0,1,50.0
90,35,62,3,2,0,1,50.0
8,58,71,3,2,0,1,50.0
8,61,68,3,2,0,1,50.0
90,34,56,3,2,0,1,50.0
8,62,62,3,2,0,1,50.0
90,32,71,3,2,0,1,50.0
8,63,56,3,2,0,1,50.0
90,30,68,3,2,0,1,50.0
8,64,53,3,2,0,1,50.0
90,28,53,3,2,0,1,50.0
90,27,77,3,2,0,1,50.0
8,65,59,3,2,0,1,50.0
8,66,47,3,2,0,1,50.0
8,67,50,3,2,0,1,50.0
90,26,50,3,2,0,1,50.0
8,71,44,3,2,0,1,50.0
90,25,47,3,2,0,1,50.0
90,23,44,3,2,0,1,50.0
8,72,41,3,2,0,1,50.0
8,73,38,3,2,0,1,50.0
90,22,41,3,2,0,1,50.0
90,20,32,3,2,0,1,50.0
90,18,23,3,2,0,1,50.0
90,17,38,3,2,0,1,50.0
90,16,35,3,2,0,1,50.0
8,74,35,3,2,0,1,50.0
8,75,32,3,2,0,1,50.0
90,15,26,3,2,0,1,50.0
90,13,29,3,2,0,1,50.0
8,76,29,3,2,0,1,50.0
8,78,26,3,2,0,1,50.0
90,11,20,3,2,0,1,50.0
90,9,17,3,2,0,1,50.0
8,79,23,3,2,0,1,50.0
8,81,20,3,2,0,1,50.0
8,83,17,3,2,0,1,50.0
90,8,14,3,2,2,1,50.0
8,84,11,3,2,0,1,50.0
90,7,11,3,2,2,1,50.0
8,87,8,3,2,0,1,50.0
8,88,5,3,2,0,1,50.0
90,6,8,3,2,2,1,50.0
8,90,2,3,2,2,1,50.0
8,93,8,3,3,2,1,50.0
8,94,35,3,3,2,1,50.0
90,4,5,3,2,2,1,50.0
90,2,74,3,3,3,1,50.0
90,0,2,3,3,2,1,50.0
8,95,2,3,3,2,1,50.0
8,96,17,3,3,2,1,50.0
8,97,11,3,3,2,1,50.0
8,98,5,3,3,2,1,50.0
89,99,77,3,0,3,1,50.0
8,99,74,3,3,3,1,50.0
89,98,2,3,0,2,1,50.0
9,0,77,3,0,3,1,50.0
9,1,74,3,0,3,1,50.0
9,2,65,3,0,3,1,50.0
9,3,35,3,0,3,1,50.0
9,4,29,3,0,3,1,50.0
89,94,26,3,0,2,1,50.0
89,93,71,3,0,3,1,50.0
9,5,8,3,0,2,1,50.0
89,91,23,3,0,2,1,50.0
9,7,2,3,0,2,1,50.0
89,90,68,3,0,3,1,50.0
89,88,14,3,0,0,1,50.0
89,87,65,3,0,0,1,50.0
9,12,23,3,0,0,1,50.0
89,86,35,3,0,0,1,50.0
9,15,20,3,0,0,1,50.0
9,16,14,3,0,0,1,50.0
9,17,26,3,0,0,1,50.0
9,19,5,3,0,0,1,50.0
9,20,11,3,0,1,1,50.0
9,21,74,3,1,0,1,50.0
9,22,71,3,1,0,1,50.0
89,85,17,3,0,0,1,50.0
9,23,77,3,1,0,1,50.0
89,84,11,3,0,1,1,50.0
89,81,8,3,0,0,1,50.0
9,26,62,3,1,0,1,50.0
9,28,68,3,1,0,1,50.0
89,80,77,3,1,0,1,50.0
9,29,56,3,1,0,1,50.0
89,79,68,3,1,0,1,50.0
9,31,65,3,1,0,1,50.0
9,33,59,3,1,0,1,50.0
9,35,53,3,1,0,1,50.0
9,36,50,3,1,0,1,50.0
9,39,47,3,1,0,1,50.0
89,74,62,3,1,0,1,50.0
9,40,44,3,1,0,1,50.0
89,72,65,3,1,0,1,50.0
9,41,41,3,1,0,1,50.0
89,70,71,3,1,0,1,50.0
9,42,38,3,1,0,1,50.0
9,45,35,3,1,0,1,50.0
89,69,59,3,1,0,1,50.0
9,47,29,3,1,0,1,50.0
89,68,56,3,1,0,1,50.0
89,67,47,3,1,0,1,50.0
89,66,74,3,1,0,1,50.0
89,65,53,3,1,0,1,50.0
89,63,50,3,1,0,1,50.0
9,48,20,3,1,0,1,50.0
9,49,32,3,1,0,1,50.0
9,50,26,3,1,0,1,50.0
89,62,44,3,1,0,1,50.0
89,61,41,3,1,0,1,50.0
89,60,38,3,1,0,1,50.0
89,57,32,3,1,0,1,50.0
89,55,26,3,1,0,1,50.0
89,54,35,3,1,0,1,50.0
9,52,17,3,1,0,1,50.0
89,53,29,3,1,0,1,50.0
89,52,14,3,1,0,1,50.0
9,53,23,3,1,0,1,50.0
9,54,14,3,1,0,1,50.0
9,55,11,3,1,0,1,50.0
9,60,5,3,1,0,1,50.0
9,61,8,3,1,0,1,50.0
9,62,2,3,1,1,1,50.0
9,63,74,3,2,0,1,50.0
89,50,23,3,1,0,1,50.0
89,49,20,3,1,0,1,50.0
89,47,11,3,1,0,1,50.0
89,45,17,3,1,0,1,50.0
89,44,8,3,1,0,1,50.0
89,42,5,3,1,0,1,50.0
9,65,68,3,2,0,1,50.0
9,67,77,3,2,0,1,50.0
89,40,2,3,1,0,1,50.0
89,38,62,3,2,0,1,50.0
9,70,62,3,2,0,1,50.0
9,71,59,3,2,0,1,50.0
9,72,56,3,2,0,1,50.0
9,73,65,3,2,0,1,50.0
9,75,71,3,2,0,1,50.0
9,76,53,3,2,0,1,50.0
89,36,56,3,2,0,1,50.0
9,77,50,3,2,0,1,50.0
9,78,47,3,2,0,1,50.0
89,35,59,3,2,0,1,50.0
89,34,65,3,2,0,1,50.0
89,33,53,3,2,0,1,50.0
89,32,50,3,2,0,1,50.0
9,79,44,3,2,0,1,50.0
9,80,41,3,2,0,1,50.0
9,81,38,3,2,0,1,50.0
89,31,68,3,2,0,1,50.0
9,82,32,3,2,0,1,50.0
89,28,47,3,2,0,1,50.0
9,84,23,3,2,0,1,50.0
9,85,20,3,2,0,1,50.0
89,27,74,3,2,0,1,50.0
9,86,29,3,2,0,1,50.0
89,25,77,3,2,0,1,50.0
89,21,71,3,2,0,1,50.0
9,88,26,3,2,0,1,50.0
89,20,44,3,2,0,1,50.0
89,19,38,3,2,0,1,50.0
9,89,35,3,2,2,1,50.0
89,18,20,3,2,0,1,50.0
9,91,17,3,2,2,1,50.0
9,92,14,3,2,2,1,50.0
9,93,11,3,2,3,1,50.0
89,17,41,3,2,0,1,50.0
89,15,32,3,2,0,1,50.0
89,14,26,3,2,0,1,50.0
89,11,29,3,2,0,1,50.0
89,10,23,3,2,0,1,50.0
9,94,5,3,2,2,1,50.0
89,9,8,3,2,2,1,50.0
89,7,17,3,2,3,1,50.0
89,6,11,3,2,2,1,50.0
89,5,5,3,2,2,1,50.0
9,95,2,3,2,3,1,50.0
9,96,11,3,3,2,1,50.0
89,4,14,3,2,3,1,50.0
10,0,74,3,0,3,1,50.0
10,1,77,3,0,3,1,50.0
10,2,68,3,0,3,1,50.0
10,3,65,3,0,3,1,50.0
10,5,2,3,0,2,1,50.0
10,6,26,3,0,2,1,50.0
89,2,2,3,2,3,1,50.0
88,99,71,3,0,3,1,50.0
88,98,77,3,0,3,1,50.0
10,7,8,3,0,2,1,50.0
10,8,29,3,0,3,1,50.0
10,9,20,3,0,3,1,50.0
10,12,17,3,0,0,1,50.0
88,97,8,3,0,2,1,50.0
88,96,2,3,0,2,1,50.0
10,13,14,3,0,0,1,50.0
10,14,11,3,0,0,1,50.0
88,95,29,3,0,3,1,50.0
10,15,5,3,0,0,1,50.0
88,94,11,3,0,2,1,50.0
10,16,71,3,1,0,1,50.0
88,93,23,3,0,3,1,50.0
88,92,35,3,1,2,1,50.0
88,91,26,3,1,2,1,50.0
88,87,77,3,1,0,1,50.0
10,17,77,3,1,0,1,50.0
88,85,74,3,1,0,1,50.0
10,18,74,3,1,0,1,50.0
88,84,71,3,1,0,1,50.0
88,83,68,3,1,0,1,50.0
88,82,59,3,1,0,1,50.0
10,19,65,3,1,0,1,50.0
10,20,68,3,1,0,1,50.0
88,81,62,3,1,0,1,50.0
88,80,53,3,1,0,1,50.0
88,79,65,3,1,0,1,50.0
10,21,62,3,1,0,1,50.0
10,23,59,3,1,0,1,50.0
10,24,56,3,1,0,1,50.0
10,25,53,3,1,0,1,50.0
10,28,50,3,1,0,1,50.0
10,29,47,3,1,0,1,50.0
10,30,44,3,1,0,1,50.0
10,31,41,3,1,0,1,50.0
88,76,56,3,1,0,1,50.0
88,75,50,3,1,0,1,50.0
10,34,38,3,1,0,1,50.0
10,36,35,3,1,0,1,50.0
88,72,47,3,1,0,1,50.0
10,37,29,3,1,0,1,50.0
10,39,32,3,1,0,1,50.0
10,42,14,3,1,0,1,50.0
88,71,41,3,1,0,1,50.0
10,43,11,3,1,0,1,50.0
88,66,44,3,1,0,1,50.0
10,44,26,3,1,0,1,50.0
10,46,23,3,1,0,1,50.0
88,64,32,3,1,0,1,50.0
88,63,38,3,1,0,1,50.0
88,61,14,3,1,0,1,50.0
10,51,20,3,1,0,1,50.0
10,53,17,3,1,0,1,50.0
88,60,23,3,1,0,1,50.0
10,54,8,3,1,0,1,50.0
88,59,17,3,1,0,1,50.0
10,56,5,3,1,0,1,50.0
88,55,8,3,1,0,1,50.0
88,54,20,3,1,0,1,50.0
10,58,2,3,1,0,1,50.0
10,59,77,3,2,0,1,50.0
88,52,11,3,1,0,1,50.0
10,60,71,3,2,0,1,50.0
10,61,74,3,2,0,1,50.0
88,51,2,3,1,0,1,50.0
10,64,56,3,2,0,1,50.0
10,65,65,3,2,0,1,50.0
10,66,68,3,2,0,1,50.0
10,68,59,3,2,0,1,50.0
10,69,62,3,2,0,1,50.0
88,49,5,3,1,0,1,50.0
88,47,29,3,1,1,1,50.0
10,70,53,3,2,0,1,50.0
10,75,47,3,2,0,1,50.0
88,44,77,3,2,0,1,50.0
88,37,62,3,2,0,1,50.0
10,77,44,3,2,0,1,50.0
10,78,50,3,2,0,1,50.0
10,79,41,3,2,0,1,50.0
10,80,38,3,2,0,1,50.0
10,81,35,3,2,0,1,50.0
88,34,53,3,2,0,1,50.0
10,82,23,3,2,0,1,50.0
10,83,26,3,2,0,1,50.0
88,33,56,3,2,0,1,50.0
88,32,65,3,2,0,1,50.0
10,84,20,3,2,0,1,50.0
88,30,71,3,2,0,1,50.0
88,27,59,3,2,0,1,50.0
88,25,68,3,2,0,1,50.0
10,85,32,3,2,0,1,50.0
10,86,17,3,2,0,1,50.0
88,24,74,3,2,0,1,50.0
10,87,29,3,2,0,1,50.0
88,23,50,3,2,0,1,50.0
10,89,14,3,2,3,1,50.0
88,22,47,3,2,0,1,50.0
10,91,11,3,2,2,1,50.0
10,92,8,3,2,2,1,50.0
10,93,5,3,2,3,1,50.0
88,21,44,3,2,0,1,50.0
88,20,23,3,2,0,1,50.0
88,18,14,3,2,0,1,50.0
88,16,32,3,2,0,1,50.0
10,94,2,3,2,2,1,50.0
10,95,77,3,3,3,1,50.0
10,96,8,3,3,2,1,50.0
10,97,5,3,3,2,1,50.0
10,99,65,3,3,3,1,50.0
88,15,35,3,2,0,1,50.0
88,14,38,3,2,0,1,50.0
88,13,26,3,2,0,1,50.0
88,12,20,3,2,0,1,50.0
88,11,41,3,2,0,1,50.0
11,1,71,3,0,3,1,50.0
88,7,29,3,2,3,1,50.0
11,2,62,3,0,3,1,50.0
88,4,17,3,2,3,1,50.0
11,3,77,3,0,3,1,50.0
88,2,11,3,2,3,1,50.0
88,0,8,3,2,3,1,50.0
11,4,68,3,0,3,1,50.0
87,98,74,3,0,3,1,50.0
87,97,2,3,0,2,1,50.0
11,5,38,3,0,3,1,50.0
87,96,5,3,0,2,1,50.0
11,6,23,3,0,2,1,50.0
11,7,35,3,0,2,1,50.0
11,8,32,3,0,3,1,50.0
11,9,26,3,0,3,1,50.0
87,94,68,3,0,3,1,50.0
11,10,17,3,0,3,1,50.0
11,12,14,3,0,0,1,50.0
87,93,62,3,0,3,1,50.0
87,92,26,3,0,2,1,50.0
87,91,11,3,0,3,1,50.0
11,15,11,3,0,0,1,50.0
87,89,77,3,1,3,1,50.0
87,88,5,3,1,2,1,50.0
11,16,8,3,0,0,1,50.0
11,17,5,3,0,0,1,50.0
87,85,71,3,1,0,1,50.0
87,84,74,3,1,0,1,50.0
11,18,2,3,0,0,1,50.0
11,19,77,3,1,0,1,50.0
87,82,56,3,1,0,1,50.0
87,81,59,3,1,0,1,50.0
11,20,71,3,1,0,1,50.0
11,22,68,3,1,0,1,50.0
11,25,65,3,1,0,1,50.0
87,76,50,3,1,0,1,50.0
11,28,62,3,1,0,1,50.0
11,29,53,3,1,0,1,50.0
11,31,59,3,1,0,1,50.0
11,33,47,3,1,0,1,50.0
11,34,50,3,1,0,1,50.0
87,75,62,3,1,0,1,50.0
11,35,56,3,1,0,1,50.0
87,74,53,3,1,0,1,50.0
87,73,68,3,1,0,1,50.0
87,72,44,3,1,0,1,50.0
87,71,47,3,1,0,1,50.0
11,36,44,3,1,0,1,50.0
11,41,74,3,1,0,1,50.0
11,42,35,3,1,0,1,50.0
87,70,41,3,1,0,1,50.0
11,44,29,3,1,0,1,50.0
11,46,38,3,1,0,1,50.0
87,69,65,3,1,0,1,50.0
87,68,38,3,1,0,1,50.0
11,48,17,3,1,0,1,50.0
11,49,23,3,1,0,1,50.0
11,52,26,3,1,0,1,50.0
87,65,32,3,1,0,1,50.0
87,64,35,3,1,0,1,50.0
11,53,20,3,1,0,1,50.0
11,54,11,3,1,0,1,50.0
11,56,32,3,1,0,1,50.0
87,63,29,3,1,0,1,50.0
87,60,20,3,1,0,1,50.0
11,58,14,3,1,0,1,50.0
11,60,41,3,1,0,1,50.0
87,59,26,3,1,0,1,50.0
87,58,17,3,1,0,1,50.0
11,61,2,3,1,0,1,50.0
87,57,23,3,1,0,1,50.0
87,56,14,3,1,0,1,50.0
87,55,2,3,1,0,1,50.0
11,63,8,3,1,0,1,50.0
11,64,5,3,1,0,1,50.0
87,54,11,3,1,1,1,50.0
11,65,74,3,2,0,1,50.0
87,52,8,3,1,0,1,50.0
11,66,65,3,2,0,1,50.0
11,67,71,3,2,0,1,50.0
11,69,53,3,2,0,1,50.0
11,70,59,3,2,0,1,50.0
87,51,77,3,2,0,1,50.0
11,71,77,3,2,0,1,50.0
11,72,62,3,2,0,1,50.0
87,49,74,3,2,0,1,50.0
11,75,56,3,2,0,1,50.0
87,48,71,3,2,0,1,50.0
87,45,68,3,2,0,1,50.0
87,43,65,3,2,0,1,50.0
87,41,50,3,2,0,1,50.0
11,76,47,3,2,0,1,50.0
11,77,41,3,2,0,1,50.0
11,78,44,3,2,0,1,50.0
87,40,53,3,2,0,1,50.0
11,79,50,3,2,0,1,50.0
11,80,32,3,2,0,1,50.0
87,38,59,3,2,0,1,50.0
11,81,26,3,2,0,1,50.0
87,36,47,3,2,0,1,50.0
11,82,17,3,2,0,1,50.0
87,33,44,3,2,0,1,50.0
11,83,20,3,2,0,1,50.0
87,32,62,3,2,0,1,50.0
87,30,56,3,2,0,1,50.0
87,22,38,3,2,0,1,50.0
87,21,41,3,2,0,1,50.0
87,19,35,3,2,0,1,50.0
87,18,11,3,2,0,1,50.0
11,84,68,3,2,0,1,50.0
87,17,29,3,2,0,1,50.0
11,85,23,3,2,0,1,50.0
11,86,38,3,2,0,1,50.0
87,13,32,3,2,0,1,50.0
11,87,14,3,2,2,1,50.0
87,12,8,3,2,0,1,50.0
87,11,5,3,2,2,1,50.0
11,88,2,3,2,2,1,50.0
11,89,35,3,2,3,1,50.0
87,10,26,3,2,3,1,50.0
87,9,23,3,2,3,1,50.0
87,7,20,3,2,3,1,50.0
11,91,8,3,2,2,1,50.0
11,92,29,3,2,2,1,50.0
87,6,17,3,2,3,1,50.0
87,4,2,3,2,3,1,50.0
11,93,11,3,2,4,1,50.0
11,94,77,3,3,3,1,50.0
11,95,74,3,3,3,1,50.0
11,97,71,3,3,3,1,50.0
11,98,68,3,3,3,1,50.0
87,3,71,3,3,3,1,50.0
11,99,62,3,3,3,1,50.0
12,1,35,3,0,3,1,50.0
12,2,71,3,0,3,1,50.0
12,3,11,3,0,3,1,50.0
12,4,74,3,0,3,1,50.0
12,6,5,3,0,2,1,50.0
87,2,59,3,3,3,1,50.0
86,99,41,3,0,3,1,50.0
86,98,71,3,0,3,1,50.0
12,7,2,3,0,3,1,50.0
86,97,77,3,0,3,1,50.0
86,96,65,3,0,3,1,50.0
12,8,77,3,1,3,1,50.0
12,9,74,3,1,3,1,50.0
86,95,62,3,0,3,1,50.0
86,93,26,3,0,3,1,50.0
12,11,65,3,1,3,1,50.0
12,13,38,3,1,0,1,50.0
86,92,20,3,0,2,1,50.0
86,89,23,3,0,3,1,50.0
86,88,14,3,0,3,1,50.0
86,87,11,3,0,3,1,50.0
86,85,8,3,0,0,1,50.0
12,14,71,3,1,0,1,50.0
12,15,56,3,1,0,1,50.0
86,84,5,3,0,0,1,50.0
12,16,62,3,1,0,1,50.0
86,83,2,3,0,1,1,50.0
12,17,68,3,1,0,1,50.0
12,18,53,3,1,0,1,50.0
12,21,59,3,1,0,1,50.0
12,24,50,3,1,0,1,50.0
86,82,77,3,1,0,1,50.0
12,25,44,3,1,0,1,50.0
86,81,50,3,1,0,1,50.0
86,80,47,3,1,0,1,50.0
12,26,47,3,1,0,1,50.0
12,27,41,3,1,0,1,50.0
12,28,35,3,1,0,1,50.0
12,29,32,3,1,0,1,50.0
12,30,29,3,1,0,1,50.0
86,79,59,3,1,0,1,50.0
12,31,26,3,1,0,1,50.0
12,32,17,3,1,0,1,50.0
12,35,23,3,1,0,1,50.0
86,77,74,3,1,0,1,50.0
86,75,53,3,1,0,1,50.0
86,72,38,3,1,0,1,50.0
12,37,20,3,1,0,1,50.0
86,71,56,3,1,0,1,50.0
12,38,8,3,1,0,1,50.0
86,68,68,3,1,0,1,50.0
86,67,62,3,1,0,1,50.0
86,65,44,3,1,0,1,50.0
12,41,11,3,1,0,1,50.0
12,44,14,3,1,0,1,50.0
12,45,5,3,1,0,1,50.0
86,64,71,3,1,0,1,50.0
86,63,65,3,1,0,1,50.0
86,62,41,3,1,0,1,50.0
12,46,2,3,1,0,1,50.0
86,60,17,3,1,0,1,50.0
12,47,77,3,2,0,1,50.0
86,58,29,3,1,0,1,50.0
12,48,74,3,2,0,1,50.0
12,49,71,3,2,0,1,50.0
86,57,26,3,1,0,1,50.0
86,53,35,3,1,0,1,50.0
86,52,5,3,1,0,1,50.0
12,50,68,3,2,0,1,50.0
86,50,32,3,1,0,1,50.0
12,55,59,3,2,0,1,50.0
86,49,14,3,1,0,1,50.0
86,48,8,3,1,0,1,50.0
12,59,62,3,2,0,1,50.0
86,46,11,3,1,0,1,50.0
86,45,2,3,1,0,1,50.0
12,61,65,3,2,0,1,50.0
86,43,23,3,1,1,1,50.0
86,41,20,3,1,1,1,50.0
86,39,77,3,2,0,1,50.0
86,38,56,3,2,0,1,50.0
12,64,50,3,2,0,1,50.0
12,71,53,3,2,0,1,50.0
86,35,50,3,2,0,1,50.0
12,74,56,3,2,0,1,50.0
86,33,41,3,2,0,1,50.0
86,32,59,3,2,0,1,50.0
86,31,53,3,2,0,1,50.0
86,30,65,3,2,0,1,50.0
86,28,44,3,2,0,1,50.0
86,27,62,3,2,0,1,50.0
86,26,74,3,2,0,1,50.0
86,25,38,3,2,0,1,50.0
12,75,44,3,2,0,1,50.0
12,77,47,3,2,0,1,50.0
12,78,41,3,2,0,1,50.0
86,24,71,3,2,0,1,50.0
12,80,29,3,2,0,1,50.0
12,81,23,3,2,0,1,50.0
86,21,68,3,2,0,1,50.0
12,82,14,3,2,0,1,50.0
12,83,11,3,2,0,1,50.0
12,84,35,3,2,1,1,50.0
86,20,47,3,2,0,1,50.0
86,17,35,3,2,0,1,50.0
12,85,5,3,2,0,1,50.0
86,15,23,3,2,0,1,50.0
12,86,32,3,2,2,1,50.0
86,14,20,3,2,0,1,50.0
12,87,38,3,2,3,1,50.0
86,13,17,3,2,0,1,50.0
12,88,26,3,2,3,1,50.0
86,11,29,3,2,3,1,50.0
12,89,20,3,2,3,1,50.0
86,10,14,3,2,3,1,50.0
86,9,8,3,2,3,1,50.0
12,90,17,3,2,3,1,50.0
86,8,26,3,2,3,1,50.0
86,7,11,3,2,3,1,50.0
12,91,2,3,2,2,1,50.0
12,92,8,3,2,3,1,50.0
86,5,5,3,2,3,1,50.0
12,93,77,3,3,3,1,50.0
86,4,2,3,2,4,1,50.0
12,94,74,3,3,3,1,50.0
12,95,71,3,3,3,1,50.0
86,3,68,3,3,3,1,50.0
86,2,56,3,3,3,1,50.0
12,97,68,3,3,3,1,50.0
12,98,65,3,3,3,1,50.0
12,99,59,3,3,3,1,50.0
13,0,65,3,0,3,1,50.0
86,1,65,3,3,3,1,50.0
86,0,71,3,3,3,1,50.0
85,99,68,3,0,4,1,50.0
85,98,62,3,0,3,1,50.0
85,97,65,3,0,3,1,50.0
13,1,23,3,0,3,1,50.0
85,96,77,3,1,3,1,50.0
13,2,35,3,0,3,1,50.0
13,4,77,3,0,3,1,50.0
85,94,71,3,1,3,1,50.0
13,5,74,3,0,3,1,50.0
13,6,20,3,0,3,1,50.0
13,8,11,3,0,4,1,50.0
85,93,74,3,1,3,1,50.0
85,88,68,3,1,3,1,50.0
85,87,65,3,1,3,1,50.0
85,86,62,3,1,3,1,50.0
13,10,2,3,0,3,1,50.0
13,12,8,3,0,3,1,50.0
13,15,5,3,0,1,1,50.0
85,84,14,3,1,0,1,50.0
13,16,29,3,1,0,1,50.0
13,17,74,3,1,0,1,50.0
85,83,8,3,1,0,1,50.0
13,18,77,3,1,0,1,50.0
13,19,59,3,1,0,1,50.0
85,80,44,3,1,0,1,50.0
85,78,56,3,1,0,1,50.0
13,20,65,3,1,0,1,50.0
13,23,71,3,1,0,1,50.0
13,24,68,3,1,0,1,50.0
85,77,53,3,1,0,1,50.0
85,74,59,3,1,0,1,50.0
13,27,56,3,1,0,1,50.0
85,72,50,3,1,0,1,50.0
13,28,41,3,1,0,1,50.0
13,29,50,3,1,0,1,50.0
85,70,47,3,1,0,1,50.0
13,30,62,3,1,0,1,50.0
85,68,41,3,1,0,1,50.0
85,65,38,3,1,0,1,50.0
85,63,35,3,1,0,1,50.0
13,31,47,3,1,0,1,50.0
85,62,32,3,1,0,1,50.0
85,59,5,3,1,0,1,50.0
85,57,20,3,1,0,1,50.0
13,32,44,3,1,0,1,50.0
85,56,29,3,1,0,1,50.0
85,53,11,3,1,0,1,50.0
13,33,38,3,1,0,1,50.0
85,52,26,3,1,1,1,50.0
13,34,23,3,1,0,1,50.0
13,35,35,3,1,0,1,50.0
13,36,53,3,1,0,1,50.0
85,50,2,3,1,0,1,50.0
13,37,26,3,1,0,1,50.0
13,40,20,3,1,0,1,50.0
85,49,17,3,1,0,1,50.0
85,46,23,3,1,1,1,50.0
13,41,32,3,1,0,1,50.0
85,42,77,3,2,0,1,50.0
13,45,14,3,1,0,1,50.0
85,40,74,3,2,0,1,50.0
13,46,17,3,1,0,1,50.0
85,39,71,3,2,0,1,50.0
13,48,5,3,1,0,1,50.0
85,37,59,3,2,0,1,50.0
13,49,11,3,1,0,1,50.0
85,35,47,3,2,0,1,50.0
85,34,62,3,2,0,1,50.0
85,33,35,3,2,0,1,50.0
13,50,8,3,1,1,1,50.0
85,32,56,3,2,0,1,50.0
13,51,2,3,1,1,1,50.0
13,52,77,3,2,0,1,50.0
13,53,74,3,2,0,1,50.0
85,31,50,3,2,0,1,50.0
13,54,62,3,2,0,1,50.0
85,30,53,3,2,0,1,50.0
85,29,44,3,2,0,1,50.0
85,28,38,3,2,0,1,50.0
85,25,41,3,2,0,1,50.0
85,23,32,3,2,0,1,50.0
85,21,23,3,2,0,1,50.0
13,55,71,3,2,0,1,50.0
85,20,17,3,2,0,1,50.0
85,19,26,3,2,0,1,50.0
13,56,68,3,2,0,1,50.0
85,18,68,3,2,0,1,50.0
85,17,65,3,2,0,1,50.0
85,15,14,3,2,0,1,50.0
13,57,59,3,2,0,1,50.0
13,58,65,3,2,0,1,50.0
85,14,8,3,2,0,1,50.0
85,13,29,3,2,2,1,50.0
85,11,20,3,2,3,1,50.0
13,60,56,3,2,0,1,50.0
85,10,11,3,2,3,1,50.0
85,9,5,3,2,3,1,50.0
13,61,53,3,2,0,1,50.0
13,62,47,3,2,0,1,50.0
13,64,44,3,2,0,1,50.0
85,8,2,3,2,4,1,50.0
13,67,41,3,2,0,1,50.0
13,68,50,3,2,0,1,50.0
13,69,38,3,2,0,1,50.0
13,70,35,3,2,0,1,50.0
85,7,44,3,3,2,1,50.0
85,6,53,3,3,2,1,50.0
85,4,71,3,3,3,1,50.0
85,1,68,3,3,3,1,50.0
13,72,32,3,2,0,1,50.0
84,99,77,3,0,4,1,50.0
13,73,26,3,2,0,1,50.0
84,96,62,3,0,3,1,50.0
13,74,20,3,2,0,1,50.0
84,95,65,3,0,3,1,50.0
84,94,65,3,1,3,1,50.0
13,81,17,3,2,0,1,50.0
84,92,5,3,1,2,1,50.0
13,82,8,3,2,0,1,50.0
13,83,5,3,2,0,1,50.0
13,84,23,3,2,1,1,50.0
13,85,14,3,2,3,1,50.0
13,87,2,3,2,3,1,50.0
84,91,77,3,1,3,1,50.0
84,90,71,3,1,3,1,50.0
84,87,74,3,1,3,1,50.0
13,88,11,3,2,3,1,50.0
84,86,59,3,1,3,1,50.0
13,89,74,3,3,3,1,50.0
84,85,62,3,1,3,1,50.0
84,82,53,3,1,0,1,50.0
13,91,71,3,3,3,1,50.0
13,92,2,3,3,2,1,50.0
13,95,68,3,3,3,1,50.0
13,96,59,3,3,3,1,50.0
13,97,62,3,3,3,1,50.0
84,81,44,3,1,0,1,50.0
13,98,56,3,3,3,1,50.0
84,80,20,3,1,0,1,50.0
84,78,32,3,1,0,1,50.0
84,77,29,3,1,0,1,50.0
13,99,53,3,3,3,1,50.0
84,75,41,3,1,0,1,50.0
84,72,26,3,1,0,1,50.0
84,71,50,3,1,0,1,50.0
14,4,32,3,0,3,1,50.0
14,5,77,3,0,3,1,50.0
14,7,74,3,0,3,1,50.0
84,70,56,3,1,0,1,50.0
84,68,47,3,1,0,1,50.0
84,66,8,3,1,0,1,50.0
14,9,68,3,0,3,1,50.0
14,10,23,3,0,3,1,50.0
14,11,17,3,0,3,1,50.0
14,12,14,3,0,3,1,50.0
14,15,5,3,0,2,1,50.0
14,16,20,3,1,0,1,50.0
14,17,62,3,1,0,1,50.0
84,65,14,3,1,0,1,50.0
14,18,65,3,1,0,1,50.0
14,20,59,3,1,0,1,50.0
84,64,17,3,1,0,1,50.0
84,62,68,3,1,0,1,50.0
14,21,53,3,1,0,1,50.0
84,60,2,3,1,0,1,50.0
14,22,56,3,1,0,1,50.0
14,23,74,3,1,0,1,50.0
84,56,77,3,2,0,1,50.0
84,55,74,3,2,0,1,50.0
14,24,47,3,1,0,1,50.0
84,54,59,3,2,0,1,50.0
84,52,71,3,2,0,1,50.0
84,50,65,3,2,0,1,50.0
14,25,50,3,1,0,1,50.0
84,48,68,3,2,0,1,50.0
84,47,62,3,2,0,1,50.0
14,26,44,3,1,0,1,50.0
14,27,38,3,1,0,1,50.0
14,28,32,3,1,0,1,50.0
84,46,56,3,2,0,1,50.0
14,29,71,3,1,0,1,50.0
84,45,29,3,2,0,1,50.0
14,31,35,3,1,0,1,50.0
14,32,41,3,1,0,1,50.0
14,33,14,3,1,0,1,50.0
84,35,41,3,2,0,1,50.0
84,34,44,3,2,0,1,50.0
14,34,17,3,1,0,1,50.0
14,36,23,3,1,0,1,50.0
84,33,20,3,2,0,1,50.0
14,37,11,3,1,0,1,50.0
84,30,50,3,2,0,1,50.0
14,38,29,3,1,0,1,50.0
14,39,68,3,1,0,1,50.0
14,40,77,3,1,0,1,50.0
84,28,2,3,2,0,1,50.0
14,43,5,3,1,0,1,50.0
14,44,2,3,1,0,1,50.0
84,27,53,3,2,0,1,50.0
14,45,26,3,1,0,1,50.0
84,25,32,3,2,0,1,50.0
84,20,14,3,2,0,1,50.0
84,19,47,3,2,0,1,50.0
14,46,8,3,1,0,1,50.0
84,17,23,3,2,0,1,50.0
84,16,17,3,2,0,1,50.0
84,15,8,3,2,0,1,50.0
14,49,77,3,2,0,1,50.0
14,51,74,3,2,0,1,50.0
14,55,50,3,2,0,1,50.0
14,56,65,3,2,0,1,50.0
84,14,38,3,2,2,1,50.0
14,58,68,3,2,0,1,50.0
14,61,71,3,2,0,1,50.0
14,62,53,3,2,0,1,50.0
84,12,35,3,2,3,1,50.0
84,9,26,3,2,4,1,50.0
14,65,62,3,2,0,1,50.0
84,7,5,3,2,3,1,50.0
14,66,56,3,2,0,1,50.0
84,6,11,3,2,3,1,50.0
84,5,56,3,3,2,1,50.0
84,4,65,3,3,3,1,50.0
84,3,62,3,3,3,1,50.0
84,1,59,3,3,3,1,50.0
14,67,59,3,2,0,1,50.0
84,0,68,3,3,3,1,50.0
83,99,74,3,0,4,1,50.0
14,68,44,3,2,0,1,50.0
83,98,71,3,0,4,1,50.0
83,97,74,3,1,3,1,50.0
83,96,71,3,1,3,1,50.0
83,95,59,3,1,3,1,50.0
14,69,47,3,2,0,1,50.0
83,93,68,3,1,3,1,50.0
14,70,32,3,2,0,1,50.0
83,91,65,3,1,3,1,50.0
14,71,35,3,2,0,1,50.0
14,73,41,3,2,0,1,50.0
83,90,77,3,1,3,1,50.0
14,74,29,3,2,0,1,50.0
83,89,62,3,1,3,1,50.0
14,75,26,3,2,0,1,50.0
14,77,23,3,2,0,1,50.0
14,78,20,3,2,0,1,50.0
14,79,17,3,2,0,1,50.0
83,88,56,3,1,3,1,50.0
14,81,5,3,2,0,1,50.0
83,86,53,3,1,3,1,50.0
83,85,50,3,1,3,1,50.0
83,82,47,3,1,0,1,50.0
14,82,2,3,2,0,1,50.0
14,85,11,3,2,3,1,50.0
14,86,14,3,2,3,1,50.0
83,81,41,3,1,0,1,50.0
83,80,23,3,1,0,1,50.0
83,79,38,3,1,0,1,50.0
14,87,8,3,2,3,1,50.0
83,78,35,3,1,0,1,50.0
83,75,29,3,1,0,1,50.0
83,74,44,3,1,0,1,50.0
14,88,77,3,3,3,1,50.0
83,73,32,3,1,0,1,50.0
14,90,65,3,3,3,1,50.0
14,91,74,3,3,3,1,50.0
83,70,26,3,1,0,1,50.0
14,92,71,3,3,3,1,50.0
14,93,59,3,3,3,1,50.0
14,94,62,3,3,3,1,50.0
14,95,56,3,3,3,1,50.0
14,96,68,3,3,3,1,50.0
83,68,17,3,1,0,1,50.0
14,97,53,3,3,3,1,50.0
83,67,20,3,1,0,1,50.0
83,65,11,3,1,0,1,50.0
83,63,14,3,1,0,1,50.0
83,62,8,3,1,0,1,50.0
83,61,5,3,1,1,1,50.0
83,60,65,3,2,0,1,50.0
14,99,47,3,3,3,1,50.0
15,0,53,3,0,3,1,50.0
15,3,17,3,0,3,1,50.0
83,59,71,3,2,0,1,50.0
83,58,77,3,2,0,1,50.0
15,5,71,3,0,3,1,50.0
83,57,74,3,2,0,1,50.0
15,6,77,3,0,3,1,50.0
15,7,65,3,0,3,1,50.0
15,11,2,3,0,3,1,50.0
15,12,62,3,1,3,1,50.0
83,56,62,3,2,0,1,50.0
83,55,38,3,2,0,1,50.0
83,50,53,3,2,0,1,50.0
15,13,77,3,1,3,1,50.0
83,49,68,3,2,0,1,50.0
15,16,11,3,1,0,1,50.0
15,17,47,3,1,0,1,50.0
83,48,59,3,2,0,1,50.0
15,18,74,3,1,1,1,50.0
15,19,53,3,1,0,1,50.0
83,47,26,3,2,0,1,50.0
15,21,50,3,1,0,1,50.0
15,22,65,3,1,0,1,50.0
15,23,56,3,1,0,1,50.0
15,25,59,3,1,0,1,50.0
83,46,44,3,2,0,1,50.0
83,41,35,3,2,0,1,50.0
15,26,41,3,1,0,1,50.0
83,40,47,3,2,0,1,50.0
15,27,44,3,1,0,1,50.0
15,29,38,3,1,0,1,50.0
83,38,50,3,2,0,1,50.0
15,30,35,3,1,0,1,50.0
83,32,32,3,2,0,1,50.0
15,31,32,3,1,0,1,50.0
83,29,41,3,2,0,1,50.0
15,32,29,3,1,0,1,50.0
83,28,56,3,2,0,1,50.0
83,26,29,3,2,0,1,50.0
15,33,8,3,1,0,1,50.0
15,34,20,3,1,0,1,50.0
83,25,17,3,2,0,1,50.0
83,24,11,3,2,0,1,50.0
15,35,26,3,1,0,1,50.0
15,36,17,3,1,0,1,50.0
15,38,23,3,1,0,1,50.0
83,21,5,3,2,0,1,50.0
83,19,20,3,2,0,1,50.0
83,17,14,3,2,0,1,50.0
15,39,71,3,1,1,1,50.0
83,15,2,3,2,1,1,50.0
15,40,68,3,1,1,1,50.0
15,42,14,3,1,1,1,50.0
83,14,23,3,2,3,1,50.0
15,45,77,3,2,0,1,50.0
83,12,8,3,2,4,1,50.0
15,46,74,3,2,0,1,50.0
83,11,59,3,3,3,1,50.0
15,47,71,3,2,0,1,50.0
83,10,74,3,3,3,1,50.0
83,8,71,3,3,3,1,50.0
83,7,77,3,3,3,1,50.0
83,5,68,3,3,3,1,50.0
83,4,62,3,3,3,1,50.0
15,49,65,3,2,0,1,50.0
15,51,68,3,2,0,1,50.0
83,2,53,3,3,3,1,50.0
15,53,53,3,2,0,1,50.0
83,0,56,3,3,3,1,50.0
15,54,56,3,2,0,1,50.0
15,55,23,3,2,0,1,50.0
15,56,59,3,2,0,1,50.0
82,99,71,3,0,4,1,50.0
15,57,62,3,2,0,1,50.0
82,98,74,3,0,4,1,50.0
15,58,50,3,2,0,1,50.0
82,97,59,3,1,3,1,50.0
15,59,38,3,2,0,1,50.0
82,96,74,3,1,3,1,50.0
82,94,56,3,1,3,1,50.0
15,61,44,3,2,0,1,50.0
82,93,65,3,1,3,1,50.0
82,91,68,3,1,3,1,50.0
15,62,35,3,2,0,1,50.0
15,65,47,3,2,0,1,50.0
15,66,41,3,2,0,1,50.0
82,90,62,3,1,3,1,50.0
15,67,32,3,2,0,1,50.0
15,68,29,3,2,0,1,50.0
82,89,71,3,1,3,1,50.0
15,69,20,3,2,0,1,50.0
15,70,17,3,2,0,1,50.0
82,88,53,3,1,3,1,50.0
82,87,77,3,1,3,1,50.0
82,86,50,3,1,3,1,50.0
15,71,26,3,2,0,1,50.0
82,85,47,3,1,3,1,50.0
15,72,8,3,2,0,1,50.0
15,73,11,3,2,0,1,50.0
82,84,44,3,1,3,1,50.0
82,83,41,3,1,3,1,50.0
82,81,2,3,1,0,1,50.0
15,74,14,3,2,1,1,50.0
15,78,2,3,2,1,1,50.0
15,79,56,3,3,0,1,50.0
82,79,35,3,1,0,1,50.0
15,80,77,3,3,1,1,50.0
15,81,74,3,3,1,1,50.0
82,76,38,3,1,0,1,50.0
15,82,32,3,3,1,1,50.0
15,83,65,3,3,3,1,50.0
82,75,23,3,1,0,1,50.0
82,72,29,3,1,0,1,50.0
15,85,59,3,3,3,1,50.0
82,71,20,3,1,0,1,50.0
15,86,47,3,3,3,1,50.0
82,70,26,3,1,1,1,50.0
15,87,68,3,3,3,1,50.0
82,69,17,3,1,1,1,50.0
15,89,53,3,3,3,1,50.0
82,67,11,3,1,0,1,50.0
15,90,50,3,3,3,1,50.0
15,92,62,3,3,3,1,50.0
15,93,44,3,3,3,1,50.0
82,66,14,3,1,1,1,50.0
15,94,41,3,3,3,1,50.0
82,65,8,3,1,0,1,50.0
15,95,38,3,3,3,1,50.0
15,98,35,3,3,3,1,50.0
82,63,5,3,1,0,1,50.0
82,62,77,3,2,0,1,50.0
15,99,29,3,3,3,1,50.0
82,60,59,3,2,0,1,50.0
82,59,68,3,2,0,1,50.0
82,57,56,3,2,0,1,50.0
82,55,17,3,2,0,1,50.0
16,0,2,3,0,3,1,50.0
82,54,74,3,2,0,1,50.0
82,50,71,3,2,0,1,50.0
82,47,65,3,2,0,1,50.0
82,44,20,3,2,0,1,50.0
16,1,62,3,1,3,1,50.0
16,2,50,3,1,3,1,50.0
16,3,59,3,1,3,1,50.0
16,4,56,3,1,3,1,50.0
16,5,65,3,1,3,1,50.0
82,42,47,3,2,0,1,50.0
82,41,44,3,2,0,1,50.0
16,6,74,3,1,3,1,50.0
82,40,41,3,2,0,1,50.0
16,8,68,3,1,3,1,50.0
16,9,77,3,1,3,1,50.0
16,10,71,3,1,3,1,50.0
16,11,53,3,1,3,1,50.0
82,39,53,3,2,0,1,50.0
16,13,47,3,1,3,1,50.0
82,36,14,3,2,0,1,50.0
82,35,11,3,2,0,1,50.0
82,34,62,3,2,1,1,50.0
82,33,2,3,2,0,1,50.0
16,14,44,3,1,3,1,50.0
16,17,17,3,1,0,1,50.0
82,32,38,3,2,0,1,50.0
82,31,8,3,2,0,1,50.0
82,27,50,3,2,0,1,50.0
82,26,35,3,2,0,1,50.0
82,24,29,3,2,0,1,50.0
82,22,32,3,2,0,1,50.0
82,20,5,3,2,0,1,50.0
16,18,5,3,1,0,1,50.0
16,19,32,3,1,0,1,50.0
82,19,26,3,2,1,1,50.0
16,21,35,3,1,0,1,50.0
82,17,23,3,2,1,1,50.0
82,14,50,3,3,3,1,50.0
16,22,29,3,1,0,1,50.0
16,24,38,3,1,0,1,50.0
16,25,26,3,1,0,1,50.0
16,27,23,3,1,0,1,50.0
82,13,65,3,3,3,1,50.0
16,28,41,3,1,1,1,50.0
82,10,68,3,3,3,1,50.0
82,9,71,3,3,3,1,50.0
82,5,62,3,3,3,1,50.0
82,1,56,3,3,3,1,50.0
81,99,56,3,1,3,1,50.0
81,95,77,3,0,4,1,50.0
16,29,14,3,1,0,1,50.0
81,94,59,3,1,3,1,50.0
16,30,2,3,1,0,1,50.0
16,31,11,3,1,0,1,50.0
16,32,20,3,1,1,1,50.0
16,33,8,3,1,1,1,50.0
81,91,62,3,1,3,1,50.0
81,90,53,3,1,3,1,50.0
81,89,68,3,1,3,1,50.0
16,37,53,3,2,0,1,50.0
81,88,71,3,1,3,1,50.0
81,87,50,3,1,3,1,50.0
16,40,29,3,2,0,1,50.0
81,85,77,3,1,3,1,50.0
81,84,47,3,1,3,1,50.0
81,82,44,3,1,3,1,50.0
16,41,77,3,2,0,1,50.0
16,42,74,3,2,0,1,50.0
81,80,65,3,1,1,1,50.0
81,75,38,3,1,0,1,50.0
81,74,41,3,1,0,1,50.0
81,70,29,3,1,0,1,50.0
16,43,71,3,2,0,1,50.0
81,65,23,3,1,0,1,50.0
81,61,35,3,1,0,1,50.0
81,59,14,3,1,0,1,50.0
16,45,62,3,2,0,1,50.0
16,46,68,3,2,0,1,50.0
81,58,20,3,1,0,1,50.0
16,47,23,3,2,0,1,50.0
16,49,59,3,2,0,1,50.0
16,51,65,3,2,0,1,50.0
16,53,14,3,2,0,1,50.0
16,54,47,3,2,0,1,50.0
16,55,5,3,2,0,1,50.0
81,57,17,3,1,0,1,50.0
81,56,11,3,1,0,1,50.0
16,57,41,3,2,0,1,50.0
16,59,8,3,2,0,1,50.0
16,61,56,3,2,0,1,50.0
81,54,26,3,1,0,1,50.0
81,52,32,3,1,1,1,50.0
81,51,8,3,1,0,1,50.0
81,50,5,3,1,0,1,50.0
81,49,2,3,1,0,1,50.0
81,48,77,3,2,0,1,50.0
16,65,50,3,2,0,1,50.0
16,66,38,3,2,0,1,50.0
81,46,71,3,2,0,1,50.0
81,45,74,3,2,0,1,50.0
16,67,44,3,2,0,1,50.0
81,44,68,3,2,0,1,50.0
81,42,32,3,2,0,1,50.0
16,68,35,3,2,0,1,50.0
81,41,65,3,2,0,1,50.0
81,39,56,3,2,0,1,50.0
81,36,20,3,2,0,1,50.0
81,35,17,3,2,0,1,50.0
81,34,41,3,2,0,1,50.0
81,33,62,3,2,1,1,50.0
81,32,47,3,2,0,1,50.0
81,31,44,3,2,0,1,50.0
81,30,38,3,2,0,1,50.0
81,29,35,3,2,0,1,50.0
16,71,32,3,2,0,1,50.0
16,72,26,3,2,1,1,50.0
81,26,59,3,2,0,1,50.0
16,76,20,3,2,0,1,50.0
16,77,17,3,2,0,1,50.0
81,24,53,3,2,0,1,50.0
16,79,11,3,2,0,1,50.0
16,83,2,3,2,3,1,50.0
81,23,29,3,2,0,1,50.0
16,85,74,3,3,3,1,50.0
81,22,50,3,2,0,1,50.0
81,21,11,3,2,0,1,50.0
16,86,77,3,3,3,1,50.0
81,16,26,3,2,3,1,50.0
16,87,62,3,3,3,1,50.0
81,15,23,3,2,3,1,50.0
81,14,14,3,2,3,1,50.0
81,13,8,3,2,3,1,50.0
16,88,65,3,3,3,1,50.0
16,91,59,3,3,3,1,50.0
16,94,53,3,3,3,1,50.0
16,95,50,3,3,3,1,50.0
81,12,5,3,2,3,1,50.0
16,96,56,3,3,3,1,50.0
81,8,65,3,3,3,1,50.0
16,98,47,3,3,3,1,50.0
81,7,2,3,2,4,1,50.0
81,5,59,3,3,3,1,50.0
81,4,53,3,3,3,1,50.0
16,99,44,3,3,3,1,50.0
17,1,11,3,0,3,1,50.0
17,4,8,3,0,3,1,50.0
81,3,56,3,3,3,1,50.0
81,2,47,3,3,3,1,50.0
17,5,56,3,1,3,1,50.0
17,6,71,3,1,3,1,50.0
17,7,68,3,1,3,1,50.0
17,9,65,3,1,3,1,50.0
17,10,62,3,1,3,1,50.0
17,11,50,3,1,3,1,50.0
17,14,41,3,1,3,1,50.0
81,1,50,3,3,3,1,50.0
81,0,62,3,3,3,1,50.0
17,15,26,3,1,3,1,50.0
80,98,59,3,1,3,1,50.0
17,16,38,3,1,3,1,50.0
80,97,56,3,1,3,1,50.0
17,18,77,3,1,1,1,50.0
80,93,53,3,1,3,1,50.0
17,21,47,3,1,0,1,50.0
17,22,53,3,1,0,1,50.0
80,92,74,3,1,3,1,50.0
17,23,8,3,1,0,1,50.0
80,91,50,3,1,3,1,50.0
80,89,47,3,1,3,1,50.0
17,24,59,3,1,0,1,50.0
17,26,20,3,1,0,1,50.0
17,27,35,3,1,0,1,50.0
80,88,62,3,1,3,1,50.0
17,28,74,3,1,1,1,50.0
80,87,44,3,1,3,1,50.0
80,86,41,3,1,3,1,50.0
17,29,29,3,1,0,1,50.0
17,31,44,3,1,1,1,50.0
80,84,71,3,1,3,1,50.0
80,83,38,3,1,3,1,50.0
17,32,11,3,1,0,1,50.0
80,82,35,3,1,3,1,50.0
17,33,32,3,1,1,1,50.0
17,35,14,3,1,0,1,50.0
80,81,68,3,1,3,1,50.0
80,78,17,3,1,0,1,50.0
17,36,5,3,1,0,1,50.0
80,77,32,3,1,0,1,50.0
80,75,8,3,1,0,1,50.0
17,38,17,3,1,0,1,50.0
80,74,26,3,1,0,1,50.0
17,40,2,3,1,1,1,50.0
17,41,26,3,2,0,1,50.0
80,73,29,3,1,0,1,50.0
17,42,71,3,2,0,1,50.0
80,70,23,3,1,0,1,50.0
80,69,2,3,1,0,1,50.0
17,43,77,3,2,0,1,50.0
17,44,74,3,2,0,1,50.0
80,66,20,3,1,0,1,50.0
17,45,11,3,2,0,1,50.0
17,46,65,3,2,0,1,50.0
80,61,11,3,1,0,1,50.0
17,48,62,3,2,0,1,50.0
80,58,5,3,1,0,1,50.0
17,52,68,3,2,0,1,50.0
80,57,14,3,1,1,1,50.0
17,53,8,3,2,0,1,50.0
17,54,44,3,2,0,1,50.0
80,56,53,3,2,0,1,50.0
17,55,14,3,2,0,1,50.0
80,53,71,3,2,0,1,50.0
80,52,74,3,2,0,1,50.0
17,57,53,3,2,0,1,50.0
80,51,56,3,2,0,1,50.0
17,61,59,3,2,0,1,50.0
17,62,38,3,2,0,1,50.0
80,48,65,3,2,0,1,50.0
17,63,47,3,2,0,1,50.0
80,45,8,3,2,0,1,50.0
80,44,59,3,2,0,1,50.0
17,64,41,3,2,0,1,50.0
17,65,29,3,2,0,1,50.0
17,66,35,3,2,0,1,50.0
80,43,68,3,2,0,1,50.0
17,68,32,3,2,0,1,50.0
17,74,50,3,2,0,1,50.0
17,75,56,3,2,1,1,50.0
17,76,2,3,2,0,1,50.0
17,77,5,3,2,0,1,50.0
80,42,29,3,2,0,1,50.0
17,78,23,3,2,1,1,50.0
17,79,20,3,2,0,1,50.0
80,41,23,3,2,0,1,50.0
80,40,26,3,2,0,1,50.0
80,36,77,3,2,1,1,50.0
80,33,50,3,2,1,1,50.0
80,32,35,3,2,0,1,50.0
17,80,17,3,2,2,1,50.0
17,81,77,3,3,3,1,50.0
80,31,38,3,2,0,1,50.0
80,29,2,3,2,0,1,50.0
17,82,74,3,3,3,1,50.0
80,28,62,3,2,1,1,50.0
17,84,53,3,3,3,1,50.0
80,26,47,3,2,1,1,50.0
80,23,41,3,2,0,1,50.0
17,85,65,3,3,3,1,50.0
17,89,59,3,3,3,1,50.0
17,92,68,3,3,3,1,50.0
17,93,56,3,3,3,1,50.0
17,94,50,3,3,3,1,50.0
17,95,47,3,3,3,1,50.0
17,96,44,3,3,3,1,50.0
17,97,41,3,3,3,1,50.0
18,0,62,3,0,4,1,50.0
80,22,44,3,2,0,1,50.0
80,21,32,3,2,1,1,50.0
18,1,53,3,1,3,1,50.0
18,2,44,3,1,3,1,50.0
80,20,20,3,2,1,1,50.0
80,17,14,3,2,3,1,50.0
80,16,11,3,2,3,1,50.0
80,15,5,3,2,3,1,50.0
80,14,38,3,3,3,1,50.0
80,10,59,3,3,3,1,50.0
80,9,62,3,3,3,1,50.0
80,8,56,3,3,3,1,50.0
80,6,68,3,3,3,1,50.0
18,3,50,3,1,3,1,50.0
80,2,41,3,3,3,1,50.0
18,4,59,3,1,3,1,50.0
80,0,50,3,3,3,1,50.0
79,95,5,3,0,3,1,50.0
79,93,47,3,0,3,1,50.0
79,92,29,3,0,3,1,50.0
18,5,47,3,1,3,1,50.0
18,6,65,3,1,3,1,50.0
18,7,71,3,1,3,1,50.0
79,91,2,3,0,3,1,50.0
18,11,56,3,1,3,1,50.0
18,12,41,3,1,3,1,50.0
18,13,38,3,1,3,1,50.0
18,14,35,3,1,3,1,50.0
18,19,17,3,1,0,1,50.0
79,90,59,3,1,3,1,50.0
79,89,65,3,1,3,1,50.0
18,21,2,3,1,0,1,50.0
18,22,62,3,1,0,1,50.0
18,24,26,3,1,0,1,50.0
18,26,23,3,1,0,1,50.0
79,86,74,3,1,3,1,50.0
79,85,56,3,1,3,1,50.0
18,27,5,3,1,0,1,50.0
79,82,77,3,1,3,1,50.0
79,81,71,3,1,3,1,50.0
79,80,47,3,1,3,1,50.0
18,28,68,3,1,1,1,50.0
79,77,38,3,1,0,1,50.0
18,29,32,3,1,1,1,50.0
79,76,44,3,1,0,1,50.0
18,32,29,3,1,1,1,50.0
79,75,35,3,1,0,1,50.0
18,33,20,3,1,1,1,50.0
79,74,32,3,1,0,1,50.0
79,71,29,3,1,0,1,50.0
79,70,50,3,1,0,1,50.0
79,69,41,3,1,0,1,50.0
79,67,68,3,1,0,1,50.0
18,36,14,3,1,1,1,50.0
18,37,8,3,1,0,1,50.0
79,65,5,3,1,0,1,50.0
79,64,26,3,1,0,1,50.0
18,38,11,3,1,1,1,50.0
79,63,20,3,1,0,1,50.0
79,61,62,3,1,1,1,50.0
79,57,11,3,1,0,1,50.0
18,39,50,3,2,0,1,50.0
18,40,23,3,2,0,1,50.0
18,41,8,3,2,0,1,50.0
79,56,23,3,1,0,1,50.0
79,54,17,3,1,0,1,50.0
79,53,2,3,1,0,1,50.0
18,43,74,3,2,0,1,50.0
18,44,71,3,2,0,1,50.0
18,45,77,3,2,1,1,50.0
18,46,59,3,2,0,1,50.0
79,51,14,3,1,0,1,50.0
79,50,8,3,1,2,1,50.0
79,49,8,3,2,0,1,50.0
18,48,2,3,2,0,1,50.0
79,48,77,3,2,1,1,50.0
79,47,74,3,2,0,1,50.0
79,43,62,3,2,0,1,50.0
79,42,68,3,2,0,1,50.0
18,49,68,3,2,1,1,50.0
18,50,62,3,2,0,1,50.0
18,53,65,3,2,0,1,50.0
79,41,2,3,2,0,1,50.0
79,40,5,3,2,0,1,50.0
18,54,38,3,2,0,1,50.0
18,57,5,3,2,0,1,50.0
79,38,44,3,2,0,1,50.0
18,58,11,3,2,0,1,50.0
79,35,20,3,2,0,1,50.0
79,34,11,3,2,0,1,50.0
18,60,47,3,2,0,1,50.0
79,33,71,3,2,1,1,50.0
18,62,29,3,2,0,1,50.0
79,32,65,3,2,1,1,50.0
18,64,14,3,2,0,1,50.0
18,65,41,3,2,0,1,50.0
79,31,59,3,2,1,1,50.0
79,30,47,3,2,0,1,50.0
79,29,56,3,2,1,1,50.0
79,28,53,3,2,1,1,50.0
79,26,38,3,2,0,1,50.0
18,67,56,3,2,0,1,50.0
79,25,29,3,2,0,1,50.0
79,24,35,3,2,0,1,50.0
18,69,44,3,2,0,1,50.0
18,70,20,3,2,0,1,50.0
18,73,53,3,2,0,1,50.0
18,76,35,3,2,0,1,50.0
79,18,32,3,2,2,1,50.0
79,16,41,3,2,3,1,50.0
79,14,26,3,2,3,1,50.0
79,13,50,3,2,3,1,50.0
79,12,23,3,2,3,1,50.0
79,11,14,3,2,3,1,50.0
18,77,26,3,2,1,1,50.0
18,79,17,3,2,2,1,50.0
18,80,77,3,3,3,1,50.0
79,9,59,3,3,3,1,50.0
79,8,62,3,3,3,1,50.0
18,81,74,3,3,3,1,50.0
18,83,50,3,3,3,1,50.0
79,7,56,3,3,3,1,50.0
79,6,53,3,3,3,1,50.0
18,84,41,3,3,3,1,50.0
18,86,44,3,3,3,1,50.0
79,5,50,3,3,3,1,50.0
79,3,47,3,3,3,1,50.0
79,2,38,3,3,3,1,50.0
18,87,56,3,3,3,1,50.0
79,1,44,3,3,3,1,50.0
78,99,38,3,0,3,1,50.0
18,89,38,3,3,3,1,50.0
18,90,47,3,3,3,1,50.0
78,97,14,3,0,3,1,50.0
78,96,53,3,0,3,1,50.0
78,95,62,3,0,4,1,50.0
78,94,5,3,0,3,1,50.0
78,93,50,3,1,3,1,50.0
78,91,56,3,1,3,1,50.0
78,90,44,3,1,3,1,50.0
78,89,41,3,1,3,1,50.0
18,91,53,3,3,3,1,50.0
78,86,38,3,1,3,1,50.0
18,92,65,3,3,3,1,50.0
18,93,35,3,3,3,1,50.0
18,94,32,3,3,3,1,50.0
18,95,26,3,3,3,1,50.0
78,85,35,3,1,3,1,50.0
78,84,77,3,1,3,1,50.0
78,83,47,3,1,3,1,50.0
78,82,59,3,1,3,1,50.0
78,80,74,3,1,3,1,50.0
18,97,29,3,3,3,1,50.0
78,77,65,3,1,0,1,50.0
78,75,71,3,1,1,1,50.0
18,98,23,3,3,3,1,50.0
19,0,50,3,0,4,1,50.0
78,73,62,3,1,0,1,50.0
78,72,53,3,1,0,1,50.0
78,70,68,3,1,1,1,50.0
19,3,8,3,0,3,1,50.0
19,4,50,3,1,3,1,50.0
78,69,32,3,1,0,1,50.0
19,5,2,3,0,3,1,50.0
19,7,62,3,1,3,1,50.0
78,68,26,3,1,0,1,50.0
19,8,59,3,1,3,1,50.0
78,67,17,3,1,0,1,50.0
78,66,29,3,1,0,1,50.0
19,9,56,3,1,3,1,50.0
78,65,20,3,1,1,1,50.0
19,10,53,3,1,3,1,50.0
19,11,47,3,1,3,1,50.0
19,12,44,3,1,3,1,50.0
78,64,8,3,1,0,1,50.0
78,63,11,3,1,0,1,50.0
19,13,41,3,1,3,1,50.0
19,14,32,3,1,3,1,50.0
19,17,71,3,1,3,1,50.0
19,18,68,3,1,3,1,50.0
19,20,2,3,1,0,1,50.0
19,22,35,3,1,0,1,50.0
19,23,38,3,1,0,1,50.0
19,24,65,3,1,0,1,50.0
78,62,5,3,1,0,1,50.0
78,59,14,3,1,1,1,50.0
78,57,77,3,2,0,1,50.0
78,55,74,3,2,1,1,50.0
78,53,68,3,2,0,1,50.0
19,29,77,3,1,1,1,50.0
19,32,5,3,1,0,1,50.0
78,52,62,3,2,0,1,50.0
78,51,71,3,2,0,1,50.0
78,47,20,3,2,0,1,50.0
19,33,74,3,1,1,1,50.0
78,46,32,3,2,0,1,50.0
78,44,65,3,2,0,1,50.0
19,34,29,3,1,1,1,50.0
19,35,23,3,1,1,1,50.0
78,43,56,3,2,0,1,50.0
78,42,11,3,2,0,1,50.0
19,36,20,3,1,1,1,50.0
19,37,17,3,1,0,1,50.0
78,41,59,3,2,1,1,50.0
19,39,14,3,1,1,1,50.0
19,41,11,3,1,1,1,50.0
19,42,8,3,1,0,1,50.0
78,40,8,3,2,0,1,50.0
78,39,44,3,2,0,1,50.0
78,37,50,3,2,0,1,50.0
19,44,17,3,2,0,1,50.0
19,45,71,3,2,0,1,50.0
78,36,53,3,2,1,1,50.0
78,35,47,3,2,1,1,50.0
19,46,77,3,2,0,1,50.0
78,34,41,3,2,1,1,50.0
78,31,38,3,2,1,1,50.0
19,48,74,3,2,1,1,50.0
19,49,65,3,2,1,1,50.0
78,30,26,3,2,0,1,50.0
78,29,35,3,2,1,1,50.0
78,27,2,3,2,0,1,50.0
19,50,41,3,2,0,1,50.0
78,26,29,3,2,1,1,50.0
19,52,56,3,2,0,1,50.0
78,25,23,3,2,1,1,50.0
78,23,17,3,2,1,1,50.0
19,53,5,3,2,0,1,50.0
78,20,14,3,2,1,1,50.0
19,54,23,3,2,0,1,50.0
19,55,68,3,2,1,1,50.0
19,56,35,3,2,0,1,50.0
78,18,5,3,2,3,1,50.0
78,17,62,3,3,3,1,50.0
78,14,29,3,3,3,1,50.0
78,13,44,3,3,3,1,50.0
19,57,8,3,2,0,1,50.0
78,12,56,3,3,3,1,50.0
19,58,62,3,2,0,1,50.0
19,59,59,3,2,0,1,50.0
78,10,50,3,3,3,1,50.0
78,8,53,3,3,3,1,50.0
19,60,50,3,2,0,1,50.0
19,61,38,3,2,0,1,50.0
19,63,32,3,2,0,1,50.0
78,7,59,3,3,3,1,50.0
78,6,47,3,3,3,1,50.0
19,64,29,3,2,0,1,50.0
19,67,26,3,2,0,1,50.0
19,68,53,3,2,0,1,50.0
78,5,41,3,3,3,1,50.0
19,70,44,3,2,0,1,50.0
78,4,38,3,3,3,1,50.0
19,71,14,3,2,0,1,50.0
78,3,32,3,3,3,1,50.0
78,1,26,3,3,3,1,50.0
78,0,35,3,3,3,1,50.0
19,73,47,3,2,0,1,50.0
19,76,20,3,2,1,1,50.0
19,79,11,3,2,3,1,50.0
77,99,35,3,0,3,1,50.0
19,80,2,3,2,3,1,50.0
77,98,14,3,0,3,1,50.0
77,97,11,3,0,3,1,50.0
19,82,53,3,3,3,1,50.0
77,96,50,3,1,3,1,50.0
19,83,44,3,3,3,1,50.0
77,95,53,3,1,3,1,50.0
77,93,41,3,1,3,1,50.0
19,84,74,3,3,3,1,50.0
77,90,56,3,1,3,1,50.0
19,85,41,3,3,3,1,50.0
77,88,74,3,1,3,1,50.0
19,86,35,3,3,3,1,50.0
77,87,47,3,1,3,1,50.0
77,86,32,3,1,3,1,50.0
77,83,35,3,1,3,1,50.0
19,87,32,3,3,3,1,50.0
77,81,44,3,1,3,1,50.0
19,88,59,3,3,3,1,50.0
19,91,47,3,3,3,1,50.0
77,79,77,3,1,3,1,50.0
77,78,71,3,1,3,1,50.0
19,93,38,3,3,3,1,50.0
19,94,29,3,3,3,1,50.0
77,76,59,3,1,0,1,50.0
19,95,23,3,3,3,1,50.0
19,97,50,3,3,3,1,50.0
77,75,68,3,1,1,1,50.0
77,74,38,3,1,0,1,50.0
20,0,56,3,0,4,1,50.0
20,1,50,3,0,4,1,50.0
77,73,23,3,1,0,1,50.0
20,2,29,3,1,3,1,50.0
20,6,62,3,1,3,1,50.0
20,7,53,3,1,3,1,50.0
77,72,65,3,1,1,1,50.0
77,69,29,3,1,0,1,50.0
77,66,62,3,1,0,1,50.0
77,65,2,3,1,0,1,50.0
20,9,50,3,1,3,1,50.0
20,10,56,3,1,3,1,50.0
20,12,47,3,1,3,1,50.0
20,14,17,3,1,3,1,50.0
20,15,71,3,1,3,1,50.0
77,64,20,3,1,1,1,50.0
77,62,11,3,1,0,1,50.0
20,16,68,3,1,3,1,50.0
20,18,59,3,1,3,1,50.0
20,19,77,3,1,3,1,50.0
20,21,74,3,1,1,1,50.0
77,61,17,3,1,1,1,50.0
77,60,14,3,1,0,1,50.0
20,22,8,3,1,0,1,50.0
77,59,8,3,1,1,1,50.0
20,23,23,3,1,0,1,50.0
20,24,44,3,1,0,1,50.0
20,25,2,3,1,0,1,50.0
77,58,5,3,1,1,1,50.0
20,27,65,3,1,0,1,50.0
20,29,41,3,1,1,1,50.0
77,57,2,3,2,0,1,50.0
20,30,32,3,1,0,1,50.0
77,56,20,3,2,0,1,50.0
20,31,35,3,1,1,1,50.0
20,34,38,3,1,1,1,50.0
20,35,26,3,1,1,1,50.0
77,55,77,3,2,0,1,50.0
20,36,5,3,1,1,1,50.0
77,53,74,3,2,1,1,50.0
77,52,53,3,2,0,1,50.0
20,37,47,3,2,0,1,50.0
77,51,50,3,2,0,1,50.0
77,49,71,3,2,1,1,50.0
77,48,68,3,2,1,1,50.0
20,38,41,3,2,0,1,50.0
77,47,14,3,2,0,1,50.0
77,44,5,3,2,0,1,50.0
77,43,35,3,2,0,1,50.0
77,42,65,3,2,1,1,50.0
20,39,29,3,2,0,1,50.0
77,41,62,3,2,1,1,50.0
77,40,59,3,2,1,1,50.0
77,39,41,3,2,0,1,50.0
77,38,38,3,2,0,1,50.0
20,40,77,3,2,1,1,50.0
77,37,23,3,2,0,1,50.0
77,36,56,3,2,1,1,50.0
20,41,74,3,2,1,1,50.0
77,34,47,3,2,1,1,50.0
77,33,44,3,2,1,1,50.0
77,32,32,3,2,1,1,50.0
20,42,2,3,2,0,1,50.0
77,30,29,3,2,1,1,50.0
77,29,26,3,2,1,1,50.0
77,26,11,3,2,1,1,50.0
77,25,17,3,2,1,1,50.0
20,43,32,3,2,0,1,50.0
77,23,8,3,2,1,1,50.0
20,44,71,3,2,1,1,50.0
20,48,65,3,2,1,1,50.0
20,49,62,3,2,1,1,50.0
20,52,44,3,2,0,1,50.0
20,53,68,3,2,1,1,50.0
20,55,59,3,2,1,1,50.0
20,56,8,3,2,0,1,50.0
77,22,11,3,3,0,1,50.0
20,59,56,3,2,1,1,50.0
77,20,53,3,3,2,1,50.0
20,62,23,3,2,0,1,50.0
20,63,50,3,2,1,1,50.0
77,19,71,3,3,3,1,50.0
77,17,38,3,3,3,1,50.0
20,64,38,3,2,1,1,50.0
77,16,35,3,3,3,1,50.0
77,14,20,3,3,3,1,50.0
20,65,35,3,2,1,1,50.0
20,66,26,3,2,0,1,50.0
77,13,32,3,3,3,1,50.0
77,12,50,3,3,3,1,50.0
77,10,47,3,3,3,1,50.0
77,7,44,3,3,3,1,50.0
77,6,59,3,3,3,1,50.0
77,5,29,3,3,3,1,50.0
20,68,14,3,2,0,1,50.0
77,4,41,3,3,3,1,50.0
77,3,26,3,3,3,1,50.0
20,69,20,3,2,1,1,50.0
20,71,17,3,2,0,1,50.0
77,1,17,3,3,3,1,50.0
77,0,23,3,3,3,1,50.0
20,72,5,3,2,1,1,50.0
20,73,11,3,2,1,1,50.0
76,98,41,3,0,3,1,50.0
20,75,59,3,3,0,1,50.0
20,76,32,3,3,0,1,50.0
76,97,14,3,0,4,1,50.0
76,96,47,3,1,3,1,50.0
76,94,44,3,1,3,1,50.0
20,77,77,3,3,3,1,50.0
20,80,71,3,3,3,1,50.0
76,93,32,3,1,3,1,50.0
20,81,41,3,3,3,1,50.0
20,82,47,3,3,3,1,50.0
76,91,41,3,1,3,1,50.0
20,83,29,3,3,3,1,50.0
76,90,38,3,1,3,1,50.0
76,89,56,3,1,3,1,50.0
76,88,50,3,1,3,1,50.0
76,87,53,3,1,3,1,50.0
76,86,29,3,1,3,1,50.0
76,85,26,3,1,3,1,50.0
76,84,35,3,1,3,1,50.0
76,83,23,3,1,3,1,50.0
20,87,35,3,3,3,1,50.0
76,82,17,3,1,3,1,50.0
20,89,50,3,3,3,1,50.0
76,81,14,3,1,3,1,50.0
20,90,26,3,3,3,1,50.0
76,80,65,3,1,3,1,50.0
76,79,74,3,1,3,1,50.0
76,77,68,3,1,3,1,50.0
76,73,59,3,1,0,1,50.0
20,91,44,3,3,3,1,50.0
76,72,77,3,1,1,1,50.0
76,71,71,3,1,1,1,50.0
20,92,56,3,3,3,1,50.0
76,69,62,3,1,1,1,50.0
76,68,2,3,1,0,1,50.0
76,67,11,3,1,1,1,50.0
76,66,8,3,1,1,1,50.0
20,93,20,3,3,3,1,50.0
76,65,5,3,1,1,1,50.0
76,64,77,3,2,0,1,50.0
20,94,38,3,3,3,1,50.0
20,96,23,3,3,3,1,50.0
76,63,71,3,2,0,1,50.0
76,62,74,3,2,1,1,50.0
20,97,17,3,3,3,1,50.0
76,61,50,3,2,0,1,50.0
76,59,2,3,2,0,1,50.0
20,99,14,3,3,3,1,50.0
76,58,8,3,2,0,1,50.0
21,0,59,3,1,3,1,50.0
21,1,41,3,1,3,1,50.0
76,57,68,3,2,1,1,50.0
76,56,65,3,2,1,1,50.0
21,2,26,3,1,3,1,50.0
21,8,50,3,1,3,1,50.0
21,10,44,3,1,3,1,50.0
21,12,53,3,1,3,1,50.0
76,54,5,3,2,0,1,50.0
21,13,35,3,1,3,1,50.0
76,53,62,3,2,1,1,50.0
21,14,11,3,1,3,1,50.0
76,51,47,3,2,0,1,50.0
76,50,20,3,2,0,1,50.0
76,47,59,3,2,1,1,50.0
76,46,29,3,2,0,1,50.0
76,44,56,3,2,1,1,50.0
76,40,53,3,2,1,1,50.0
76,39,26,3,2,0,1,50.0
21,16,71,3,1,3,1,50.0
76,38,32,3,2,0,1,50.0
76,37,38,3,2,0,1,50.0
76,36,44,3,2,1,1,50.0
76,35,41,3,2,1,1,50.0
21,17,29,3,1,3,1,50.0
21,18,62,3,1,3,1,50.0
76,34,35,3,2,1,1,50.0
76,32,23,3,2,1,1,50.0
76,31,17,3,2,1,1,50.0
21,22,77,3,1,1,1,50.0
76,28,14,3,2,1,1,50.0
21,23,47,3,1,0,1,50.0
21,25,56,3,1,0,1,50.0
76,27,11,3,2,1,1,50.0
21,26,68,3,1,1,1,50.0
21,27,65,3,1,1,1,50.0
21,29,38,3,1,1,1,50.0
76,26,56,3,3,0,1,50.0
21,30,23,3,1,1,1,50.0
21,32,2,3,1,0,1,50.0
76,25,77,3,3,1,1,50.0
76,24,62,3,3,0,1,50.0
21,34,20,3,1,1,1,50.0
76,23,53,3,3,0,1,50.0
76,22,74,3,3,1,1,50.0
76,20,68,3,3,3,1,50.0
76,19,65,3,3,3,1,50.0
76,18,71,3,3,3,1,50.0
21,35,17,3,1,1,1,50.0
76,17,35,3,3,3,1,50.0
21,39,8,3,1,1,1,50.0
21,40,14,3,1,1,1,50.0
76,14,8,3,3,3,1,50.0
76,13,29,3,3,3,1,50.0
21,41,5,3,1,1,1,50.0
76,12,38,3,3,3,1,50.0
76,9,47,3,3,3,1,50.0
76,7,50,3,3,3,1,50.0
21,42,77,3,2,1,1,50.0
21,43,29,3,2,0,1,50.0
21,44,74,3,2,1,1,50.0
21,46,14,3,2,0,1,50.0
21,47,68,3,2,0,1,50.0
76,5,44,3,3,3,1,50.0
21,48,71,3,2,1,1,50.0
21,49,59,3,2,1,1,50.0
21,51,17,3,2,0,1,50.0
21,52,47,3,2,0,1,50.0
21,54,2,3,2,0,1,50.0
21,55,65,3,2,1,1,50.0
76,1,32,3,3,3,1,50.0
76,0,41,3,3,3,1,50.0
75,98,53,3,1,3,1,50.0
75,97,47,3,1,3,1,50.0
21,56,62,3,2,1,1,50.0
75,96,41,3,1,3,1,50.0
75,95,44,3,1,3,1,50.0
21,57,56,3,2,1,1,50.0
75,93,29,3,1,3,1,50.0
75,92,77,3,1,3,1,50.0
75,90,35,3,1,3,1,50.0
21,58,53,3,2,1,1,50.0
21,59,50,3,2,1,1,50.0
21,62,44,3,2,1,1,50.0
75,89,32,3,1,3,1,50.0
21,63,41,3,2,1,1,50.0
75,88,38,3,1,3,1,50.0
75,87,26,3,1,3,1,50.0
75,86,23,3,1,3,1,50.0
21,64,35,3,2,1,1,50.0
75,85,20,3,1,3,1,50.0
75,84,50,3,1,3,1,50.0
21,66,38,3,2,1,1,50.0
21,67,23,3,2,0,1,50.0
21,69,32,3,2,1,1,50.0
75,83,17,3,1,3,1,50.0
75,82,14,3,1,3,1,50.0
21,73,5,3,2,0,1,50.0
75,81,11,3,1,3,1,50.0
75,79,65,3,1,3,1,50.0
75,78,74,3,1,3,1,50.0
75,77,62,3,1,3,1,50.0
21,74,26,3,2,1,1,50.0
75,76,59,3,1,3,1,50.0
21,75,8,3,2,1,1,50.0
75,74,5,3,1,1,1,50.0
75,73,2,3,1,1,1,50.0
21,77,20,3,2,4,1,50.0
75,72,35,3,2,0,1,50.0
21,78,11,3,2,3,1,50.0
21,79,71,3,3,3,1,50.0
21,81,38,3,3,3,1,50.0
75,71,38,3,2,0,1,50.0
75,69,71,3,2,0,1,50.0
21,82,41,3,3,3,1,50.0
75,63,68,3,2,0,1,50.0
21,83,32,3,3,3,1,50.0
21,86,26,3,3,3,1,50.0
21,87,29,3,3,3,1,50.0
75,62,77,3,2,1,1,50.0
21,88,47,3,3,3,1,50.0
21,89,44,3,3,3,1,50.0
21,90,23,3,3,3,1,50.0
75,61,32,3,2,0,1,50.0
21,91,35,3,3,3,1,50.0
75,60,11,3,2,0,1,50.0
75,57,74,3,2,1,1,50.0
21,92,59,3,3,3,1,50.0
75,56,2,3,2,0,1,50.0
21,94,20,3,3,3,1,50.0
21,95,17,3,3,3,1,50.0
21,96,14,3,3,3,1,50.0
75,55,62,3,2,1,1,50.0
21,97,8,3,3,3,1,50.0
21,98,50,3,3,3,1,50.0
21,99,11,3,3,3,1,50.0
75,54,65,3,2,1,1,50.0
22,1,38,3,1,3,1,50.0
22,3,53,3,1,3,1,50.0
22,4,47,3,1,3,1,50.0
75,52,59,3,2,1,1,50.0
75,50,14,3,2,0,1,50.0
75,49,56,3,2,1,1,50.0
75,48,53,3,2,1,1,50.0
75,47,8,3,2,0,1,50.0
75,45,50,3,2,1,1,50.0
22,5,35,3,1,3,1,50.0
22,7,41,3,1,3,1,50.0
75,44,47,3,2,1,1,50.0
75,41,44,3,2,1,1,50.0
75,40,41,3,2,1,1,50.0
22,9,44,3,1,3,1,50.0
22,10,32,3,1,3,1,50.0
22,11,26,3,1,3,1,50.0
75,37,29,3,2,1,1,50.0
22,12,29,3,1,3,1,50.0
75,36,26,3,2,1,1,50.0
22,13,23,3,1,3,1,50.0
75,35,20,3,2,1,1,50.0
22,15,20,3,1,3,1,50.0
75,34,23,3,2,1,1,50.0
75,33,17,3,2,1,1,50.0
22,16,17,3,1,3,1,50.0
75,32,5,3,2,1,1,50.0
22,18,14,3,1,3,1,50.0
22,21,68,3,1,3,1,50.0
75,30,41,3,3,0,1,50.0
75,29,74,3,3,1,1,50.0
22,25,71,3,1,1,1,50.0
22,26,65,3,1,1,1,50.0
22,27,62,3,1,1,1,50.0
22,28,59,3,1,0,1,50.0
22,31,56,3,1,1,1,50.0
75,27,47,3,3,0,1,50.0
22,32,50,3,1,1,1,50.0
22,33,11,3,1,1,1,50.0
22,34,8,3,1,1,1,50.0
22,37,5,3,1,1,1,50.0
22,38,2,3,1,0,1,50.0
22,39,23,3,2,0,1,50.0
22,40,74,3,2,1,1,50.0
75,26,53,3,3,0,1,50.0
75,25,68,3,3,1,1,50.0
22,43,2,3,2,0,1,50.0
22,44,77,3,2,1,1,50.0
75,24,77,3,3,1,1,50.0
75,23,62,3,3,0,1,50.0
75,22,71,3,3,2,1,50.0
22,46,5,3,2,0,1,50.0
22,47,68,3,2,1,1,50.0
75,21,65,3,3,3,1,50.0
22,48,62,3,2,1,1,50.0
75,19,56,3,3,3,1,50.0
22,49,53,3,2,1,1,50.0
75,18,20,3,3,3,1,50.0
22,50,11,3,2,0,1,50.0
75,17,32,3,3,3,1,50.0
22,51,65,3,2,1,1,50.0
75,16,29,3,3,3,1,50.0
22,54,59,3,2,1,1,50.0
22,55,56,3,2,1,1,50.0
75,15,17,3,3,3,1,50.0
75,12,26,3,3,3,1,50.0
22,59,47,3,2,1,1,50.0
22,60,50,3,2,1,1,50.0
75,11,44,3,3,3,1,50.0
22,61,26,3,2,0,1,50.0
75,9,38,3,3,3,1,50.0
22,62,41,3,2,1,1,50.0
22,63,44,3,2,1,1,50.0
75,8,23,3,3,3,1,50.0
75,6,50,3,3,3,1,50.0
22,66,35,3,2,1,1,50.0
22,67,38,3,2,0,1,50.0
22,68,32,3,2,1,1,50.0
75,5,14,3,3,3,1,50.0
75,2,8,3,3,3,1,50.0
22,71,29,3,2,1,1,50.0
22,73,17,3,2,0,1,50.0
22,74,20,3,2,1,1,50.0
22,75,14,3,2,4,1,50.0
75,1,5,3,3,3,1,50.0
22,76,8,3,2,4,1,50.0
22,79,68,3,3,3,1,50.0
22,82,38,3,3,3,1,50.0
74,99,47,3,0,4,1,50.0
74,97,44,3,1,3,1,50.0
74,96,38,3,1,3,1,50.0
74,92,53,3,1,3,1,50.0
22,83,26,3,3,3,1,50.0
74,91,32,3,1,3,1,50.0
74,87,41,3,1,3,1,50.0
74,84,29,3,1,3,1,50.0
22,84,32,3,3,3,1,50.0
22,85,29,3,3,3,1,50.0
74,83,11,3,1,3,1,50.0
22,86,20,3,3,3,1,50.0
74,82,23,3,1,3,1,50.0
22,87,23,3,3,3,1,50.0
74,81,35,3,1,3,1,50.0
74,80,17,3,1,3,1,50.0
74,79,2,3,1,3,1,50.0
22,89,17,3,3,3,1,50.0
22,91,14,3,3,3,1,50.0
22,92,50,3,3,3,1,50.0
22,94,47,3,3,3,1,50.0
74,78,77,3,1,3,1,50.0
22,95,41,3,3,3,1,50.0
22,97,35,3,3,3,1,50.0
22,99,8,3,3,3,1,50.0
23,0,47,3,1,3,1,50.0
74,76,74,3,1,4,1,50.0
23,3,44,3,1,3,1,50.0
74,75,59,3,1,3,1,50.0
23,5,53,3,1,3,1,50.0
23,6,56,3,1,3,1,50.0
23,8,41,3,1,3,1,50.0
23,9,35,3,1,3,1,50.0
74,73,56,3,1,0,1,50.0
74,72,71,3,1,1,1,50.0
74,70,65,3,1,1,1,50.0
74,68,68,3,1,1,1,50.0
23,11,38,3,1,3,1,50.0
23,12,32,3,1,3,1,50.0
23,14,5,3,1,3,1,50.0
74,64,62,3,1,1,1,50.0
74,63,47,3,1,1,1,50.0
74,62,50,3,1,1,1,50.0
23,15,14,3,1,3,1,50.0
23,17,26,3,1,3,1,50.0
23,18,11,3,1,3,1,50.0
23,19,68,3,1,3,1,50.0
74,60,77,3,2,1,1,50.0
23,20,74,3,1,3,1,50.0
74,58,74,3,2,1,1,50.0
23,21,77,3,1,3,1,50.0
74,57,71,3,2,1,1,50.0
74,56,68,3,2,1,1,50.0
23,22,71,3,1,3,1,50.0
74,55,53,3,2,1,1,50.0
74,54,62,3,2,1,1,50.0
23,26,62,3,1,1,1,50.0
23,27,59,3,1,1,1,50.0
23,28,65,3,1,1,1,50.0
23,29,50,3,1,1,1,50.0
23,30,20,3,1,1,1,50.0
74,53,65,3,2,1,1,50.0
23,33,29,3,1,1,1,50.0
23,34,23,3,1,2,1,50.0
23,35,77,3,2,1,1,50.0
74,52,56,3,2,1,1,50.0
74,51,11,3,2,0,1,50.0
74,50,59,3,2,1,1,50.0
23,36,74,3,2,1,1,50.0
23,37,14,3,2,0,1,50.0
23,38,26,3,2,0,1,50.0
23,40,71,3,2,1,1,50.0
23,42,68,3,2,1,1,50.0
23,43,65,3,2,1,1,50.0
23,44,62,3,2,1,1,50.0
74,49,50,3,2,1,1,50.0
74,47,5,3,2,0,1,50.0
23,46,59,3,2,1,1,50.0
74,46,47,3,2,1,1,50.0
23,47,2,3,2,0,1,50.0
23,48,56,3,2,1,1,50.0
74,44,44,3,2,1,1,50.0
23,49,47,3,2,1,1,50.0
74,43,41,3,2,1,1,50.0
74,42,38,3,2,1,1,50.0
23,50,53,3,2,1,1,50.0
23,51,50,3,2,1,1,50.0
23,52,44,3,2,1,1,50.0
23,53,41,3,2,1,1,50.0
74,40,35,3,2,1,1,50.0
23,54,38,3,2,1,1,50.0
74,39,20,3,2,0,1,50.0
23,55,35,3,2,1,1,50.0
23,56,32,3,2,1,1,50.0
74,38,32,3,2,1,1,50.0
23,57,29,3,2,1,1,50.0
74,37,26,3,2,1,1,50.0
74,36,29,3,2,1,1,50.0
23,58,23,3,2,1,1,50.0
23,59,20,3,2,1,1,50.0
74,35,14,3,2,1,1,50.0
23,60,17,3,2,1,1,50.0
74,33,23,3,2,1,1,50.0
74,32,17,3,2,1,1,50.0
23,61,11,3,2,1,1,50.0
23,63,8,3,2,1,1,50.0
23,64,5,3,2,1,1,50.0
74,31,8,3,2,1,1,50.0
74,30,2,3,2,1,1,50.0
23,67,35,3,3,0,1,50.0
23,68,65,3,3,0,1,50.0
23,69,50,3,3,0,1,50.0
74,28,77,3,3,1,1,50.0
23,70,38,3,3,0,1,50.0
23,71,77,3,3,1,1,50.0
74,27,26,3,3,0,1,50.0
23,73,74,3,3,0,1,50.0
74,23,71,3,3,3,1,50.0
74,21,74,3,3,3,1,50.0
74,20,65,3,3,3,1,50.0
74,18,17,3,3,3,1,50.0
23,74,68,3,3,3,1,50.0
23,75,11,3,3,3,1,50.0
74,16,32,3,3,3,1,50.0
23,76,26,3,3,3,1,50.0
74,15,11,3,3,3,1,50.0
23,77,56,3,3,3,1,50.0
23,78,23,3,3,3,1,50.0
23,79,41,3,3,3,1,50.0
23,80,53,3,3,3,1,50.0
23,82,32,3,3,3,1,50.0
23,84,20,3,3,3,1,50.0
23,85,17,3,3,3,1,50.0
23,88,44,3,3,3,1,50.0
74,14,2,3,3,3,1,50.0
23,91,29,3,3,3,1,50.0
74,13,20,3,3,3,1,50.0
23,92,47,3,3,3,1,50.0
23,93,14,3,3,3,1,50.0
23,95,8,3,3,3,1,50.0
23,99,5,3,3,3,1,50.0
74,11,41,3,3,3,1,50.0
74,9,53,3,3,3,1,50.0
74,8,47,3,3,3,1,50.0
24,0,44,3,1,3,1,50.0
24,4,35,3,1,3,1,50.0
24,6,41,3,1,3,1,50.0
24,8,38,3,1,3,1,50.0
74,7,38,3,3,3,1,50.0
24,9,32,3,1,3,1,50.0
74,6,44,3,3,3,1,50.0
24,10,29,3,1,3,1,50.0
24,11,23,3,1,3,1,50.0
74,5,23,3,3,3,1,50.0
24,13,26,3,1,3,1,50.0
24,14,74,3,1,4,1,50.0
74,4,5,3,3,3,1,50.0
24,15,8,3,1,3,1,50.0
74,3,29,3,3,3,1,50.0
24,16,20,3,1,3,1,50.0
24,17,17,3,1,3,1,50.0
24,19,62,3,1,3,1,50.0
74,2,14,3,3,3,1,50.0
24,20,53,3,1,3,1,50.0
74,1,8,3,3,3,1,50.0
73,99,50,3,0,4,1,50.0
24,21,56,3,1,3,1,50.0
73,98,44,3,0,3,1,50.0
24,22,65,3,1,3,1,50.0
24,25,59,3,1,1,1,50.0
73,97,35,3,0,4,1,50.0
24,26,71,3,1,1,1,50.0
73,96,35,3,1,3,1,50.0
73,94,26,3,1,3,1,50.0
24,27,68,3,1,1,1,50.0
73,93,17,3,1,3,1,50.0
73,92,44,3,1,3,1,50.0
73,90,41,3,1,3,1,50.0
73,89,29,3,1,3,1,50.0
73,88,32,3,1,3,1,50.0
73,86,8,3,1,3,1,50.0
24,28,50,3,1,1,1,50.0
73,85,38,3,1,3,1,50.0
73,84,23,3,1,3,1,50.0
73,83,20,3,1,3,1,50.0
73,80,5,3,1,3,1,50.0
24,32,47,3,1,1,1,50.0
73,79,77,3,1,4,1,50.0
24,33,14,3,1,1,1,50.0
73,78,68,3,1,3,1,50.0
73,77,74,3,1,3,1,50.0
73,76,71,3,1,4,1,50.0
24,35,11,3,1,1,1,50.0
24,36,2,3,1,1,1,50.0
24,38,5,3,1,0,1,50.0
73,74,62,3,1,3,1,50.0
73,72,59,3,1,1,1,50.0
24,39,17,3,2,0,1,50.0
73,71,65,3,1,1,1,50.0
73,70,56,3,1,1,1,50.0
73,68,53,3,1,1,1,50.0
24,41,77,3,2,1,1,50.0
73,67,50,3,1,1,1,50.0
24,42,74,3,2,1,1,50.0
73,65,47,3,1,1,1,50.0
73,62,71,3,2,1,1,50.0
73,61,77,3,2,1,1,50.0
24,45,71,3,2,1,1,50.0
24,46,68,3,2,1,1,50.0
24,48,59,3,2,1,1,50.0
24,49,44,3,2,1,1,50.0
24,50,65,3,2,1,1,50.0
73,60,74,3,2,1,1,50.0
73,58,68,3,2,1,1,50.0
73,57,65,3,2,1,1,50.0
73,56,59,3,2,1,1,50.0
73,52,62,3,2,1,1,50.0
73,51,56,3,2,1,1,50.0
24,51,62,3,2,1,1,50.0
73,50,50,3,2,1,1,50.0
24,53,56,3,2,1,1,50.0
24,54,53,3,2,1,1,50.0
24,55,50,3,2,1,1,50.0
24,57,47,3,2,1,1,50.0
73,49,41,3,2,1,1,50.0
73,48,47,3,2,1,1,50.0
73,46,53,3,2,1,1,50.0
73,44,38,3,2,1,1,50.0
24,58,41,3,2,1,1,50.0
73,41,35,3,2,1,1,50.0
73,38,20,3,2,0,1,50.0
24,59,38,3,2,1,1,50.0
73,37,44,3,2,1,1,50.0
73,36,32,3,2,1,1,50.0
24,60,35,3,2,1,1,50.0
24,61,32,3,2,1,1,50.0
73,35,29,3,2,1,1,50.0
73,34,26,3,2,1,1,50.0
24,62,29,3,2,1,1,50.0
24,63,2,3,2,0,1,50.0
24,64,26,3,2,1,1,50.0
73,33,5,3,2,1,1,50.0
73,32,14,3,2,1,1,50.0
24,66,23,3,2,1,1,50.0
73,31,11,3,2,1,1,50.0
73,30,17,3,2,1,1,50.0
24,69,14,3,2,1,1,50.0
24,70,20,3,2,1,1,50.0
73,27,23,3,2,1,1,50.0
24,71,11,3,2,1,1,50.0
73,25,8,3,2,1,1,50.0
24,73,8,3,2,3,1,50.0
73,23,2,3,2,3,1,50.0
24,75,5,3,2,4,1,50.0
73,22,77,3,3,3,1,50.0
24,76,23,3,3,3,1,50.0
24,78,65,3,3,3,1,50.0
73,21,62,3,3,3,1,50.0
24,79,35,3,3,3,1,50.0
24,80,44,3,3,3,1,50.0
24,81,32,3,3,3,1,50.0
24,82,29,3,3,3,1,50.0
73,20,11,3,3,3,1,50.0
73,19,26,3,3,3,1,50.0
73,16,23,3,3,3,1,50.0
24,83,14,3,3,3,1,50.0
73,14,71,3,3,4,1,50.0
24,85,8,3,3,3,1,50.0
73,13,17,3,3,3,1,50.0
24,86,17,3,3,3,1,50.0
73,12,20,3,3,3,1,50.0
24,87,20,3,3,3,1,50.0
24,88,41,3,3,3,1,50.0
73,11,35,3,3,3,1,50.0
73,10,41,3,3,3,1,50.0
24,89,26,3,3,3,1,50.0
73,9,29,3,3,3,1,50.0
73,8,44,3,3,3,1,50.0
73,7,47,3,3,3,1,50.0
24,91,38,3,3,3,1,50.0
24,92,11,3,3,3,1,50.0
24,94,2,3,3,3,1,50.0
73,6,38,3,3,3,1,50.0
24,96,5,3,3,3,1,50.0
24,98,77,3,3,4,1,50.0
73,5,32,3,3,3,1,50.0
25,0,38,3,1,3,1,50.0
73,3,14,3,3,3,1,50.0
73,1,2,3,3,3,1,50.0
25,1,29,3,1,3,1,50.0
72,98,23,3,0,4,1,50.0
72,97,38,3,1,3,1,50.0
72,96,32,3,1,3,1,50.0
72,94,35,3,1,3,1,50.0
25,5,26,3,1,3,1,50.0
72,91,23,3,1,3,1,50.0
25,7,35,3,1,3,1,50.0
72,90,29,3,1,3,1,50.0
25,9,41,3,1,3,1,50.0
72,89,8,3,1,3,1,50.0
72,87,14,3,1,3,1,50.0
25,10,20,3,1,3,1,50.0
25,11,32,3,1,3,1,50.0
25,12,11,3,1,3,1,50.0
25,13,14,3,1,3,1,50.0
25,14,65,3,1,4,1,50.0
25,16,5,3,1,3,1,50.0
72,86,74,3,1,4,1,50.0
25,17,2,3,1,3,1,50.0
72,85,68,3,1,4,1,50.0
25,18,74,3,1,4,1,50.0
25,21,53,3,1,3,1,50.0
25,22,62,3,1,3,1,50.0
72,84,62,3,1,4,1,50.0
25,23,56,3,1,4,1,50.0
72,82,20,3,1,3,1,50.0
72,81,56,3,1,4,1,50.0
25,24,50,3,1,3,1,50.0
72,80,53,3,1,4,1,50.0
25,26,44,3,1,1,1,50.0
72,79,50,3,1,4,1,50.0
25,28,47,3,1,1,1,50.0
72,78,47,3,1,4,1,50.0
72,77,44,3,1,4,1,50.0
72,76,41,3,1,4,1,50.0
72,75,35,3,2,3,1,50.0
25,30,77,3,2,1,1,50.0
25,32,74,3,2,1,1,50.0
72,74,59,3,2,3,1,50.0
25,34,71,3,2,1,1,50.0
25,36,68,3,2,1,1,50.0
72,71,74,3,2,1,1,50.0
72,69,23,3,2,0,1,50.0
72,68,77,3,2,1,1,50.0
72,67,71,3,2,1,1,50.0
72,66,53,3,2,0,1,50.0
72,65,68,3,2,1,1,50.0
25,39,65,3,2,1,1,50.0
72,64,65,3,2,1,1,50.0
72,63,62,3,2,1,1,50.0
25,41,56,3,2,1,1,50.0
25,42,62,3,2,1,1,50.0
25,43,59,3,2,1,1,50.0
25,45,53,3,2,1,1,50.0
25,46,50,3,2,1,1,50.0
72,62,56,3,2,1,1,50.0
25,47,47,3,2,1,1,50.0
25,48,44,3,2,1,1,50.0
72,61,50,3,2,1,1,50.0
72,60,47,3,2,1,1,50.0
25,49,38,3,2,1,1,50.0
72,59,44,3,2,1,1,50.0
72,58,38,3,2,1,1,50.0
72,56,41,3,2,1,1,50.0
25,50,41,3,2,1,1,50.0
72,55,32,3,2,1,1,50.0
72,54,29,3,2,1,1,50.0
25,51,35,3,2,1,1,50.0
72,50,26,3,2,1,1,50.0
72,48,20,3,2,1,1,50.0
72,47,17,3,2,1,1,50.0
25,52,29,3,2,1,1,50.0
72,46,14,3,2,1,1,50.0
72,43,11,3,2,1,1,50.0
72,42,8,3,2,1,1,50.0
25,53,32,3,2,1,1,50.0
25,54,26,3,2,1,1,50.0
25,55,23,3,2,1,1,50.0
25,56,20,3,2,1,1,50.0
72,40,5,3,2,1,1,50.0
72,39,2,3,2,1,1,50.0
25,57,17,3,2,1,1,50.0
72,38,77,3,3,1,1,50.0
25,59,11,3,2,1,1,50.0
72,36,71,3,3,1,1,50.0
72,33,68,3,3,1,1,50.0
72,32,62,3,3,1,1,50.0
72,31,74,3,3,1,1,50.0
72,30,65,3,3,1,1,50.0
25,61,14,3,2,1,1,50.0
72,28,59,3,3,1,1,50.0
72,22,56,3,3,3,1,50.0
25,62,8,3,2,1,1,50.0
25,64,5,3,2,2,1,50.0
25,66,2,3,2,0,1,50.0
25,67,77,3,3,1,1,50.0
25,68,23,3,3,0,1,50.0
25,69,35,3,3,0,1,50.0
25,70,74,3,3,1,1,50.0
72,21,5,3,3,3,1,50.0
25,71,68,3,3,1,1,50.0
72,19,20,3,3,3,1,50.0
25,73,65,3,3,3,1,50.0
72,17,23,3,3,3,1,50.0
72,14,53,3,3,4,1,50.0
72,13,11,3,3,3,1,50.0
72,12,17,3,3,3,1,50.0
72,11,8,3,3,3,1,50.0
72,9,14,3,3,3,1,50.0
72,8,50,3,3,4,1,50.0
25,74,56,3,3,3,1,50.0
25,75,2,3,3,3,1,50.0
25,79,32,3,3,3,1,50.0
25,82,26,3,3,3,1,50.0
72,7,32,3,3,3,1,50.0
25,83,8,3,3,3,1,50.0
25,84,38,3,3,3,1,50.0
72,6,35,3,3,3,1,50.0
72,4,44,3,3,3,1,50.0
25,85,5,3,3,3,1,50.0
25,87,17,3,3,3,1,50.0
72,1,47,3,3,4,1,50.0
72,0,29,3,3,3,1,50.0
25,88,29,3,3,3,1,50.0
25,90,20,3,3,3,1,50.0
71,98,38,3,1,3,1,50.0
25,95,14,3,3,3,1,50.0
25,96,11,3,3,3,1,50.0
25,97,71,3,3,4,1,50.0
25,98,62,3,3,4,1,50.0
26,0,32,3,1,3,1,50.0
71,97,32,3,1,3,1,50.0
26,1,20,3,1,3,1,50.0
71,96,26,3,1,3,1,50.0
71,95,35,3,1,3,1,50.0
71,93,8,3,1,3,1,50.0
71,92,41,3,1,3,1,50.0
71,89,62,3,1,4,1,50.0
26,2,23,3,1,3,1,50.0
26,3,41,3,1,3,1,50.0
71,88,23,3,1,3,1,50.0
26,4,26,3,1,3,1,50.0
26,6,14,3,1,3,1,50.0
71,87,59,3,1,4,1,50.0
71,85,56,3,1,4,1,50.0
71,84,17,3,1,3,1,50.0
71,80,20,3,1,3,1,50.0
71,79,14,3,1,3,1,50.0
71,78,53,3,1,4,1,50.0
26,7,8,3,1,3,1,50.0
26,10,38,3,1,3,1,50.0
26,15,2,3,1,3,1,50.0
26,17,5,3,1,3,1,50.0
71,77,50,3,1,4,1,50.0
71,76,47,3,1,4,1,50.0
26,19,77,3,1,4,1,50.0
71,74,44,3,1,4,1,50.0
71,72,41,3,2,3,1,50.0
26,24,74,3,1,3,1,50.0
26,25,59,3,1,3,1,50.0
71,70,77,3,2,1,1,50.0
26,27,56,3,1,1,1,50.0
71,69,74,3,2,1,1,50.0
26,29,53,3,1,1,1,50.0
71,67,68,3,2,1,1,50.0
71,66,71,3,2,1,1,50.0
26,30,50,3,1,1,1,50.0
71,65,65,3,2,1,1,50.0
71,63,59,3,2,1,1,50.0
26,31,35,3,1,2,1,50.0
26,32,77,3,2,1,1,50.0
71,61,56,3,2,1,1,50.0
26,33,65,3,2,1,1,50.0
71,60,62,3,2,1,1,50.0
26,34,74,3,2,1,1,50.0
26,35,71,3,2,1,1,50.0
26,36,62,3,2,1,1,50.0
71,59,53,3,2,1,1,50.0
26,37,68,3,2,1,1,50.0
26,38,59,3,2,1,1,50.0
71,58,50,3,2,1,1,50.0
26,39,56,3,2,1,1,50.0
26,40,50,3,2,1,1,50.0
26,42,53,3,2,1,1,50.0
26,43,47,3,2,1,1,50.0
71,55,47,3,2,1,1,50.0
26,44,41,3,2,1,1,50.0
26,46,44,3,2,1,1,50.0
71,54,44,3,2,1,1,50.0
26,48,38,3,2,1,1,50.0
26,50,35,3,2,1,1,50.0
26,51,32,3,2,1,1,50.0
71,51,38,3,2,1,1,50.0
71,50,32,3,2,1,1,50.0
26,52,23,3,2,1,1,50.0
71,49,35,3,2,1,1,50.0
71,47,26,3,2,1,1,50.0
26,54,20,3,2,1,1,50.0
26,55,29,3,2,1,1,50.0
71,46,29,3,2,1,1,50.0
71,45,23,3,2,1,1,50.0
26,56,26,3,2,1,1,50.0
26,59,17,3,2,1,1,50.0
71,44,20,3,2,1,1,50.0
71,43,17,3,2,1,1,50.0
26,60,14,3,2,1,1,50.0
26,61,8,3,2,1,1,50.0
26,62,11,3,2,1,1,50.0
26,63,5,3,2,1,1,50.0
26,64,2,3,2,2,1,50.0
26,65,77,3,3,1,1,50.0
26,66,74,3,3,1,1,50.0
26,68,71,3,3,1,1,50.0
26,69,68,3,3,1,1,50.0
71,42,11,3,2,1,1,50.0
26,70,62,3,3,1,1,50.0
71,41,14,3,2,1,1,50.0
71,40,8,3,2,1,1,50.0
26,71,2,3,3,2,1,50.0
26,72,38,3,3,3,1,50.0
26,74,50,3,3,3,1,50.0
71,39,77,3,3,1,1,50.0
26,79,29,3,3,3,1,50.0
71,38,74,3,3,1,1,50.0
26,80,35,3,3,3,1,50.0
26,82,11,3,3,3,1,50.0
71,37,71,3,3,1,1,50.0
71,36,65,3,3,1,1,50.0
26,84,26,3,3,3,1,50.0
71,35,68,3,3,1,1,50.0
71,34,59,3,3,1,1,50.0
26,85,32,3,3,3,1,50.0
26,86,5,3,3,3,1,50.0
26,88,20,3,3,3,1,50.0
26,89,65,3,3,4,1,50.0
71,33,56,3,3,1,1,50.0
71,32,53,3,3,1,1,50.0
71,28,44,3,3,1,1,50.0
71,25,50,3,3,3,1,50.0
26,90,14,3,3,3,1,50.0
71,24,62,3,3,3,1,50.0
71,23,47,3,3,4,1,50.0
71,21,2,3,3,3,1,50.0
26,91,17,3,3,3,1,50.0
71,20,8,3,3,3,1,50.0
71,19,17,3,3,3,1,50.0
26,92,23,3,3,3,1,50.0
26,93,59,3,3,4,1,50.0
71,18,41,3,3,4,1,50.0
26,94,8,3,3,3,1,50.0
71,17,20,3,3,3,1,50.0
71,16,14,3,3,3,1,50.0
71,15,38,3,3,4,1,50.0
26,97,56,3,3,4,1,50.0
71,12,35,3,3,4,1,50.0
26,98,53,3,3,4,1,50.0
71,11,11,3,3,3,1,50.0
71,10,32,3,3,4,1,50.0
71,7,26,3,3,3,1,50.0
27,0,26,3,1,3,1,50.0
71,6,29,3,3,3,1,50.0
71,4,23,3,3,3,1,50.0
27,2,20,3,1,3,1,50.0
71,3,5,3,3,3,1,50.0
71,2,17,3,4,3,1,50.0
27,3,38,3,1,3,1,50.0
27,4,77,3,1,4,1,50.0
71,0,20,3,4,3,1,50.0
27,6,32,3,1,3,1,50.0
70,99,32,3,1,3,1,50.0
70,98,29,3,1,3,1,50.0
70,97,23,3,1,3,1,50.0
70,92,38,3,1,3,1,50.0
27,8,14,3,1,3,1,50.0
70,91,5,3,1,3,1,50.0
27,9,17,3,1,3,1,50.0
70,90,11,3,1,3,1,50.0
27,10,35,3,1,3,1,50.0
27,12,2,3,1,3,1,50.0
27,14,50,3,1,4,1,50.0
70,88,35,3,1,3,1,50.0
70,87,71,3,1,4,1,50.0
70,86,2,3,1,3,1,50.0
70,85,59,3,1,4,1,50.0
27,15,74,3,1,4,1,50.0
27,17,8,3,1,3,1,50.0
27,18,71,3,1,4,1,50.0
27,19,5,3,1,3,1,50.0
27,20,53,3,1,4,1,50.0
70,84,14,3,1,3,1,50.0
27,21,47,3,1,4,1,50.0
27,22,44,3,1,3,1,50.0
27,23,41,3,1,4,1,50.0
70,83,53,3,1,4,1,50.0
70,82,50,3,1,4,1,50.0
70,81,17,3,1,3,1,50.0
70,80,47,3,1,4,1,50.0
70,79,44,3,1,4,1,50.0
70,78,41,3,1,4,1,50.0
27,24,29,3,1,4,1,50.0
27,25,53,3,2,3,1,50.0
70,77,65,3,2,3,1,50.0
27,26,47,3,2,3,1,50.0
27,28,71,3,2,1,1,50.0
27,29,68,3,2,1,1,50.0
70,75,77,3,2,4,1,50.0
27,30,74,3,2,1,1,50.0
70,73,74,3,2,3,1,50.0
70,71,71,3,2,4,1,50.0
27,31,77,3,2,1,1,50.0
70,68,62,3,2,1,1,50.0
70,67,59,3,2,1,1,50.0
27,32,59,3,2,1,1,50.0
70,64,68,3,2,1,1,50.0
70,62,53,3,2,1,1,50.0
27,33,41,3,2,1,1,50.0
70,61,47,3,2,1,1,50.0
70,60,56,3,2,1,1,50.0
27,35,65,3,2,1,1,50.0
70,59,41,3,2,1,1,50.0
27,36,50,3,2,1,1,50.0
27,37,62,3,2,1,1,50.0
70,58,44,3,2,1,1,50.0
70,57,50,3,2,1,1,50.0
70,56,38,3,2,1,1,50.0
70,54,35,3,2,1,1,50.0
70,53,29,3,2,1,1,50.0
27,38,56,3,2,1,1,50.0
27,40,44,3,2,1,1,50.0
27,41,38,3,2,1,1,50.0
27,42,35,3,2,1,1,50.0
70,51,26,3,2,1,1,50.0
70,50,23,3,2,1,1,50.0
70,48,32,3,2,1,1,50.0
27,43,32,3,2,1,1,50.0
70,47,20,3,2,1,1,50.0
27,44,29,3,2,1,1,50.0
70,43,14,3,2,1,1,50.0
27,45,26,3,2,1,1,50.0
70,42,17,3,2,1,1,50.0
70,40,11,3,2,1,1,50.0
70,37,8,3,2,1,1,50.0
27,46,20,3,2,1,1,50.0
70,36,5,3,2,2,1,50.0
70,34,2,3,2,2,1,50.0
27,47,23,3,2,1,1,50.0
70,33,77,3,3,1,1,50.0
27,48,17,3,2,1,1,50.0
70,32,71,3,3,1,1,50.0
27,49,14,3,2,1,1,50.0
27,50,11,3,2,1,1,50.0
27,51,8,3,2,1,1,50.0
70,31,68,3,3,1,1,50.0
70,30,62,3,3,1,1,50.0
27,53,5,3,2,1,1,50.0
70,29,65,3,3,1,1,50.0
70,28,56,3,3,1,1,50.0
27,55,2,3,2,1,1,50.0
70,27,74,3,3,3,1,50.0
27,56,77,3,3,1,1,50.0
27,57,62,3,3,1,1,50.0
70,26,44,3,3,3,1,50.0
27,58,71,3,3,1,1,50.0
27,59,68,3,3,1,1,50.0
27,62,65,3,3,1,1,50.0
27,63,56,3,3,1,1,50.0
27,64,59,3,3,1,1,50.0
70,25,47,3,3,3,1,50.0
70,23,59,3,3,3,1,50.0
27,65,53,3,3,1,1,50.0
70,22,53,3,3,3,1,50.0
70,21,50,3,3,4,1,50.0
27,66,50,3,3,1,1,50.0
27,67,47,3,3,1,1,50.0
70,20,5,3,3,3,1,50.0
70,19,14,3,3,3,1,50.0
27,69,44,3,3,1,1,50.0
27,70,41,3,3,3,1,50.0
70,18,8,3,3,3,1,50.0
27,71,38,3,3,4,1,50.0
27,72,26,3,3,3,1,50.0
70,17,11,3,3,3,1,50.0
27,73,5,3,3,3,1,50.0
27,76,20,3,3,3,1,50.0
70,16,2,3,3,3,1,50.0
27,77,14,3,3,3,1,50.0
27,78,17,3,3,3,1,50.0
70,12,38,3,3,4,1,50.0
70,11,35,3,3,4,1,50.0
27,79,23,3,3,3,1,50.0
27,80,32,3,3,3,1,50.0
27,81,29,3,3,3,1,50.0
27,82,8,3,3,3,1,50.0
27,88,2,3,3,3,1,50.0
27,89,11,3,3,3,1,50.0
27,90,35,3,3,4,1,50.0
27,92,35,3,4,3,1,50.0
27,93,2,3,4,3,1,50.0
27,97,26,3,4,3,1,50.0
70,9,32,3,3,4,1,50.0
27,98,32,3,4,3,1,50.0
70,7,23,3,3,3,1,50.0
27,99,23,3,4,3,1,50.0
28,0,17,3,1,3,1,50.0
70,6,26,3,3,3,1,50.0
70,3,20,3,3,3,1,50.0
70,2,29,3,3,4,1,50.0
70,1,17,3,3,4,1,50.0
70,0,14,3,4,3,1,50.0
69,99,26,3,1,3,1,50.0
69,96,29,3,1,3,1,50.0
28,1,38,3,1,4,1,50.0
28,2,5,3,1,3,1,50.0
28,3,23,3,1,3,1,50.0
28,4,20,3,1,3,1,50.0
28,5,8,3,1,3,1,50.0
28,6,2,3,1,3,1,50.0
28,8,35,3,1,4,1,50.0
28,9,29,3,1,4,1,50.0
28,10,26,3,1,4,1,50.0
28,12,32,3,1,4,1,50.0
28,16,8,3,2,3,1,50.0
69,92,5,3,1,3,1,50.0
69,91,8,3,1,3,1,50.0
28,17,77,3,2,4,1,50.0
69,90,77,3,1,4,1,50.0
28,19,11,3,2,3,1,50.0
28,20,62,3,2,3,1,50.0
69,89,2,3,1,3,1,50.0
69,86,11,3,1,3,1,50.0
69,85,23,3,1,3,1,50.0
28,25,44,3,2,3,1,50.0
28,27,74,3,2,4,1,50.0
28,29,71,3,2,1,1,50.0
28,32,68,3,2,1,1,50.0
69,84,71,3,1,4,1,50.0
69,83,65,3,1,4,1,50.0
28,35,59,3,2,1,1,50.0
28,37,65,3,2,1,1,50.0
69,82,59,3,1,4,1,50.0
28,38,53,3,2,1,1,50.0
28,39,50,3,2,1,1,50.0
69,81,53,3,1,4,1,50.0
69,79,56,3,1,4,1,50.0
69,77,47,3,1,4,1,50.0
28,41,47,3,2,1,1,50.0
28,42,56,3,2,1,1,50.0
69,76,50,3,1,4,1,50.0
28,43,38,3,2,1,1,50.0
28,44,35,3,2,1,1,50.0
28,45,41,3,2,1,1,50.0
28,46,32,3,2,1,1,50.0
28,47,14,3,2,1,1,50.0
28,48,29,3,2,1,1,50.0
28,49,26,3,2,1,1,50.0
69,75,41,3,1,4,1,50.0
69,73,38,3,1,4,1,50.0
69,72,35,3,1,4,1,50.0
28,50,20,3,2,1,1,50.0
28,51,23,3,2,1,1,50.0
28,52,17,3,2,1,1,50.0
69,71,77,3,2,4,1,50.0
69,70,74,3,2,4,1,50.0
69,68,65,3,2,1,1,50.0
69,67,62,3,2,1,1,50.0
28,53,2,3,2,1,1,50.0
28,56,5,3,2,1,1,50.0
28,57,77,3,3,1,1,50.0
28,59,74,3,3,1,1,50.0
28,60,71,3,3,1,1,50.0
28,61,68,3,3,1,1,50.0
69,65,71,3,2,1,1,50.0
28,63,65,3,3,1,1,50.0
28,65,62,3,3,1,1,50.0
69,64,56,3,2,1,1,50.0
28,66,59,3,3,1,1,50.0
28,68,56,3,3,1,1,50.0
69,63,68,3,2,1,1,50.0
69,62,59,3,2,1,1,50.0
28,69,53,3,3,2,1,50.0
69,61,44,3,2,1,1,50.0
69,60,41,3,2,1,1,50.0
69,58,47,3,2,1,1,50.0
69,57,38,3,2,1,1,50.0
69,55,26,3,2,1,1,50.0
28,71,50,3,3,4,1,50.0
28,72,2,3,3,3,1,50.0
69,53,50,3,2,1,1,50.0
69,52,35,3,2,1,1,50.0
69,51,29,3,2,1,1,50.0
69,50,17,3,2,1,1,50.0
28,73,47,3,3,4,1,50.0
69,49,32,3,2,1,1,50.0
69,48,23,3,2,1,1,50.0
28,75,44,3,3,4,1,50.0
28,76,17,3,3,3,1,50.0
28,77,8,3,3,3,1,50.0
28,78,20,3,3,3,1,50.0
28,79,26,3,3,3,1,50.0
69,46,11,3,2,1,1,50.0
28,80,29,3,3,3,1,50.0
28,81,23,3,3,3,1,50.0
28,82,5,3,3,3,1,50.0
69,45,20,3,2,1,1,50.0
28,83,41,3,3,4,1,50.0
69,44,14,3,2,1,1,50.0
28,84,11,3,3,3,1,50.0
28,86,38,3,3,4,1,50.0
69,43,8,3,2,1,1,50.0
28,87,35,3,3,4,1,50.0
28,91,32,3,3,4,1,50.0
69,42,5,3,2,1,1,50.0
28,92,14,3,3,3,1,50.0
69,39,2,3,2,2,1,50.0
69,37,77,3,3,1,1,50.0
28,93,77,3,4,4,1,50.0
69,34,68,3,3,1,1,50.0
28,96,20,3,4,3,1,50.0
69,33,59,3,3,1,1,50.0
69,32,56,3,3,1,1,50.0
69,31,71,3,3,1,1,50.0
28,99,17,3,4,3,1,50.0
29,0,5,3,1,3,1,50.0
29,3,2,3,1,3,1,50.0
69,29,62,3,3,1,1,50.0
29,4,59,3,1,4,1,50.0
69,28,74,3,3,4,1,50.0
29,5,20,3,1,3,1,50.0
29,6,23,3,1,3,1,50.0
69,27,65,3,3,4,1,50.0
29,9,47,3,1,4,1,50.0
69,26,41,3,3,3,1,50.0
29,10,44,3,1,4,1,50.0
69,25,53,3,3,4,1,50.0
69,24,47,3,3,3,1,50.0
29,13,29,3,1,4,1,50.0
29,17,17,3,1,4,1,50.0
69,23,50,3,3,4,1,50.0
69,22,11,3,3,3,1,50.0
29,19,8,3,1,3,1,50.0
29,22,14,3,1,4,1,50.0
69,21,44,3,3,4,1,50.0
69,20,2,3,3,3,1,50.0
69,19,38,3,3,4,1,50.0
29,23,62,3,2,3,1,50.0
29,25,41,3,2,3,1,50.0
29,26,77,3,2,4,1,50.0
29,28,71,3,2,4,1,50.0
69,17,35,3,3,4,1,50.0
69,16,32,3,3,4,1,50.0
29,30,68,3,2,1,1,50.0
29,31,65,3,2,1,1,50.0
29,33,53,3,2,1,1,50.0
69,10,29,3,3,4,1,50.0
69,8,20,3,3,3,1,50.0
69,7,14,3,3,3,1,50.0
69,6,8,3,3,3,1,50.0
69,4,26,3,3,4,1,50.0
69,3,23,3,3,4,1,50.0
29,34,56,3,2,1,1,50.0
69,0,17,3,3,4,1,50.0
29,35,74,3,2,1,1,50.0
29,37,59,3,2,1,1,50.0
29,38,50,3,2,1,1,50.0
29,40,47,3,2,1,1,50.0
29,42,44,3,2,1,1,50.0
29,43,35,3,2,1,1,50.0
29,44,32,3,2,1,1,50.0
68,99,20,3,1,3,1,50.0
68,97,5,3,1,3,1,50.0
68,96,17,3,1,3,1,50.0
29,45,38,3,2,1,1,50.0
29,46,26,3,2,1,1,50.0
68,95,11,3,1,3,1,50.0
68,94,23,3,1,3,1,50.0
29,47,11,3,2,1,1,50.0
68,93,74,3,1,4,1,50.0
68,92,26,3,1,3,1,50.0
68,90,8,3,1,3,1,50.0
68,89,59,3,1,4,1,50.0
29,48,14,3,2,1,1,50.0
29,51,20,3,2,1,1,50.0
29,52,8,3,2,1,1,50.0
68,88,50,3,1,4,1,50.0
29,54,23,3,2,1,1,50.0
29,57,5,3,2,1,1,50.0
68,85,2,3,1,3,1,50.0
29,58,29,3,2,1,1,50.0
29,61,2,3,2,1,1,50.0
29,62,17,3,2,1,1,50.0
29,64,74,3,3,0,1,50.0
29,68,47,3,3,1,1,50.0
68,84,44,3,1,4,1,50.0
68,82,41,3,1,4,1,50.0
68,80,14,3,1,3,1,50.0
29,70,77,3,3,4,1,50.0
68,79,38,3,1,4,1,50.0
68,77,35,3,1,4,1,50.0
68,75,29,3,1,4,1,50.0
68,74,35,3,2,3,1,50.0
29,71,68,3,3,4,1,50.0
29,74,71,3,3,4,1,50.0
29,75,65,3,3,4,1,50.0
68,73,68,3,2,3,1,50.0
29,76,14,3,3,3,1,50.0
29,79,20,3,3,3,1,50.0
68,72,77,3,2,4,1,50.0
29,80,26,3,3,3,1,50.0
68,71,74,3,2,4,1,50.0
29,81,8,3,3,3,1,50.0
68,70,71,3,2,4,1,50.0
68,69,5,3,2,3,1,50.0
29,83,5,3,3,3,1,50.0
68,67,65,3,2,1,1,50.0
68,66,62,3,2,1,1,50.0
29,84,2,3,3,3,1,50.0
68,65,59,3,2,1,1,50.0
68,64,53,3,2,1,1,50.0
68,63,38,3,2,1,1,50.0
29,86,62,3,3,4,1,50.0
29,88,17,3,3,3,1,50.0
68,62,47,3,2,1,1,50.0
29,89,56,3,3,4,1,50.0
29,90,32,3,3,3,1,50.0
68,60,44,3,2,1,1,50.0
68,59,32,3,2,1,1,50.0
29,91,59,3,3,4,1,50.0
68,58,56,3,2,1,1,50.0
68,56,50,3,2,1,1,50.0
29,92,53,3,3,4,1,50.0
29,93,50,3,3,4,1,50.0
68,55,41,3,2,1,1,50.0
68,53,26,3,2,1,1,50.0
68,52,20,3,2,1,1,50.0
29,94,11,3,3,3,1,50.0
68,51,17,3,2,1,1,50.0
29,95,44,3,3,4,1,50.0
68,50,29,3,2,1,1,50.0
68,49,23,3,2,1,1,50.0
29,98,41,3,3,4,1,50.0
29,99,38,3,3,4,1,50.0
30,0,11,3,1,3,1,50.0
68,47,8,3,2,1,1,50.0
30,1,14,3,1,3,1,50.0
68,46,2,3,2,1,1,50.0
30,3,71,3,1,4,1,50.0
68,44,11,3,2,1,1,50.0
30,4,56,3,1,4,1,50.0
68,43,14,3,2,2,1,50.0
30,5,59,3,1,4,1,50.0
68,41,71,3,3,1,1,50.0
30,6,5,3,1,3,1,50.0
30,7,53,3,1,4,1,50.0
68,40,65,3,3,1,1,50.0
30,8,47,3,1,4,1,50.0
68,38,68,3,3,1,1,50.0
68,36,59,3,3,1,1,50.0
30,9,44,3,1,4,1,50.0
30,11,41,3,1,4,1,50.0
68,35,62,3,3,1,1,50.0
30,12,26,3,1,4,1,50.0
68,34,77,3,3,1,1,50.0
68,33,47,3,3,1,1,50.0
68,32,44,3,3,1,1,50.0
68,30,38,3,3,1,1,50.0
68,29,35,3,3,3,1,50.0
68,28,56,3,3,4,1,50.0
30,14,35,3,1,4,1,50.0
68,27,53,3,3,4,1,50.0
30,17,32,3,1,4,1,50.0
68,25,74,3,3,4,1,50.0
68,24,50,3,3,4,1,50.0
68,21,41,3,3,4,1,50.0
68,18,2,3,3,3,1,50.0
30,20,8,3,1,4,1,50.0
30,21,77,3,2,4,1,50.0
68,17,29,3,3,4,1,50.0
30,22,74,3,2,3,1,50.0
68,15,32,3,3,4,1,50.0
30,23,71,3,2,4,1,50.0
30,24,68,3,2,3,1,50.0
68,14,26,3,3,4,1,50.0
30,26,65,3,2,4,1,50.0
68,13,5,3,3,3,1,50.0
68,11,23,3,3,4,1,50.0
68,10,20,3,3,4,1,50.0
68,9,17,3,3,4,1,50.0
30,28,62,3,2,4,1,50.0
68,6,14,3,3,4,1,50.0
30,29,29,3,2,3,1,50.0
68,3,11,3,3,4,1,50.0
68,0,8,3,3,4,1,50.0
30,31,53,3,2,1,1,50.0
30,32,41,3,2,1,1,50.0
30,33,38,3,2,1,1,50.0
30,34,50,3,2,1,1,50.0
67,98,26,3,1,3,1,50.0
30,36,47,3,2,1,1,50.0
30,39,59,3,2,1,1,50.0
30,40,56,3,2,1,1,50.0
67,97,20,3,1,3,1,50.0
30,41,32,3,2,1,1,50.0
67,96,8,3,1,3,1,50.0
30,42,26,3,2,1,1,50.0
30,43,44,3,2,1,1,50.0
67,94,17,3,1,3,1,50.0
67,93,56,3,1,4,1,50.0
30,44,23,3,2,1,1,50.0
67,92,32,3,1,3,1,50.0
30,46,35,3,2,1,1,50.0
30,47,5,3,2,1,1,50.0
67,91,74,3,1,4,1,50.0
30,50,14,3,2,1,1,50.0
67,90,5,3,1,3,1,50.0
67,87,53,3,1,4,1,50.0
67,86,44,3,1,4,1,50.0
67,85,41,3,1,4,1,50.0
30,53,20,3,2,1,1,50.0
67,84,38,3,1,4,1,50.0
30,54,17,3,2,1,1,50.0
30,55,11,3,2,1,1,50.0
30,56,8,3,2,1,1,50.0
67,82,2,3,1,3,1,50.0
67,81,35,3,1,4,1,50.0
30,59,2,3,2,1,1,50.0
30,61,74,3,3,1,1,50.0
30,63,77,3,3,1,1,50.0
30,64,71,3,3,1,1,50.0
30,66,68,3,3,1,1,50.0
67,79,29,3,1,4,1,50.0
67,77,23,3,1,4,1,50.0
67,76,14,3,1,4,1,50.0
30,67,65,3,3,2,1,50.0
30,68,62,3,3,4,1,50.0
30,73,59,3,3,3,1,50.0
30,76,11,3,3,3,1,50.0
67,75,74,3,2,4,1,50.0
67,73,56,3,2,3,1,50.0
30,77,5,3,3,3,1,50.0
30,79,17,3,3,3,1,50.0
30,80,23,3,3,3,1,50.0
67,72,71,3,2,4,1,50.0
30,82,56,3,3,4,1,50.0
30,83,50,3,3,4,1,50.0
67,71,62,3,2,4,1,50.0
30,84,8,3,3,3,1,50.0
67,70,68,3,2,4,1,50.0
67,69,77,3,2,4,1,50.0
67,66,53,3,2,1,1,50.0
30,86,53,3,3,4,1,50.0
67,64,50,3,2,1,1,50.0
30,87,47,3,3,4,1,50.0
67,62,38,3,2,1,1,50.0
30,88,44,3,3,4,1,50.0
30,89,41,3,3,4,1,50.0
30,90,38,3,3,4,1,50.0
30,91,26,3,3,3,1,50.0
30,92,20,3,3,3,1,50.0
30,93,35,3,3,4,1,50.0
67,60,59,3,2,1,1,50.0
67,59,35,3,2,1,1,50.0
67,58,32,3,2,1,1,50.0
67,57,44,3,2,1,1,50.0
30,95,32,3,3,3,1,50.0
30,96,2,3,3,3,1,50.0
30,97,29,3,3,4,1,50.0
67,56,47,3,2,1,1,50.0
30,98,14,3,3,4,1,50.0
30,99,2,3,4,3,1,50.0
67,55,20,3,2,1,1,50.0
31,0,47,3,1,4,1,50.0
31,1,62,3,1,4,1,50.0
67,53,23,3,2,1,1,50.0
67,52,41,3,2,1,1,50.0
67,51,14,3,2,1,1,50.0
67,50,5,3,2,1,1,50.0
67,49,29,3,2,1,1,50.0
67,47,2,3,2,1,1,50.0
31,2,50,3,1,4,1,50.0
31,5,41,3,1,4,1,50.0
31,6,32,3,1,4,1,50.0
67,44,26,3,2,1,1,50.0
67,43,17,3,2,2,1,50.0
31,7,29,3,1,4,1,50.0
67,42,11,3,2,2,1,50.0
67,39,8,3,2,2,1,50.0
67,38,71,3,3,1,1,50.0
31,8,26,3,1,4,1,50.0
67,37,74,3,3,1,1,50.0
67,36,41,3,3,1,1,50.0
31,10,14,3,1,4,1,50.0
31,11,20,3,1,4,1,50.0
67,34,65,3,3,1,1,50.0
67,33,35,3,3,1,1,50.0
31,13,77,3,2,4,1,50.0
67,32,38,3,3,1,1,50.0
31,14,68,3,2,4,1,50.0
31,15,71,3,2,4,1,50.0
67,31,62,3,3,2,1,50.0
67,30,77,3,3,4,1,50.0
67,29,23,3,3,3,1,50.0
67,28,68,3,3,4,1,50.0
67,26,59,3,3,4,1,50.0
67,24,56,3,3,3,1,50.0
31,16,74,3,2,4,1,50.0
67,23,53,3,3,4,1,50.0
31,20,65,3,2,4,1,50.0
67,22,5,3,3,3,1,50.0
67,21,32,3,3,4,1,50.0
31,22,59,3,2,3,1,50.0
31,24,53,3,2,3,1,50.0
31,26,56,3,2,4,1,50.0
67,20,50,3,3,4,1,50.0
31,29,50,3,2,4,1,50.0
67,19,2,3,3,3,1,50.0
31,30,47,3,2,4,1,50.0
67,16,47,3,3,4,1,50.0
31,34,44,3,2,1,1,50.0
67,15,44,3,3,4,1,50.0
31,35,38,3,2,1,1,50.0
31,37,41,3,2,1,1,50.0
67,13,26,3,3,4,1,50.0
67,11,29,3,3,4,1,50.0
31,38,29,3,2,1,1,50.0
67,10,17,3,3,4,1,50.0
67,9,20,3,3,4,1,50.0
67,7,14,3,3,4,1,50.0
67,4,11,3,3,3,1,50.0
67,3,8,3,3,4,1,50.0
67,2,77,3,4,4,1,50.0
67,0,74,3,4,4,1,50.0
31,39,32,3,2,1,1,50.0
66,98,20,3,1,3,1,50.0
31,40,26,3,2,1,1,50.0
66,96,77,3,1,4,1,50.0
31,41,23,3,2,1,1,50.0
31,45,17,3,2,1,1,50.0
31,47,20,3,2,2,1,50.0
66,95,65,3,1,4,1,50.0
66,94,56,3,1,4,1,50.0
66,93,47,3,1,4,1,50.0
66,92,17,3,1,3,1,50.0
31,49,11,3,2,1,1,50.0
31,52,14,3,2,1,1,50.0
66,90,44,3,1,4,1,50.0
66,88,41,3,1,4,1,50.0
31,53,8,3,2,1,1,50.0
66,86,32,3,1,4,1,50.0
66,85,29,3,1,4,1,50.0
31,54,5,3,2,1,1,50.0
31,59,77,3,3,1,1,50.0
31,61,71,3,3,1,1,50.0
31,62,68,3,3,1,1,50.0
31,63,74,3,3,1,1,50.0
31,64,47,3,3,1,1,50.0
31,66,26,3,3,1,1,50.0
66,84,11,3,1,4,1,50.0
31,68,65,3,3,4,1,50.0
66,83,2,3,1,4,1,50.0
66,80,11,3,2,3,1,50.0
31,69,62,3,3,4,1,50.0
66,79,8,3,2,3,1,50.0
31,71,59,3,3,4,1,50.0
31,72,56,3,3,4,1,50.0
66,78,14,3,2,3,1,50.0
66,77,2,3,2,3,1,50.0
31,73,53,3,3,3,1,50.0
66,76,5,3,2,3,1,50.0
31,76,2,3,3,3,1,50.0
66,74,77,3,2,4,1,50.0
66,73,50,3,2,3,1,50.0
31,78,8,3,3,3,1,50.0
31,79,5,3,3,3,1,50.0
31,80,50,3,3,4,1,50.0
66,72,74,3,2,4,1,50.0
66,69,71,3,2,4,1,50.0
31,81,20,3,3,3,1,50.0
66,67,68,3,2,4,1,50.0
66,65,56,3,2,1,1,50.0
31,82,44,3,3,4,1,50.0
66,63,53,3,2,1,1,50.0
66,60,65,3,2,1,1,50.0
31,83,38,3,3,4,1,50.0
31,84,41,3,3,4,1,50.0
31,85,35,3,3,4,1,50.0
31,87,32,3,3,4,1,50.0
66,59,62,3,2,1,1,50.0
31,88,29,3,3,4,1,50.0
66,58,59,3,2,1,1,50.0
66,57,41,3,2,1,1,50.0
66,56,44,3,2,1,1,50.0
66,55,38,3,2,1,1,50.0
66,51,47,3,2,1,1,50.0
66,49,20,3,2,1,1,50.0
31,89,23,3,3,4,1,50.0
66,47,35,3,2,1,1,50.0
66,46,17,3,2,1,1,50.0
31,91,17,3,3,4,1,50.0
31,92,14,3,3,4,1,50.0
66,45,32,3,2,1,1,50.0
31,93,71,3,4,4,1,50.0
31,94,11,3,3,4,1,50.0
31,95,20,3,4,3,1,50.0
31,96,74,3,4,4,1,50.0
31,97,2,3,4,3,1,50.0
66,44,29,3,2,2,1,50.0
31,98,17,3,4,3,1,50.0
66,43,26,3,2,1,1,50.0
32,1,35,3,1,4,1,50.0
32,2,26,3,1,4,1,50.0
32,5,11,3,1,3,1,50.0
32,7,8,3,1,4,1,50.0
32,8,77,3,2,4,1,50.0
66,42,23,3,2,1,1,50.0
32,9,2,3,1,3,1,50.0
32,10,74,3,2,4,1,50.0
32,11,5,3,2,3,1,50.0
66,39,74,3,3,1,1,50.0
32,13,71,3,2,4,1,50.0
66,38,65,3,3,1,1,50.0
32,14,62,3,2,4,1,50.0
66,36,38,3,3,1,1,50.0
32,19,68,3,2,4,1,50.0
66,33,26,3,3,1,1,50.0
32,22,2,3,2,3,1,50.0
66,31,77,3,3,4,1,50.0
66,29,71,3,3,4,1,50.0
66,25,68,3,3,4,1,50.0
66,23,62,3,3,4,1,50.0
66,22,59,3,3,4,1,50.0
66,21,56,3,3,4,1,50.0
66,20,47,3,3,4,1,50.0
32,24,59,3,2,3,1,50.0
66,19,53,3,3,4,1,50.0
32,25,65,3,2,4,1,50.0
32,26,53,3,2,4,1,50.0
66,18,50,3,3,4,1,50.0
32,27,56,3,2,4,1,50.0
66,16,44,3,3,4,1,50.0
66,15,41,3,3,4,1,50.0
32,29,47,3,2,4,1,50.0
66,14,32,3,3,4,1,50.0
66,13,35,3,3,4,1,50.0
32,30,50,3,2,4,1,50.0
32,31,44,3,2,4,1,50.0
32,33,41,3,2,2,1,50.0
66,12,29,3,3,4,1,50.0
66,11,17,3,3,4,1,50.0
66,10,23,3,3,4,1,50.0
32,34,32,3,2,1,1,50.0
32,35,35,3,2,1,1,50.0
66,9,14,3,3,4,1,50.0
66,8,20,3,3,4,1,50.0
66,7,11,3,3,4,1,50.0
32,36,23,3,2,1,1,50.0
32,37,38,3,2,1,1,50.0
66,5,8,3,3,4,1,50.0
32,38,26,3,2,1,1,50.0
66,4,5,3,3,4,1,50.0
32,39,29,3,2,1,1,50.0
66,2,2,3,3,4,1,50.0
65,98,11,3,1,3,1,50.0
65,97,74,3,1,4,1,50.0
32,43,20,3,2,1,1,50.0
65,95,50,3,1,4,1,50.0
32,44,17,3,2,1,1,50.0
32,45,14,3,2,1,1,50.0
65,94,14,3,1,3,1,50.0
65,91,44,3,1,4,1,50.0
32,46,8,3,2,1,1,50.0
65,90,41,3,1,4,1,50.0
65,89,38,3,1,4,1,50.0
65,88,8,3,1,3,1,50.0
32,48,11,3,2,1,1,50.0
32,51,77,3,3,1,1,50.0
65,83,32,3,1,4,1,50.0
65,82,29,3,1,4,1,50.0
65,81,26,3,1,3,1,50.0
32,57,59,3,3,1,1,50.0
65,80,23,3,1,4,1,50.0
32,58,65,3,3,1,1,50.0
65,79,17,3,1,4,1,50.0
65,78,2,3,1,3,1,50.0
65,75,71,3,2,4,1,50.0
65,74,74,3,2,4,1,50.0
32,61,53,3,3,1,1,50.0
32,62,62,3,3,1,1,50.0
32,63,71,3,3,1,1,50.0
32,65,68,3,3,2,1,50.0
32,66,74,3,3,4,1,50.0
32,67,56,3,3,4,1,50.0
65,70,65,3,2,4,1,50.0
32,71,47,3,3,4,1,50.0
32,73,50,3,3,4,1,50.0
32,74,41,3,3,4,1,50.0
32,78,5,3,3,3,1,50.0
32,81,2,3,3,3,1,50.0
32,82,38,3,3,4,1,50.0
65,69,59,3,2,4,1,50.0
65,68,77,3,2,4,1,50.0
65,67,62,3,2,4,1,50.0
65,64,44,3,2,1,1,50.0
65,63,35,3,2,1,1,50.0
32,84,35,3,3,4,1,50.0
32,85,44,3,3,4,1,50.0
32,87,29,3,3,4,1,50.0
32,88,32,3,3,4,1,50.0
32,89,26,3,3,4,1,50.0
65,62,32,3,2,1,1,50.0
65,61,41,3,2,1,1,50.0
32,90,23,3,3,4,1,50.0
65,60,53,3,2,1,1,50.0
65,59,29,3,2,1,1,50.0
65,58,26,3,2,1,1,50.0
65,57,23,3,2,1,1,50.0
65,56,56,3,2,1,1,50.0
32,91,20,3,3,3,1,50.0
65,55,17,3,2,1,1,50.0
32,92,17,3,3,4,1,50.0
32,93,14,3,3,4,1,50.0
32,94,8,3,3,4,1,50.0
32,95,11,3,3,4,1,50.0
65,54,50,3,2,1,1,50.0
32,96,71,3,4,4,1,50.0
32,97,77,3,4,4,1,50.0
65,52,47,3,2,1,1,50.0
65,51,11,3,2,1,1,50.0
32,98,8,3,4,3,1,50.0
32,99,65,3,4,4,1,50.0
65,47,38,3,2,1,1,50.0
65,46,5,3,2,1,1,50.0
33,4,74,3,2,4,1,50.0
33,5,2,3,1,4,1,50.0
65,45,8,3,2,1,1,50.0
65,41,2,3,2,1,1,50.0
33,6,77,3,2,4,1,50.0
33,7,71,3,2,4,1,50.0
33,13,68,3,2,4,1,50.0
33,14,59,3,2,4,1,50.0
65,38,20,3,2,1,1,50.0
33,15,65,3,2,4,1,50.0
33,16,62,3,2,4,1,50.0
65,35,14,3,2,2,1,50.0
65,34,53,3,3,1,1,50.0
65,33,56,3,3,2,1,50.0
65,32,74,3,3,4,1,50.0
65,31,68,3,3,4,1,50.0
65,30,71,3,3,4,1,50.0
33,17,53,3,2,4,1,50.0
65,29,77,3,3,4,1,50.0
65,28,65,3,3,4,1,50.0
33,18,47,3,2,4,1,50.0
65,27,62,3,3,4,1,50.0
65,25,59,3,3,4,1,50.0
65,24,47,3,3,4,1,50.0
65,22,50,3,3,4,1,50.0
33,20,44,3,2,4,1,50.0
65,21,38,3,3,4,1,50.0
33,21,35,3,2,4,1,50.0
65,19,44,3,3,4,1,50.0
33,22,38,3,2,4,1,50.0
33,24,32,3,2,4,1,50.0
65,18,35,3,3,4,1,50.0
65,17,41,3,3,4,1,50.0
33,28,50,3,2,4,1,50.0
33,29,29,3,2,4,1,50.0
65,16,29,3,3,4,1,50.0
65,15,26,3,3,4,1,50.0
33,31,26,3,2,4,1,50.0
65,14,23,3,3,4,1,50.0
65,13,32,3,3,4,1,50.0
33,32,23,3,2,4,1,50.0
33,34,17,3,2,1,1,50.0
65,12,20,3,3,4,1,50.0
65,11,14,3,3,4,1,50.0
33,35,8,3,2,1,1,50.0
65,10,11,3,3,4,1,50.0
65,9,8,3,3,4,1,50.0
65,8,17,3,3,4,1,50.0
33,36,11,3,2,1,1,50.0
33,39,20,3,2,1,1,50.0
33,40,14,3,2,2,1,50.0
33,42,2,3,2,1,1,50.0
65,7,5,3,3,4,1,50.0
65,6,2,3,3,4,1,50.0
65,3,77,3,4,4,1,50.0
33,46,5,3,2,2,1,50.0
33,49,77,3,3,1,1,50.0
65,2,74,3,4,4,1,50.0
33,50,74,3,3,0,1,50.0
65,1,71,3,4,4,1,50.0
64,98,32,3,1,4,1,50.0
64,93,41,3,1,4,1,50.0
33,51,71,3,3,1,1,50.0
64,91,77,3,1,4,1,50.0
64,88,74,3,1,4,1,50.0
64,86,29,3,1,4,1,50.0
33,53,59,3,3,1,1,50.0
64,85,23,3,1,4,1,50.0
64,83,17,3,1,4,1,50.0
33,55,44,3,3,1,1,50.0
33,57,53,3,3,1,1,50.0
64,82,14,3,1,4,1,50.0
64,81,11,3,1,4,1,50.0
64,79,8,3,1,4,1,50.0
64,78,77,3,2,4,1,50.0
33,58,62,3,3,1,1,50.0
33,59,65,3,3,1,1,50.0
33,60,68,3,3,1,1,50.0
33,61,38,3,3,1,1,50.0
33,62,35,3,3,1,1,50.0
64,77,74,3,2,4,1,50.0
33,63,32,3,3,1,1,50.0
33,67,50,3,3,4,1,50.0
33,68,56,3,3,4,1,50.0
64,75,68,3,2,4,1,50.0
64,72,65,3,2,4,1,50.0
64,71,56,3,2,4,1,50.0
64,70,62,3,2,4,1,50.0
64,69,53,3,2,4,1,50.0
64,68,71,3,2,4,1,50.0
33,69,47,3,3,4,1,50.0
33,70,41,3,3,4,1,50.0
64,67,59,3,2,4,1,50.0
33,71,29,3,3,4,1,50.0
64,66,50,3,2,4,1,50.0
33,72,26,3,3,4,1,50.0
64,63,29,3,2,1,1,50.0
64,62,26,3,2,1,1,50.0
64,61,35,3,2,1,1,50.0
64,60,38,3,2,1,1,50.0
64,59,23,3,2,1,1,50.0
64,56,17,3,2,1,1,50.0
33,73,23,3,3,4,1,50.0
64,55,14,3,2,1,1,50.0
64,53,47,3,2,1,1,50.0
64,52,11,3,2,1,1,50.0
33,74,20,3,3,4,1,50.0
33,75,17,3,3,4,1,50.0
33,77,14,3,3,4,1,50.0
33,82,11,3,3,4,1,50.0
33,83,8,3,3,4,1,50.0
64,51,44,3,2,1,1,50.0
33,86,5,3,3,4,1,50.0
33,91,2,3,3,4,1,50.0
33,92,2,3,4,3,1,50.0
64,50,41,3,2,2,1,50.0
64,48,8,3,2,1,1,50.0
64,47,32,3,2,1,1,50.0
33,95,74,3,4,4,1,50.0
33,96,68,3,4,4,1,50.0
33,98,5,3,4,3,1,50.0
33,99,62,3,4,4,1,50.0
34,2,14,3,1,4,1,50.0
64,46,20,3,2,2,1,50.0
64,40,62,3,3,1,1,50.0
34,3,5,3,1,4,1,50.0
34,7,77,3,2,4,1,50.0
64,38,47,3,3,1,1,50.0
34,8,74,3,2,4,1,50.0
34,9,11,3,1,4,1,50.0
34,10,71,3,2,4,1,50.0
64,35,56,3,3,1,1,50.0
34,11,68,3,2,4,1,50.0
64,34,65,3,3,2,1,50.0
34,16,59,3,2,4,1,50.0
64,33,77,3,3,4,1,50.0
64,31,59,3,3,4,1,50.0
34,17,62,3,2,4,1,50.0
34,23,44,3,2,4,1,50.0
64,30,74,3,3,4,1,50.0
34,24,56,3,2,4,1,50.0
64,29,68,3,3,4,1,50.0
64,28,53,3,3,4,1,50.0
64,26,71,3,3,4,1,50.0
64,23,38,3,3,4,1,50.0
64,22,44,3,3,4,1,50.0
34,25,50,3,2,4,1,50.0
34,26,47,3,2,4,1,50.0
34,28,41,3,2,4,1,50.0
34,29,53,3,2,4,1,50.0
64,21,29,3,3,4,1,50.0
34,31,38,3,2,4,1,50.0
64,20,41,3,3,4,1,50.0
34,32,35,3,2,4,1,50.0
64,19,50,3,3,4,1,50.0
34,35,32,3,2,1,1,50.0
34,36,17,3,2,1,1,50.0
64,18,32,3,3,4,1,50.0
34,40,29,3,2,1,1,50.0
34,42,20,3,2,1,1,50.0
64,17,26,3,3,4,1,50.0
64,16,35,3,3,4,1,50.0
64,15,23,3,3,4,1,50.0
64,14,20,3,3,4,1,50.0
64,13,17,3,3,4,1,50.0
64,10,8,3,3,4,1,50.0
64,8,14,3,3,4,1,50.0
64,7,74,3,4,4,1,50.0
64,6,11,3,3,4,1,50.0
64,5,5,3,3,4,1,50.0
64,4,71,3,4,4,1,50.0
34,43,5,3,2,1,1,50.0
64,2,68,3,4,4,1,50.0
64,0,2,3,3,4,1,50.0
63,96,26,3,1,4,1,50.0
34,45,11,3,2,1,1,50.0
34,48,26,3,2,1,1,50.0
34,50,14,3,2,2,1,50.0
63,95,23,3,1,4,1,50.0
63,94,20,3,1,4,1,50.0
63,92,11,3,1,4,1,50.0
63,91,14,3,1,4,1,50.0
34,51,8,3,2,2,1,50.0
63,90,17,3,1,4,1,50.0
63,88,2,3,1,4,1,50.0
63,82,77,3,2,4,1,50.0
34,53,77,3,3,1,1,50.0
63,81,5,3,2,3,1,50.0
63,78,74,3,2,4,1,50.0
63,77,71,3,2,4,1,50.0
63,74,68,3,2,4,1,50.0
34,54,74,3,3,1,1,50.0
34,55,71,3,3,1,1,50.0
63,73,65,3,2,4,1,50.0
63,72,62,3,2,4,1,50.0
63,70,59,3,2,4,1,50.0
34,56,53,3,3,1,1,50.0
63,67,53,3,2,4,1,50.0
34,58,35,3,3,1,1,50.0
34,59,59,3,3,1,1,50.0
34,63,56,3,3,2,1,50.0
63,66,47,3,2,4,1,50.0
34,64,65,3,3,4,1,50.0
34,66,68,3,3,4,1,50.0
63,65,50,3,2,4,1,50.0
34,67,47,3,3,4,1,50.0
63,64,44,3,2,4,1,50.0
34,68,50,3,3,4,1,50.0
34,69,44,3,3,4,1,50.0
63,62,23,3,2,1,1,50.0
34,70,38,3,3,4,1,50.0
34,71,41,3,3,4,1,50.0
34,73,62,3,3,4,1,50.0
63,61,29,3,2,1,1,50.0
63,60,32,3,2,1,1,50.0
34,74,32,3,3,4,1,50.0
63,59,26,3,2,1,1,50.0
34,77,29,3,3,4,1,50.0
34,78,26,3,3,4,1,50.0
34,79,23,3,3,4,1,50.0
34,80,8,3,3,3,1,50.0
63,58,20,3,2,1,1,50.0
34,81,20,3,3,4,1,50.0
34,83,14,3,3,4,1,50.0
63,57,35,3,2,1,1,50.0
63,55,8,3,2,1,1,50.0
34,84,5,3,3,3,1,50.0
63,52,38,3,2,1,1,50.0
34,85,17,3,3,4,1,50.0
63,50,2,3,2,1,1,50.0
63,49,17,3,2,1,1,50.0
63,48,41,3,2,1,1,50.0
63,45,14,3,2,2,1,50.0
63,44,11,3,2,2,1,50.0
34,86,11,3,3,4,1,50.0
34,87,2,3,3,4,1,50.0
34,88,5,3,4,3,1,50.0
34,90,74,3,4,4,1,50.0
63,43,77,3,3,1,1,50.0
63,42,71,3,3,1,1,50.0
63,41,68,3,3,1,1,50.0
34,91,71,3,4,4,1,50.0
34,92,77,3,4,4,1,50.0
34,94,68,3,4,4,1,50.0
63,40,38,3,3,1,1,50.0
63,39,62,3,3,1,1,50.0
63,38,44,3,3,1,1,50.0
34,96,65,3,4,4,1,50.0
34,97,62,3,4,4,1,50.0
63,35,53,3,3,1,1,50.0
63,34,59,3,3,4,1,50.0
34,98,2,3,4,3,1,50.0
63,33,65,3,3,4,1,50.0
63,32,56,3,3,4,1,50.0
63,31,50,3,3,4,1,50.0
63,29,74,3,3,4,1,50.0
34,99,56,3,4,4,1,50.0
35,0,44,3,1,4,1,50.0
63,26,41,3,3,4,1,50.0
35,1,5,3,1,4,1,50.0
35,2,71,3,2,4,1,50.0
35,4,50,3,1,4,1,50.0
35,5,17,3,2,3,1,50.0
35,6,74,3,2,4,1,50.0
63,25,47,3,3,4,1,50.0
35,9,2,3,1,4,1,50.0
35,10,77,3,2,4,1,50.0
35,11,65,3,2,4,1,50.0
63,24,35,3,3,4,1,50.0
63,23,32,3,3,4,1,50.0
35,12,68,3,2,4,1,50.0
63,22,29,3,3,4,1,50.0
63,21,26,3,3,4,1,50.0
63,20,23,3,3,4,1,50.0
35,13,62,3,2,4,1,50.0
63,19,20,3,3,4,1,50.0
63,17,14,3,3,4,1,50.0
63,16,17,3,3,4,1,50.0
63,15,11,3,3,4,1,50.0
35,15,59,3,2,4,1,50.0
63,14,8,3,3,4,1,50.0
35,17,56,3,2,4,1,50.0
35,18,53,3,2,4,1,50.0
35,19,47,3,2,4,1,50.0
63,13,5,3,3,4,1,50.0
63,12,2,3,3,4,1,50.0
63,11,77,3,4,4,1,50.0
35,21,23,3,2,4,1,50.0
35,23,35,3,2,4,1,50.0
63,10,68,3,4,4,1,50.0
63,7,65,3,4,4,1,50.0
63,5,74,3,4,4,1,50.0
63,4,62,3,4,4,1,50.0
35,24,44,3,2,4,1,50.0
63,3,59,3,4,4,1,50.0
63,1,56,3,4,4,1,50.0
63,0,71,3,4,4,1,50.0
62,98,20,3,1,4,1,50.0
62,95,14,3,1,4,1,50.0
62,94,5,3,1,4,1,50.0
35,26,50,3,2,4,1,50.0
35,27,41,3,2,4,1,50.0
35,28,38,3,2,4,1,50.0
35,30,32,3,2,4,1,50.0
62,92,74,3,2,4,1,50.0
62,91,68,3,2,4,1,50.0
62,90,71,3,2,4,1,50.0
62,89,5,3,2,3,1,50.0
62,87,77,3,2,4,1,50.0
35,31,29,3,2,4,1,50.0
62,86,65,3,2,4,1,50.0
35,32,26,3,2,4,1,50.0
62,82,62,3,2,4,1,50.0
62,81,59,3,2,4,1,50.0
62,80,56,3,2,4,1,50.0
62,79,53,3,2,4,1,50.0
35,33,20,3,2,4,1,50.0
35,37,11,3,2,1,1,50.0
62,77,41,3,2,4,1,50.0
62,76,44,3,2,4,1,50.0
62,70,50,3,2,4,1,50.0
62,69,38,3,2,4,1,50.0
35,38,8,3,2,1,1,50.0
35,39,5,3,2,1,1,50.0
35,40,2,3,2,2,1,50.0
62,67,35,3,2,4,1,50.0
35,41,65,3,3,1,1,50.0
35,44,68,3,3,1,1,50.0
35,46,77,3,3,1,1,50.0
62,66,32,3,2,4,1,50.0
35,47,74,3,3,1,1,50.0
62,65,47,3,2,4,1,50.0
62,64,29,3,2,4,1,50.0
62,61,26,3,2,1,1,50.0
62,60,23,3,2,1,1,50.0
62,58,17,3,2,1,1,50.0
35,48,50,3,3,1,1,50.0
62,55,20,3,2,2,1,50.0
62,54,14,3,2,1,1,50.0
62,53,11,3,2,1,1,50.0
62,52,2,3,2,1,1,50.0
62,51,8,3,2,3,1,50.0
62,49,74,3,3,1,1,50.0
35,50,71,3,3,1,1,50.0
35,52,53,3,3,1,1,50.0
35,53,44,3,3,1,1,50.0
35,56,35,3,3,1,1,50.0
35,58,14,3,3,1,1,50.0
35,61,59,3,3,1,1,50.0
35,62,62,3,3,3,1,50.0
62,47,77,3,3,1,1,50.0
62,45,68,3,3,1,1,50.0
35,63,47,3,3,4,1,50.0
35,64,56,3,3,4,1,50.0
35,65,41,3,3,4,1,50.0
35,66,38,3,3,4,1,50.0
62,44,65,3,3,1,1,50.0
35,67,32,3,3,4,1,50.0
35,68,29,3,3,4,1,50.0
35,69,26,3,3,4,1,50.0
35,70,23,3,3,4,1,50.0
35,73,20,3,3,4,1,50.0
35,74,17,3,3,4,1,50.0
35,76,11,3,3,4,1,50.0
62,43,71,3,3,1,1,50.0
62,42,59,3,3,1,1,50.0
62,41,53,3,3,1,1,50.0
62,39,47,3,3,1,1,50.0
62,38,41,3,3,1,1,50.0
35,77,8,3,3,4,1,50.0
62,37,56,3,3,1,1,50.0
62,36,35,3,3,1,1,50.0
35,80,5,3,3,4,1,50.0
62,33,50,3,3,4,1,50.0
35,82,2,3,3,4,1,50.0
62,30,44,3,3,4,1,50.0
35,83,77,3,4,4,1,50.0
62,29,38,3,3,4,1,50.0
62,27,29,3,3,4,1,50.0
62,25,32,3,3,4,1,50.0
62,24,26,3,3,4,1,50.0
35,84,74,3,4,4,1,50.0
35,85,71,3,4,4,1,50.0
35,87,5,3,4,3,1,50.0
62,23,23,3,3,4,1,50.0
62,22,20,3,3,4,1,50.0
35,89,68,3,4,4,1,50.0
35,92,65,3,4,4,1,50.0
35,93,62,3,4,4,1,50.0
35,95,59,3,4,4,1,50.0
35,96,56,3,4,4,1,50.0
62,21,17,3,3,4,1,50.0
35,97,53,3,4,4,1,50.0
62,20,14,3,3,4,1,50.0
62,19,11,3,3,4,1,50.0
35,98,50,3,4,4,1,50.0
35,99,44,3,4,4,1,50.0
62,16,8,3,3,4,1,50.0
62,14,5,3,3,4,1,50.0
36,0,77,3,2,4,1,50.0
36,1,8,3,1,4,1,50.0
62,13,2,3,3,4,1,50.0
62,11,74,3,4,4,1,50.0
62,9,77,3,4,4,1,50.0
62,8,71,3,4,4,1,50.0
36,2,65,3,2,4,1,50.0
36,4,68,3,2,4,1,50.0
36,7,62,3,2,4,1,50.0
36,8,59,3,2,4,1,50.0
36,10,56,3,2,4,1,50.0
62,5,68,3,4,4,1,50.0
62,4,65,3,4,4,1,50.0
36,12,74,3,2,4,1,50.0
62,3,62,3,4,4,1,50.0
36,13,53,3,2,4,1,50.0
36,20,71,3,2,4,1,50.0
62,1,59,3,4,4,1,50.0
36,22,47,3,2,4,1,50.0
62,0,53,3,4,4,1,50.0
36,23,29,3,2,4,1,50.0
36,26,44,3,2,4,1,50.0
61,96,23,3,1,4,1,50.0
36,27,50,3,2,4,1,50.0
61,95,20,3,1,4,1,50.0
36,29,41,3,2,4,1,50.0
36,30,38,3,2,4,1,50.0
36,33,35,3,2,4,1,50.0
61,94,65,3,1,4,1,50.0
61,93,68,3,2,4,1,50.0
36,34,32,3,2,4,1,50.0
61,92,71,3,2,4,1,50.0
36,37,23,3,2,1,1,50.0
61,91,65,3,2,4,1,50.0
36,38,17,3,2,1,1,50.0
61,90,62,3,2,4,1,50.0
36,39,26,3,2,1,1,50.0
61,89,77,3,2,4,1,50.0
61,88,59,3,2,4,1,50.0
36,40,20,3,2,1,1,50.0
36,41,8,3,2,1,1,50.0
36,43,2,3,2,1,1,50.0
61,87,74,3,2,4,1,50.0
36,47,14,3,2,2,1,50.0
36,48,11,3,2,2,1,50.0
61,85,53,3,2,4,1,50.0
61,84,56,3,2,4,1,50.0
61,82,47,3,2,4,1,50.0
36,49,8,3,3,1,1,50.0
61,81,50,3,2,4,1,50.0
36,50,77,3,3,0,1,50.0
61,80,44,3,2,4,1,50.0
61,79,41,3,2,4,1,50.0
36,51,74,3,3,1,1,50.0
61,78,38,3,2,4,1,50.0
61,75,35,3,2,4,1,50.0
36,52,71,3,3,1,1,50.0
61,73,32,3,2,4,1,50.0
36,53,53,3,3,1,1,50.0
61,72,29,3,2,4,1,50.0
61,70,26,3,2,4,1,50.0
36,54,68,3,3,1,1,50.0
61,69,23,3,2,4,1,50.0
61,65,20,3,2,4,1,50.0
36,55,5,3,3,1,1,50.0
61,64,17,3,2,4,1,50.0
61,63,14,3,2,4,1,50.0
61,60,11,3,2,1,1,50.0
36,56,29,3,3,1,1,50.0
36,57,32,3,3,1,1,50.0
36,58,11,3,3,1,1,50.0
61,59,5,3,2,1,1,50.0
61,55,8,3,2,2,1,50.0
36,59,65,3,3,2,1,50.0
36,60,26,3,3,1,1,50.0
61,53,2,3,2,2,1,50.0
36,62,56,3,3,4,1,50.0
61,51,68,3,3,1,1,50.0
61,49,5,3,3,1,1,50.0
61,48,35,3,3,1,1,50.0
61,47,71,3,3,1,1,50.0
36,64,62,3,3,4,1,50.0
36,66,59,3,3,4,1,50.0
36,67,44,3,3,4,1,50.0
36,68,47,3,3,4,1,50.0
61,46,74,3,3,1,1,50.0
61,45,65,3,3,1,1,50.0
61,44,59,3,3,1,1,50.0
61,42,50,3,3,1,1,50.0
61,41,41,3,3,1,1,50.0
36,71,35,3,3,4,1,50.0
36,72,50,3,3,4,1,50.0
61,40,32,3,3,1,1,50.0
61,39,53,3,3,1,1,50.0
36,73,41,3,3,4,1,50.0
61,38,62,3,3,1,1,50.0
36,74,38,3,3,4,1,50.0
36,76,23,3,3,4,1,50.0
36,77,17,3,3,4,1,50.0
36,78,20,3,3,4,1,50.0
36,80,14,3,3,4,1,50.0
36,82,74,3,4,4,1,50.0
36,83,71,3,4,4,1,50.0
61,37,47,3,3,1,1,50.0
36,85,2,3,3,4,1,50.0
61,34,44,3,3,4,1,50.0
36,86,77,3,4,4,1,50.0
36,87,68,3,4,4,1,50.0
36,88,65,3,4,4,1,50.0
61,33,56,3,3,4,1,50.0
36,89,53,3,4,4,1,50.0
61,32,38,3,3,4,1,50.0
36,91,62,3,4,4,1,50.0
36,92,59,3,4,4,1,50.0
36,94,50,3,4,4,1,50.0
36,97,47,3,4,4,1,50.0
61,31,23,3,3,4,1,50.0
61,30,29,3,3,4,1,50.0
37,0,35,3,1,4,1,50.0
61,29,26,3,3,4,1,50.0
61,28,14,3,3,4,1,50.0
61,27,77,3,3,4,1,50.0
37,2,53,3,1,4,1,50.0
37,3,50,3,1,4,1,50.0
61,26,20,3,3,4,1,50.0
61,25,17,3,3,4,1,50.0
61,24,11,3,3,4,1,50.0
61,18,8,3,3,4,1,50.0
37,4,32,3,1,4,1,50.0
37,5,20,3,1,4,1,50.0
61,16,2,3,3,4,1,50.0
37,6,17,3,1,4,1,50.0
61,15,77,3,4,4,1,50.0
61,14,56,3,4,4,1,50.0
61,13,74,3,4,4,1,50.0
61,12,71,3,4,4,1,50.0
61,11,62,3,4,4,1,50.0
37,7,68,3,2,4,1,50.0
37,8,65,3,2,4,1,50.0
37,9,74,3,2,4,1,50.0
37,11,2,3,1,4,1,50.0
37,12,14,3,1,4,1,50.0
61,9,68,3,4,4,1,50.0
61,6,65,3,4,4,1,50.0
61,5,53,3,4,4,1,50.0
61,4,47,3,4,4,1,50.0
37,13,59,3,2,4,1,50.0
61,3,44,3,4,4,1,50.0
61,1,41,3,4,4,1,50.0
37,15,62,3,2,4,1,50.0
60,97,20,3,1,4,1,50.0
37,16,77,3,2,4,1,50.0
37,17,71,3,2,4,1,50.0
37,18,56,3,2,4,1,50.0
37,19,41,3,2,4,1,50.0
37,21,53,3,2,4,1,50.0
37,22,35,3,2,4,1,50.0
60,96,29,3,1,4,1,50.0
60,95,8,3,1,4,1,50.0
37,23,26,3,2,4,1,50.0
60,94,2,3,1,4,1,50.0
60,93,5,3,1,4,1,50.0
60,92,68,3,2,4,1,50.0
37,24,38,3,2,4,1,50.0
60,91,56,3,2,4,1,50.0
37,25,44,3,2,4,1,50.0
60,90,65,3,2,4,1,50.0
60,89,74,3,2,4,1,50.0
37,27,47,3,2,4,1,50.0
60,84,77,3,2,4,1,50.0
60,83,62,3,2,4,1,50.0
37,28,32,3,2,4,1,50.0
60,82,71,3,2,4,1,50.0
60,81,47,3,2,4,1,50.0
37,29,23,3,2,4,1,50.0
37,30,20,3,2,4,1,50.0
60,80,59,3,2,4,1,50.0
37,31,14,3,2,4,1,50.0
60,78,50,3,2,4,1,50.0
60,75,53,3,2,4,1,50.0
60,73,44,3,2,4,1,50.0
60,72,41,3,2,4,1,50.0
37,33,29,3,2,4,1,50.0
60,71,32,3,2,4,1,50.0
37,38,5,3,2,1,1,50.0
60,69,35,3,2,4,1,50.0
37,39,17,3,2,1,1,50.0
60,68,38,3,2,4,1,50.0
37,42,50,3,2,2,1,50.0
37,43,11,3,2,2,1,50.0
60,67,29,3,2,4,1,50.0
60,66,26,3,2,4,1,50.0
60,65,23,3,2,4,1,50.0
37,44,8,3,2,1,1,50.0
60,64,20,3,2,4,1,50.0
37,45,2,3,2,1,1,50.0
37,46,71,3,3,1,1,50.0
37,47,65,3,3,1,1,50.0
37,48,5,3,3,1,1,50.0
60,63,17,3,2,4,1,50.0
60,62,14,3,2,4,1,50.0
37,49,2,3,3,1,1,50.0
60,59,11,3,2,2,1,50.0
60,57,8,3,2,1,1,50.0
60,55,5,3,2,2,1,50.0
37,50,77,3,3,1,1,50.0
60,54,2,3,2,1,1,50.0
60,53,71,3,3,1,1,50.0
60,52,77,3,3,1,1,50.0
37,51,59,3,3,1,1,50.0
60,50,74,3,3,1,1,50.0
60,49,68,3,3,2,1,50.0
37,52,74,3,3,1,1,50.0
37,53,38,3,3,1,1,50.0
37,54,56,3,3,1,1,50.0
37,56,23,3,3,1,1,50.0
60,48,2,3,3,1,1,50.0
60,45,62,3,3,1,1,50.0
37,58,8,3,3,1,1,50.0
37,61,50,3,3,4,1,50.0
60,44,53,3,3,1,1,50.0
37,63,53,3,3,4,1,50.0
37,66,62,3,3,4,1,50.0
37,67,41,3,3,4,1,50.0
60,39,44,3,3,1,1,50.0
37,69,68,3,3,4,1,50.0
37,70,47,3,3,4,1,50.0
37,71,44,3,3,4,1,50.0
37,72,32,3,3,4,1,50.0
37,73,35,3,3,4,1,50.0
37,74,29,3,3,4,1,50.0
37,75,26,3,3,4,1,50.0
60,38,38,3,3,1,1,50.0
60,37,20,3,3,3,1,50.0
60,32,59,3,3,4,1,50.0
60,31,65,3,3,4,1,50.0
60,29,56,3,3,4,1,50.0
60,28,47,3,3,4,1,50.0
37,76,17,3,3,4,1,50.0
37,78,14,3,3,4,1,50.0
60,27,17,3,3,4,1,50.0
60,26,35,3,3,4,1,50.0
37,79,11,3,3,4,1,50.0
37,80,77,3,4,4,1,50.0
60,25,41,3,3,4,1,50.0
60,24,23,3,3,4,1,50.0
60,22,32,3,3,4,1,50.0
37,81,74,3,4,4,1,50.0
37,82,68,3,4,4,1,50.0
37,83,59,3,4,4,1,50.0
37,84,65,3,4,4,1,50.0
37,85,62,3,4,4,1,50.0
60,21,14,3,3,4,1,50.0
60,20,29,3,3,4,1,50.0
37,87,56,3,4,4,1,50.0
60,19,26,3,3,4,1,50.0
60,18,11,3,3,4,1,50.0
60,16,50,3,3,4,1,50.0
60,15,8,3,3,4,1,50.0
60,12,5,3,3,4,1,50.0
37,90,53,3,4,4,1,50.0
60,11,71,3,4,4,1,50.0
60,10,65,3,4,4,1,50.0
37,92,50,3,4,4,1,50.0
60,9,62,3,4,4,1,50.0
37,93,44,3,4,4,1,50.0
60,8,68,3,4,4,1,50.0
37,94,71,3,4,4,1,50.0
60,6,59,3,4,4,1,50.0
60,5,77,3,4,4,1,50.0
60,4,53,3,4,4,1,50.0
60,3,74,3,4,4,1,50.0
60,2,56,3,4,4,1,50.0
37,95,47,3,4,4,1,50.0
37,96,41,3,4,4,1,50.0
37,97,38,3,4,4,1,50.0
59,99,59,3,2,4,1,50.0
38,0,23,3,1,4,1,50.0
38,1,14,3,1,4,1,50.0
59,97,68,3,2,4,1,50.0
38,2,35,3,1,4,1,50.0
59,96,62,3,2,4,1,50.0
38,7,59,3,2,4,1,50.0
38,9,71,3,2,4,1,50.0
38,12,77,3,2,4,1,50.0
38,13,65,3,2,4,1,50.0
38,15,2,3,1,4,1,50.0
38,16,68,3,2,4,1,50.0
59,95,71,3,1,4,1,50.0
38,17,74,3,2,4,1,50.0
38,18,62,3,2,4,1,50.0
38,19,56,3,2,4,1,50.0
59,90,56,3,2,4,1,50.0
38,20,38,3,2,4,1,50.0
59,89,71,3,2,4,1,50.0
59,86,50,3,2,4,1,50.0
59,84,53,3,2,4,1,50.0
38,23,20,3,2,4,1,50.0
59,81,77,3,2,4,1,50.0
38,24,53,3,2,4,1,50.0
59,80,74,3,2,4,1,50.0
59,76,38,3,2,4,1,50.0
38,25,35,3,2,4,1,50.0
38,26,32,3,2,4,1,50.0
59,74,47,3,2,4,1,50.0
59,73,29,3,2,4,1,50.0
59,70,44,3,2,4,1,50.0
38,29,44,3,2,4,1,50.0
59,69,41,3,2,4,1,50.0
59,68,35,3,2,4,1,50.0
38,30,41,3,2,4,1,50.0
38,31,47,3,2,4,1,50.0
59,67,26,3,2,4,1,50.0
38,33,26,3,2,4,1,50.0
38,34,50,3,2,4,1,50.0
38,36,29,3,2,4,1,50.0
38,37,23,3,2,4,1,50.0
59,66,23,3,2,4,1,50.0
59,65,32,3,2,4,1,50.0
59,64,14,3,2,4,1,50.0
38,39,11,3,2,1,1,50.0
59,63,20,3,2,4,1,50.0
59,62,17,3,2,4,1,50.0
38,40,17,3,2,1,1,50.0
59,60,8,3,2,4,1,50.0
59,58,2,3,2,1,1,50.0
38,41,14,3,2,2,1,50.0
38,43,8,3,2,2,1,50.0
38,44,5,3,2,1,1,50.0
38,46,2,3,2,2,1,50.0
38,47,62,3,3,1,1,50.0
59,57,5,3,2,2,1,50.0
38,48,77,3,3,2,1,50.0
38,49,74,3,3,2,1,50.0
38,50,68,3,3,1,1,50.0
59,56,74,3,3,1,1,50.0
38,51,53,3,3,1,1,50.0
59,55,77,3,3,1,1,50.0
59,54,71,3,3,1,1,50.0
59,53,35,3,3,1,1,50.0
59,52,68,3,3,1,1,50.0
59,51,41,3,3,1,1,50.0
59,49,65,3,3,2,1,50.0
59,46,62,3,3,1,1,50.0
59,44,50,3,3,1,1,50.0
59,42,47,3,3,1,1,50.0
38,52,65,3,3,1,1,50.0
59,40,23,3,3,1,1,50.0
38,54,47,3,3,1,1,50.0
38,56,71,3,3,1,1,50.0
38,57,26,3,3,1,1,50.0
59,35,38,3,3,4,1,50.0
38,59,59,3,3,3,1,50.0
38,60,50,3,3,4,1,50.0
38,61,38,3,3,4,1,50.0
38,62,44,3,3,4,1,50.0
59,34,53,3,3,4,1,50.0
38,63,41,3,3,4,1,50.0
38,64,35,3,3,4,1,50.0
38,65,56,3,3,4,1,50.0
59,32,44,3,3,4,1,50.0
59,29,32,3,3,4,1,50.0
59,28,29,3,3,4,1,50.0
38,66,29,3,3,4,1,50.0
59,26,26,3,3,4,1,50.0
38,67,23,3,3,4,1,50.0
59,25,56,3,3,4,1,50.0
59,24,20,3,3,4,1,50.0
59,23,17,3,3,4,1,50.0
59,22,11,3,3,4,1,50.0
59,20,5,3,3,4,1,50.0
38,68,32,3,3,4,1,50.0
38,69,20,3,3,4,1,50.0
59,19,14,3,3,4,1,50.0
59,18,2,3,3,4,1,50.0
59,16,71,3,4,4,1,50.0
59,15,68,3,4,4,1,50.0
59,12,65,3,4,4,1,50.0
38,71,14,3,3,4,1,50.0
59,10,62,3,4,4,1,50.0
38,73,17,3,3,4,1,50.0
38,74,11,3,3,4,1,50.0
59,9,59,3,4,4,1,50.0
59,8,8,3,3,4,1,50.0
59,7,56,3,4,4,1,50.0
38,76,5,3,3,4,1,50.0
59,6,53,3,4,4,1,50.0
38,77,2,3,3,4,1,50.0
59,5,50,3,4,4,1,50.0
38,80,8,3,3,4,1,50.0
59,4,44,3,4,4,1,50.0
59,3,47,3,4,4,1,50.0
59,2,41,3,4,4,1,50.0
59,0,38,3,4,4,1,50.0
58,99,53,3,2,4,1,50.0
38,82,65,3,4,4,1,50.0
38,84,68,3,4,4,1,50.0
38,85,77,3,4,4,1,50.0
38,86,71,3,4,4,1,50.0
58,98,68,3,2,4,1,50.0
38,87,62,3,4,4,1,50.0
58,97,65,3,2,4,1,50.0
38,90,59,3,4,4,1,50.0
58,96,59,3,2,4,1,50.0
58,93,38,3,2,4,1,50.0
38,92,56,3,4,4,1,50.0
58,92,62,3,2,4,1,50.0
58,91,50,3,2,4,1,50.0
58,90,47,3,2,4,1,50.0
58,89,44,3,2,4,1,50.0
58,88,77,3,1,4,1,50.0
58,87,41,3,2,4,1,50.0
38,94,74,3,4,4,1,50.0
38,97,50,3,4,4,1,50.0
58,86,56,3,2,4,1,50.0
38,98,47,3,4,4,1,50.0
58,85,74,3,2,4,1,50.0
38,99,41,3,4,4,1,50.0
58,84,32,3,2,4,1,50.0
58,82,35,3,2,4,1,50.0
58,81,71,3,2,4,1,50.0
39,1,68,3,1,4,1,50.0
39,2,38,3,1,4,1,50.0
39,3,41,3,1,4,1,50.0
39,5,35,3,1,4,1,50.0
39,6,23,3,1,4,1,50.0
58,80,29,3,2,4,1,50.0
39,7,50,3,2,4,1,50.0
58,79,26,3,2,4,1,50.0
58,76,77,3,2,4,1,50.0
39,8,62,3,2,4,1,50.0
39,11,59,3,2,4,1,50.0
58,75,23,3,2,4,1,50.0
58,74,14,3,2,4,1,50.0
39,12,56,3,2,4,1,50.0
58,72,20,3,2,4,1,50.0
58,71,11,3,2,4,1,50.0
58,70,17,3,2,4,1,50.0
58,69,8,3,2,4,1,50.0
39,13,47,3,2,4,1,50.0
39,14,77,3,2,4,1,50.0
39,16,65,3,2,4,1,50.0
58,68,5,3,2,4,1,50.0
58,67,2,3,2,4,1,50.0
39,19,74,3,2,4,1,50.0
58,66,77,3,3,4,1,50.0
39,21,71,3,2,4,1,50.0
58,65,68,3,3,4,1,50.0
58,64,59,3,3,4,1,50.0
58,63,50,3,3,4,1,50.0
58,62,47,3,3,4,1,50.0
39,22,68,3,2,4,1,50.0
39,23,14,3,2,4,1,50.0
39,25,38,3,2,4,1,50.0
39,26,29,3,2,4,1,50.0
58,61,35,3,3,4,1,50.0
39,27,44,3,2,4,1,50.0
39,29,35,3,2,4,1,50.0
39,30,53,3,2,4,1,50.0
39,31,41,3,2,4,1,50.0
58,60,44,3,3,4,1,50.0
39,32,32,3,2,4,1,50.0
58,59,74,3,3,4,1,50.0
58,57,20,3,3,1,1,50.0
39,33,23,3,2,4,1,50.0
58,56,14,3,3,1,1,50.0
58,55,71,3,3,2,1,50.0
58,51,5,3,3,1,1,50.0
39,35,26,3,2,4,1,50.0
58,50,62,3,3,1,1,50.0
58,49,56,3,3,2,1,50.0
58,48,65,3,3,2,1,50.0
58,42,41,3,3,1,1,50.0
58,40,53,3,3,2,1,50.0
39,36,20,3,2,4,1,50.0
58,39,17,3,3,2,1,50.0
58,38,38,3,3,4,1,50.0
58,37,32,3,3,4,1,50.0
58,35,29,3,3,4,1,50.0
39,38,11,3,2,4,1,50.0
58,34,26,3,3,4,1,50.0
39,40,5,3,2,2,1,50.0
58,33,11,3,3,4,1,50.0
58,32,2,3,3,4,1,50.0
39,41,50,3,3,1,1,50.0
58,30,23,3,3,4,1,50.0
58,28,8,3,3,4,1,50.0
58,25,77,3,4,4,1,50.0
58,24,71,3,4,3,1,50.0
58,22,74,3,4,4,1,50.0
58,21,68,3,4,4,1,50.0
39,42,32,3,3,1,1,50.0
58,19,65,3,4,4,1,50.0
39,43,74,3,3,1,1,50.0
39,44,2,3,3,1,1,50.0
39,46,65,3,3,1,1,50.0
39,47,56,3,3,1,1,50.0
58,18,59,3,4,4,1,50.0
39,48,71,3,3,2,1,50.0
39,50,47,3,3,1,1,50.0
39,51,77,3,3,2,1,50.0
39,52,5,3,3,1,1,50.0
39,53,17,3,3,1,1,50.0
58,13,56,3,4,4,1,50.0
39,55,68,3,3,2,1,50.0
58,12,62,3,4,4,1,50.0
39,58,53,3,3,4,1,50.0
58,11,50,3,4,4,1,50.0
58,6,47,3,4,4,1,50.0
39,59,35,3,3,4,1,50.0
39,61,59,3,3,4,1,50.0
58,5,44,3,4,4,1,50.0
58,3,38,3,4,4,1,50.0
58,2,32,3,4,4,1,50.0
39,65,62,3,3,4,1,50.0
39,68,44,3,3,4,1,50.0
58,0,41,3,4,4,1,50.0
39,69,29,3,3,4,1,50.0
39,70,20,3,3,4,1,50.0
57,98,11,3,1,4,1,50.0
57,96,2,3,1,4,1,50.0
39,72,38,3,3,4,1,50.0
39,73,26,3,3,4,1,50.0
57,95,68,3,2,4,1,50.0
39,74,23,3,3,4,1,50.0
39,75,11,3,3,4,1,50.0
39,78,8,3,3,4,1,50.0
57,94,77,3,2,4,1,50.0
57,92,47,3,2,4,1,50.0
57,91,53,3,2,4,1,50.0
57,88,71,3,2,4,1,50.0
57,87,65,3,2,4,1,50.0
57,86,59,3,2,4,1,50.0
39,79,14,3,3,4,1,50.0
39,80,41,3,3,4,1,50.0
39,81,68,3,4,4,1,50.0
57,85,50,3,2,4,1,50.0
39,83,74,3,4,4,1,50.0
39,84,59,3,4,4,1,50.0
57,84,29,3,2,4,1,50.0
57,83,56,3,2,4,1,50.0
57,81,62,3,2,4,1,50.0
39,85,65,3,4,4,1,50.0
39,86,47,3,4,4,1,50.0
57,80,38,3,2,4,1,50.0
39,87,50,3,4,4,1,50.0
39,88,62,3,4,4,1,50.0
57,79,74,3,2,4,1,50.0
57,78,44,3,2,4,1,50.0
39,89,35,3,4,4,1,50.0
39,90,32,3,4,4,1,50.0
39,91,41,3,4,4,1,50.0
39,92,44,3,4,4,1,50.0
39,93,53,3,4,4,1,50.0
57,77,32,3,2,4,1,50.0
57,74,35,3,2,4,1,50.0
57,72,23,3,2,4,1,50.0
57,70,11,3,2,4,1,50.0
39,95,56,3,4,4,1,50.0
57,68,41,3,2,4,1,50.0
39,96,38,3,4,4,1,50.0
57,66,20,3,2,4,1,50.0
57,65,26,3,2,4,1,50.0
39,97,26,3,4,4,1,50.0
57,64,8,3,2,4,1,50.0
57,62,2,3,2,4,1,50.0
39,98,29,3,4,4,1,50.0
57,60,17,3,2,4,1,50.0
40,1,77,3,2,4,1,50.0
40,2,62,3,2,4,1,50.0
40,3,68,3,2,4,1,50.0
40,4,41,3,2,4,1,50.0
40,6,71,3,2,4,1,50.0
40,8,56,3,2,4,1,50.0
40,9,65,3,2,4,1,50.0
40,18,44,3,2,4,1,50.0
57,59,14,3,2,4,1,50.0
57,58,35,3,3,4,1,50.0
40,19,59,3,2,4,1,50.0
40,20,74,3,2,4,1,50.0
40,23,11,3,2,4,1,50.0
57,54,77,3,3,0,1,50.0
40,24,17,3,2,4,1,50.0
57,48,74,3,3,2,1,50.0
40,26,38,3,2,4,1,50.0
57,46,56,3,3,1,1,50.0
40,27,20,3,2,4,1,50.0
57,45,59,3,3,1,1,50.0
40,30,35,3,2,4,1,50.0
40,33,47,3,2,4,1,50.0
57,43,68,3,3,1,1,50.0
40,34,29,3,2,4,1,50.0
57,42,29,3,3,1,1,50.0
57,41,26,3,3,1,1,50.0
57,40,50,3,3,2,1,50.0
57,39,71,3,3,4,1,50.0
40,35,32,3,2,4,1,50.0
57,38,53,3,3,4,1,50.0
40,36,26,3,2,4,1,50.0
57,36,44,3,3,4,1,50.0
40,38,23,3,2,4,1,50.0
40,39,8,3,2,4,1,50.0
57,35,47,3,3,4,1,50.0
57,34,41,3,3,4,1,50.0
57,33,38,3,3,4,1,50.0
40,42,77,3,3,2,1,50.0
40,43,62,3,3,1,1,50.0
40,44,74,3,3,2,1,50.0
57,32,62,3,3,4,1,50.0
57,30,65,3,3,4,1,50.0
57,29,20,3,3,4,1,50.0
57,28,23,3,3,4,1,50.0
40,46,41,3,3,1,1,50.0
57,25,14,3,3,4,1,50.0
40,48,68,3,3,2,1,50.0
57,24,8,3,3,4,1,50.0
57,23,5,3,3,4,1,50.0
57,22,17,3,3,4,1,50.0
57,21,11,3,3,4,1,50.0
57,20,32,3,3,4,1,50.0
40,49,71,3,3,2,1,50.0
57,18,77,3,4,4,1,50.0
57,17,2,3,3,4,1,50.0
57,16,56,3,4,4,1,50.0
40,50,56,3,3,1,1,50.0
57,14,47,3,4,4,1,50.0
57,13,50,3,4,4,1,50.0
40,51,65,3,3,2,1,50.0
57,12,59,3,4,4,1,50.0
57,11,53,3,4,4,1,50.0
57,10,41,3,4,4,1,50.0
40,53,14,3,3,1,1,50.0
40,55,59,3,3,2,1,50.0
57,8,44,3,4,4,1,50.0
40,56,11,3,3,1,1,50.0
57,6,68,3,4,4,1,50.0
40,57,38,3,3,4,1,50.0
57,3,65,3,4,4,1,50.0
40,58,29,3,3,4,1,50.0
57,2,23,3,4,4,1,50.0
40,59,32,3,3,4,1,50.0
57,1,74,3,4,4,1,50.0
57,0,32,3,4,4,1,50.0
40,60,47,3,3,4,1,50.0
56,99,2,3,1,4,1,50.0
56,97,59,3,2,4,1,50.0
40,61,26,3,3,4,1,50.0
40,64,53,3,3,4,1,50.0
40,65,44,3,3,4,1,50.0
40,66,35,3,3,4,1,50.0
40,67,20,3,3,4,1,50.0
40,68,23,3,3,4,1,50.0
56,95,53,3,2,4,1,50.0
40,70,8,3,3,4,1,50.0
56,94,62,3,2,4,1,50.0
56,93,65,3,2,4,1,50.0
56,92,41,3,2,4,1,50.0
40,71,5,3,3,4,1,50.0
56,90,68,3,2,4,1,50.0
56,88,56,3,2,4,1,50.0
56,87,44,3,2,4,1,50.0
56,86,35,3,2,4,1,50.0
56,85,47,3,2,4,1,50.0
56,84,50,3,2,4,1,50.0
56,81,38,3,2,4,1,50.0
56,80,71,3,2,4,1,50.0
56,79,32,3,2,4,1,50.0
40,72,17,3,3,4,1,50.0
40,73,2,3,3,4,1,50.0
40,77,77,3,4,4,1,50.0
56,78,29,3,2,4,1,50.0
56,77,26,3,2,4,1,50.0
56,76,20,3,2,4,1,50.0
56,75,8,3,2,4,1,50.0
56,74,5,3,2,4,1,50.0
56,73,77,3,2,4,1,50.0
40,78,71,3,4,4,1,50.0
56,72,14,3,2,4,1,50.0
56,71,23,3,2,4,1,50.0
40,79,68,3,4,4,1,50.0
56,70,2,3,2,4,1,50.0
40,81,65,3,4,4,1,50.0
56,69,74,3,2,4,1,50.0
56,68,17,3,2,4,1,50.0
56,67,11,3,2,4,1,50.0
40,83,47,3,4,4,1,50.0
40,84,26,3,4,4,1,50.0
40,86,41,3,4,4,1,50.0
56,65,65,3,3,4,1,50.0
56,63,44,3,3,4,1,50.0
40,87,38,3,4,4,1,50.0
40,88,53,3,4,4,1,50.0
40,89,50,3,3,4,1,50.0
56,62,50,3,3,4,1,50.0
40,91,35,3,4,4,1,50.0
40,92,32,3,4,4,1,50.0
56,59,77,3,3,4,1,50.0
40,94,59,3,4,4,1,50.0
56,57,71,3,3,4,1,50.0
56,54,41,3,3,1,1,50.0
56,52,74,3,3,2,1,50.0
56,51,68,3,3,2,1,50.0
40,96,50,3,4,4,1,50.0
56,49,62,3,3,2,1,50.0
56,48,59,3,3,2,1,50.0
40,97,44,3,4,4,1,50.0
40,98,56,3,4,4,1,50.0
41,0,29,3,1,4,1,50.0
41,3,17,3,1,4,1,50.0
41,4,38,3,2,4,1,50.0
41,5,71,3,2,4,1,50.0
41,6,62,3,2,4,1,50.0
41,7,47,3,2,4,1,50.0
41,11,56,3,2,4,1,50.0
56,47,53,3,3,1,1,50.0
41,13,44,3,2,4,1,50.0
41,15,53,3,2,4,1,50.0
56,46,38,3,3,1,1,50.0
41,16,41,3,2,4,1,50.0
56,45,56,3,3,1,1,50.0
56,44,47,3,3,2,1,50.0
41,17,68,3,2,4,1,50.0
41,18,65,3,2,4,1,50.0
56,43,29,3,3,1,1,50.0
56,41,35,3,3,2,1,50.0
41,19,32,3,2,4,1,50.0
41,20,77,3,2,4,1,50.0
41,21,74,3,2,4,1,50.0
56,37,26,3,3,4,1,50.0
56,36,32,3,3,4,1,50.0
41,22,26,3,2,4,1,50.0
41,23,59,3,2,4,1,50.0
41,24,5,3,2,4,1,50.0
41,26,23,3,2,4,1,50.0
56,34,23,3,3,4,1,50.0
56,33,17,3,3,4,1,50.0
56,32,20,3,3,4,1,50.0
41,28,11,3,2,4,1,50.0
41,30,17,3,2,4,1,50.0
41,32,50,3,2,4,1,50.0
56,31,11,3,3,4,1,50.0
56,29,14,3,3,4,1,50.0
56,25,8,3,3,4,1,50.0
56,22,5,3,3,4,1,50.0
56,19,2,3,3,4,1,50.0
56,18,68,3,4,4,1,50.0
41,33,8,3,2,4,1,50.0
41,35,20,3,2,4,1,50.0
41,36,2,3,2,4,1,50.0
56,17,65,3,4,4,1,50.0
41,37,29,3,2,4,1,50.0
56,16,53,3,4,4,1,50.0
41,38,44,3,3,4,1,50.0
56,15,56,3,4,4,1,50.0
41,40,74,3,3,4,1,50.0
41,44,77,3,3,2,1,50.0
56,13,41,3,4,4,1,50.0
41,45,47,3,3,1,1,50.0
56,12,50,3,4,4,1,50.0
41,46,71,3,3,2,1,50.0
56,11,47,3,4,4,1,50.0
41,47,50,3,3,1,1,50.0
56,9,38,3,4,4,1,50.0
41,48,62,3,3,2,1,50.0
41,49,59,3,3,2,1,50.0
41,50,38,3,3,1,1,50.0
41,51,56,3,3,2,1,50.0
41,52,68,3,3,2,1,50.0
41,53,65,3,3,2,1,50.0
41,55,53,3,3,2,1,50.0
56,7,44,3,4,4,1,50.0
41,59,29,3,3,4,1,50.0
41,60,41,3,3,4,1,50.0
41,63,35,3,3,4,1,50.0
56,6,35,3,4,4,1,50.0
41,64,32,3,3,4,1,50.0
56,5,62,3,4,4,1,50.0
56,3,32,3,4,4,1,50.0
56,1,29,3,4,4,1,50.0
56,0,59,3,4,4,1,50.0
55,99,35,3,2,4,1,50.0
41,65,17,3,3,4,1,50.0
41,67,14,3,3,4,1,50.0
55,94,47,3,2,4,1,50.0
55,93,32,3,2,4,1,50.0
41,68,26,3,3,4,1,50.0
41,69,11,3,3,4,1,50.0
55,92,38,3,2,4,1,50.0
55,90,50,3,2,4,1,50.0
55,89,29,3,2,4,1,50.0
41,70,5,3,3,4,1,50.0
55,88,26,3,2,4,1,50.0
55,87,23,3,2,4,1,50.0
41,71,8,3,3,4,1,50.0
41,72,2,3,3,4,1,50.0
41,73,74,3,4,4,1,50.0
55,83,44,3,2,4,1,50.0
55,82,17,3,2,4,1,50.0
41,75,20,3,3,4,1,50.0
55,81,41,3,2,4,1,50.0
41,76,68,3,4,4,1,50.0
41,77,65,3,4,4,1,50.0
41,78,23,3,3,4,1,50.0
55,80,65,3,2,4,1,50.0
41,80,62,3,4,4,1,50.0
55,79,62,3,2,4,1,50.0
41,81,44,3,4,4,1,50.0
55,78,56,3,2,4,1,50.0
41,82,53,3,4,4,1,50.0
55,77,11,3,2,4,1,50.0
41,83,35,3,4,4,1,50.0
41,84,47,3,4,4,1,50.0
55,76,2,3,2,4,1,50.0
41,85,38,3,4,4,1,50.0
55,74,65,3,3,4,1,50.0
41,87,26,3,4,4,1,50.0
41,88,23,3,4,4,1,50.0
55,72,68,3,3,4,1,50.0
55,71,53,3,3,4,1,50.0
55,70,56,3,3,4,1,50.0
55,68,74,3,2,4,1,50.0
55,66,14,3,2,4,1,50.0
41,89,32,3,4,4,1,50.0
41,90,29,3,4,4,1,50.0
41,91,20,3,4,4,1,50.0
55,64,77,3,2,4,1,50.0
41,92,8,3,4,4,1,50.0
55,63,38,3,3,4,1,50.0
41,93,17,3,4,4,1,50.0
55,62,41,3,3,4,1,50.0
41,96,14,3,4,4,1,50.0
55,61,32,3,3,4,1,50.0
55,59,26,3,3,4,1,50.0
55,58,23,3,3,4,1,50.0
55,57,62,3,3,4,1,50.0
41,97,41,3,4,4,1,50.0
55,56,77,3,3,4,1,50.0
55,54,8,3,3,1,1,50.0
55,53,74,3,3,2,1,50.0
41,98,59,3,4,4,1,50.0
41,99,11,3,4,4,1,50.0
55,51,71,3,3,2,1,50.0
42,1,65,3,2,4,1,50.0
55,50,44,3,3,1,1,50.0
42,2,59,3,2,4,1,50.0
42,3,56,3,2,4,1,50.0
42,4,35,3,2,4,1,50.0
42,5,47,3,2,4,1,50.0
42,6,44,3,2,4,1,50.0
55,49,50,3,3,2,1,50.0
42,7,41,3,2,4,1,50.0
55,48,47,3,3,2,1,50.0
42,9,53,3,2,4,1,50.0
42,11,38,3,2,4,1,50.0
55,47,59,3,3,2,1,50.0
55,46,35,3,3,2,1,50.0
55,45,29,3,3,1,1,50.0
55,43,20,3,3,2,1,50.0
42,13,23,3,2,4,1,50.0
55,42,17,3,3,2,1,50.0
55,40,14,3,3,4,1,50.0
55,38,5,3,3,4,1,50.0
42,14,29,3,2,4,1,50.0
55,35,11,3,3,4,1,50.0
42,16,26,3,2,4,1,50.0
55,34,47,3,4,4,1,50.0
42,17,20,3,2,4,1,50.0
42,21,62,3,2,4,1,50.0
42,22,71,3,2,4,1,50.0
55,32,68,3,4,4,1,50.0
55,29,2,3,3,4,1,50.0
42,23,74,3,2,4,1,50.0
42,25,5,3,2,4,1,50.0
42,26,68,3,2,4,1,50.0
55,28,59,3,4,4,1,50.0
55,25,71,3,4,4,1,50.0
55,24,77,3,4,4,1,50.0
42,27,14,3,2,4,1,50.0
55,23,65,3,4,4,1,50.0
55,18,38,3,4,4,1,50.0
55,17,50,3,4,4,1,50.0
55,16,23,3,4,4,1,50.0
42,28,2,3,2,4,1,50.0
42,29,8,3,2,4,1,50.0
55,15,35,3,4,4,1,50.0
42,30,68,3,3,4,1,50.0
42,31,32,3,2,4,1,50.0
55,10,53,3,4,4,1,50.0
55,9,56,3,4,4,1,50.0
55,8,41,3,4,4,1,50.0
42,32,53,3,3,4,1,50.0
42,35,41,3,3,4,1,50.0
55,7,32,3,4,4,1,50.0
42,36,56,3,3,4,1,50.0
42,37,35,3,3,4,1,50.0
42,39,77,3,3,4,1,50.0
55,6,29,3,4,4,1,50.0
55,5,26,3,4,4,1,50.0
42,40,62,3,3,4,1,50.0
55,3,20,3,4,4,1,50.0
42,43,50,3,3,1,1,50.0
42,44,71,3,3,2,1,50.0
55,1,44,3,4,4,1,50.0
55,0,14,3,4,4,1,50.0
54,98,65,3,2,4,1,50.0
54,97,32,3,1,4,1,50.0
54,95,41,3,2,4,1,50.0
42,45,74,3,3,1,1,50.0
42,46,65,3,3,2,1,50.0
54,94,53,3,2,4,1,50.0
54,92,35,3,2,4,1,50.0
54,89,47,3,2,4,1,50.0
42,47,44,3,3,1,1,50.0
42,50,59,3,3,2,1,50.0
54,88,68,3,2,4,1,50.0
42,51,47,3,3,2,1,50.0
42,53,38,3,3,2,1,50.0
42,54,32,3,3,2,1,50.0
54,86,26,3,2,4,1,50.0
42,56,26,3,3,4,1,50.0
54,83,29,3,2,4,1,50.0
54,82,23,3,2,4,1,50.0
54,81,17,3,2,4,1,50.0
42,57,29,3,3,4,1,50.0
54,80,20,3,2,4,1,50.0
42,60,23,3,3,4,1,50.0
54,79,71,3,2,4,1,50.0
54,78,62,3,2,4,1,50.0
54,76,59,3,2,4,1,50.0
42,61,20,3,3,4,1,50.0
54,75,56,3,2,4,1,50.0
54,74,50,3,2,4,1,50.0
42,62,11,3,3,4,1,50.0
54,73,14,3,2,4,1,50.0
54,71,2,3,2,4,1,50.0
42,65,14,3,3,4,1,50.0
42,66,17,3,3,4,1,50.0
42,67,8,3,3,4,1,50.0
54,69,5,3,2,4,1,50.0
54,68,11,3,2,4,1,50.0
42,68,2,3,3,4,1,50.0
42,69,65,3,4,4,1,50.0
42,72,5,3,3,4,1,50.0
42,73,71,3,4,4,1,50.0
54,67,38,3,2,4,1,50.0
42,74,62,3,4,4,1,50.0
54,66,44,3,2,4,1,50.0
54,65,8,3,2,4,1,50.0
54,64,50,3,3,4,1,50.0
42,76,56,3,4,4,1,50.0
54,63,32,3,3,4,1,50.0
54,62,38,3,3,4,1,50.0
42,77,68,3,4,4,1,50.0
54,61,29,3,3,4,1,50.0
42,79,59,3,4,4,1,50.0
54,60,35,3,3,4,1,50.0
42,80,35,3,4,4,1,50.0
42,81,32,3,4,4,1,50.0
42,83,26,3,4,4,1,50.0
42,86,23,3,4,4,1,50.0
54,59,23,3,3,4,1,50.0
54,57,26,3,3,4,1,50.0
54,56,74,3,2,4,1,50.0
54,55,74,3,3,4,1,50.0
42,88,47,3,4,4,1,50.0
42,89,20,3,4,4,1,50.0
54,53,77,3,1,2,1,50.0
54,52,77,3,2,2,1,50.0
54,51,62,3,3,2,1,50.0
42,90,14,3,4,4,1,50.0
54,50,77,3,3,2,1,50.0
54,47,41,3,3,1,1,50.0
54,45,44,3,3,1,1,50.0
54,44,68,3,3,2,1,50.0
42,93,29,3,4,4,1,50.0
54,43,56,3,3,1,1,50.0
54,42,53,3,3,4,1,50.0
54,40,20,3,3,4,1,50.0
54,39,17,3,3,4,1,50.0
42,94,44,3,4,4,1,50.0
42,95,38,3,4,4,1,50.0
54,38,14,3,3,4,1,50.0
42,96,17,3,4,4,1,50.0
42,98,8,3,4,4,1,50.0
54,37,11,3,3,4,1,50.0
42,99,5,3,4,4,1,50.0
54,36,8,3,3,4,1,50.0
43,1,53,3,1,4,1,50.0
43,2,47,3,2,4,1,50.0
43,5,65,3,2,4,1,50.0
54,35,2,3,3,4,1,50.0
43,7,38,3,2,4,1,50.0
43,10,59,3,2,4,1,50.0
54,34,38,3,4,4,1,50.0
43,12,53,3,2,4,1,50.0
54,31,5,3,3,4,1,50.0
43,16,5,3,2,4,1,50.0
43,17,44,3,2,4,1,50.0
54,28,44,3,4,4,1,50.0
43,18,29,3,2,4,1,50.0
54,25,62,3,4,4,1,50.0
43,19,71,3,2,4,1,50.0
43,20,68,3,2,4,1,50.0
54,24,71,3,3,4,1,50.0
43,21,2,3,2,4,1,50.0
43,22,77,3,2,4,1,50.0
43,23,77,3,3,4,1,50.0
54,22,65,3,3,4,1,50.0
54,21,59,3,3,4,1,50.0
43,24,74,3,2,4,1,50.0
54,20,59,3,4,4,1,50.0
54,19,35,3,4,4,1,50.0
43,25,26,3,2,4,1,50.0
43,26,62,3,2,4,1,50.0
54,18,26,3,4,4,1,50.0
54,17,47,3,3,4,1,50.0
54,16,20,3,4,4,1,50.0
43,27,71,3,3,4,1,50.0
43,30,56,3,2,4,1,50.0
54,15,50,3,4,4,1,50.0
54,14,41,3,4,4,1,50.0
43,32,41,3,2,4,1,50.0
43,33,32,3,2,4,1,50.0
54,12,47,3,4,4,1,50.0
43,34,35,3,2,4,1,50.0
54,10,5,3,4,4,1,50.0
54,9,23,3,4,4,1,50.0
54,7,17,3,4,4,1,50.0
54,6,56,3,4,4,1,50.0
54,5,32,3,4,4,1,50.0
54,4,29,3,4,4,1,50.0
54,3,53,3,4,4,1,50.0
54,2,11,3,4,4,1,50.0
43,36,23,3,2,4,1,50.0
43,38,35,3,3,4,1,50.0
43,40,29,3,3,4,1,50.0
43,42,50,3,2,4,1,50.0
54,0,68,3,4,4,1,50.0
53,99,32,3,2,4,1,50.0
53,96,53,3,2,4,1,50.0
53,94,41,3,2,4,1,50.0
53,92,29,3,2,4,1,50.0
53,91,47,3,2,4,1,50.0
53,89,17,3,2,4,1,50.0
43,44,65,3,3,2,1,50.0
53,88,35,3,2,4,1,50.0
53,87,20,3,2,4,1,50.0
43,45,5,3,3,1,1,50.0
43,46,74,3,3,2,1,50.0
43,47,68,3,3,2,1,50.0
53,85,26,3,2,4,1,50.0
53,83,68,3,2,4,1,50.0
43,48,56,3,3,2,1,50.0
53,82,8,3,2,4,1,50.0
43,49,53,3,3,2,1,50.0
43,50,62,3,3,2,1,50.0
53,80,11,3,2,4,1,50.0
43,51,59,3,3,2,1,50.0
43,52,50,3,3,1,1,50.0
43,53,44,3,3,2,1,50.0
43,56,23,3,3,4,1,50.0
43,57,20,3,3,4,1,50.0
53,79,5,3,2,4,1,50.0
43,58,26,3,3,4,1,50.0
53,78,59,3,2,4,1,50.0
43,59,17,3,3,4,1,50.0
43,60,38,3,3,4,1,50.0
43,61,14,3,3,4,1,50.0
53,77,62,3,2,4,1,50.0
53,75,50,3,2,4,1,50.0
53,74,56,3,2,4,1,50.0
43,62,32,3,3,4,1,50.0
53,73,68,3,3,4,1,50.0
53,72,59,3,3,4,1,50.0
43,63,11,3,3,4,1,50.0
53,70,53,3,3,4,1,50.0
43,65,2,3,3,4,1,50.0
43,66,41,3,3,4,1,50.0
43,68,8,3,3,4,1,50.0
53,69,14,3,2,4,1,50.0
53,66,71,3,2,4,1,50.0
53,65,38,3,3,4,1,50.0
43,70,35,3,4,4,1,50.0
43,71,65,3,4,4,1,50.0
53,64,23,3,2,4,1,50.0
43,72,47,3,3,4,1,50.0
53,63,29,3,3,4,1,50.0
53,62,35,3,3,4,1,50.0
53,60,32,3,3,4,1,50.0
53,58,20,3,3,4,1,50.0
53,57,17,3,3,4,1,50.0
43,74,59,3,4,4,1,50.0
53,56,71,3,3,4,1,50.0
53,55,62,3,3,4,1,50.0
43,79,47,3,4,4,1,50.0
53,54,77,3,3,4,1,50.0
43,83,23,3,4,4,1,50.0
53,50,74,3,3,2,1,50.0
53,46,56,3,3,2,1,50.0
53,45,65,3,3,2,1,50.0
43,84,20,3,4,4,1,50.0
53,44,50,3,3,2,1,50.0
53,43,44,3,3,4,1,50.0
43,85,32,3,4,4,1,50.0
53,42,41,3,3,4,1,50.0
43,86,68,3,4,4,1,50.0
53,41,5,3,3,4,1,50.0
53,40,23,3,3,4,1,50.0
43,87,17,3,4,4,1,50.0
53,39,14,3,3,4,1,50.0
53,38,26,3,3,4,1,50.0
43,88,38,3,4,4,1,50.0
53,36,11,3,3,4,1,50.0
43,89,14,3,4,4,1,50.0
43,90,26,3,4,4,1,50.0
53,34,8,3,3,4,1,50.0
43,91,29,3,4,4,1,50.0
43,92,5,3,4,4,1,50.0
53,33,71,3,4,4,1,50.0
43,93,8,3,4,4,1,50.0
43,94,0,2,0,0,2,50.0
43,95,2,3,4,4,1,50.0
43,96,11,3,4,4,1,50.0
43,97,0,2,2,0,2,50.0
53,32,47,3,3,4,1,50.0
53,30,62,3,4,4,1,50.0
53,28,35,3,4,4,1,50.0
53,26,2,3,3,4,1,50.0
53,24,68,3,4,4,1,50.0
53,22,56,3,4,4,1,50.0
53,21,65,3,4,4,1,50.0
53,20,26,3,4,4,1,50.0
44,0,26,3,2,4,1,50.0
53,19,29,3,4,4,1,50.0
53,17,59,3,4,4,1,50.0
53,14,44,3,4,4,1,50.0
53,13,38,3,4,4,1,50.0
44,2,44,3,2,4,1,50.0
44,3,35,3,2,4,1,50.0
53,12,41,3,4,4,1,50.0
44,4,23,3,2,4,1,50.0
53,11,32,3,4,4,1,50.0
44,5,56,3,2,4,1,50.0
53,10,50,3,4,4,1,50.0
53,9,5,3,4,4,1,50.0
44,6,41,3,2,4,1,50.0
44,8,53,3,2,4,1,50.0
44,9,50,3,3,4,1,50.0
53,8,23,3,4,4,1,50.0
44,12,17,3,2,4,1,50.0
53,6,20,3,4,4,1,50.0
53,4,17,3,4,4,1,50.0
53,3,14,3,4,4,1,50.0
44,13,20,3,2,4,1,50.0
44,14,38,3,2,4,1,50.0
53,1,11,3,4,4,1,50.0
44,18,14,3,2,4,1,50.0
53,0,0,2,0,0,2,50.0
44,19,62,3,2,4,1,50.0
44,20,2,3,2,4,1,50.0
52,99,29,3,2,4,1,50.0
44,21,8,3,2,4,1,50.0
52,97,23,3,2,4,1,50.0
52,96,47,3,2,4,1,50.0
44,23,68,3,3,4,1,50.0
44,27,59,3,2,4,1,50.0
44,29,5,3,2,4,1,50.0
44,30,59,3,3,4,1,50.0
44,31,62,3,3,4,1,50.0
52,95,35,3,2,4,1,50.0
44,33,53,3,3,4,1,50.0
52,94,38,3,2,4,1,50.0
44,34,20,3,3,4,1,50.0
52,91,26,3,2,4,1,50.0
52,90,20,3,2,4,1,50.0
44,35,35,3,3,4,1,50.0
52,89,11,3,2,4,1,50.0
44,36,41,3,3,4,1,50.0
44,37,17,3,3,4,1,50.0
52,84,17,3,2,4,1,50.0
44,38,32,3,2,4,1,50.0
44,40,11,3,3,4,1,50.0
52,81,14,3,2,4,1,50.0
52,80,32,3,2,4,1,50.0
44,41,77,3,3,4,1,50.0
44,45,74,3,3,2,1,50.0
44,46,47,3,3,2,1,50.0
52,78,65,3,2,4,1,50.0
52,77,59,3,2,4,1,50.0
44,47,71,3,3,2,1,50.0
52,76,62,3,2,4,1,50.0
52,75,2,3,2,4,1,50.0
44,48,44,3,3,2,1,50.0
52,74,53,3,2,4,1,50.0
44,49,38,3,3,2,1,50.0
44,50,65,3,3,2,1,50.0
44,51,32,3,3,2,1,50.0
52,73,56,3,2,4,1,50.0
52,72,44,3,2,4,1,50.0
44,52,8,3,3,2,1,50.0
44,54,14,3,3,4,1,50.0
52,71,26,3,3,4,1,50.0
52,69,50,3,2,4,1,50.0
44,56,5,3,3,4,1,50.0
44,57,2,3,3,4,1,50.0
44,58,17,3,4,4,1,50.0
44,59,20,3,4,4,1,50.0
52,68,68,3,3,4,1,50.0
52,67,71,3,2,4,1,50.0
52,66,5,3,2,4,1,50.0
44,60,29,3,3,4,1,50.0
52,65,59,3,3,4,1,50.0
44,62,26,3,3,4,1,50.0
44,63,23,3,3,4,1,50.0
52,64,41,3,2,4,1,50.0
44,64,47,3,4,4,1,50.0
52,62,29,3,3,4,1,50.0
44,65,53,3,4,4,1,50.0
52,61,23,3,3,4,1,50.0
52,60,20,3,3,4,1,50.0
44,66,56,3,3,4,1,50.0
44,67,65,3,4,4,1,50.0
52,59,11,3,3,4,1,50.0
44,69,56,3,4,4,1,50.0
44,73,59,3,4,4,1,50.0
52,57,35,3,3,4,1,50.0
44,75,62,3,4,4,1,50.0
44,76,35,3,4,4,1,50.0
52,56,17,3,3,4,1,50.0
44,78,68,3,4,4,1,50.0
44,80,26,3,4,4,1,50.0
52,55,8,3,3,4,1,50.0
52,54,74,3,3,4,1,50.0
44,81,29,3,4,4,1,50.0
44,82,32,3,4,4,1,50.0
52,53,77,3,3,4,1,50.0
52,51,53,3,3,2,1,50.0
52,50,71,3,3,2,1,50.0
52,48,50,3,3,2,1,50.0
44,84,23,3,4,4,1,50.0
44,86,14,3,4,4,1,50.0
52,47,65,3,3,2,1,50.0
44,87,11,3,4,4,1,50.0
44,88,8,3,4,4,1,50.0
44,91,38,3,4,4,1,50.0
44,94,0,2,0,2,2,50.0
44,96,44,3,4,4,1,50.0
52,46,62,3,3,2,1,50.0
44,97,5,3,4,4,1,50.0
52,45,56,3,3,2,1,50.0
44,98,2,3,4,4,1,50.0
52,43,41,3,3,4,1,50.0
52,42,2,3,3,4,1,50.0
44,99,0,2,2,0,2,50.0
52,40,5,3,3,4,1,50.0
45,0,20,3,2,4,1,50.0
52,39,23,3,4,4,1,50.0
45,1,32,3,2,4,1,50.0
45,2,17,3,2,4,1,50.0
45,5,38,3,2,4,1,50.0
52,37,14,3,3,4,1,50.0
45,6,50,3,2,4,1,50.0
45,7,35,3,1,4,1,50.0
45,8,29,3,2,4,1,50.0
45,9,41,3,2,4,1,50.0
52,34,17,3,4,4,1,50.0
52,33,44,3,3,4,1,50.0
45,10,47,3,2,4,1,50.0
52,32,29,3,4,4,1,50.0
45,13,11,3,2,4,1,50.0
45,14,2,3,2,4,1,50.0
52,28,26,3,4,4,1,50.0
45,15,5,3,2,4,1,50.0
45,16,38,3,3,4,1,50.0
45,17,23,3,2,4,1,50.0
45,18,23,3,3,4,1,50.0
52,26,74,3,4,4,1,50.0
52,25,20,3,4,4,1,50.0
45,19,8,3,2,4,1,50.0
52,24,65,3,4,4,1,50.0
45,20,62,3,2,4,1,50.0
52,22,62,3,4,4,1,50.0
45,22,53,3,2,4,1,50.0
52,20,56,3,4,4,1,50.0
45,24,59,3,2,4,1,50.0
45,25,29,3,3,4,1,50.0
52,19,5,3,4,4,1,50.0
52,18,0,2,0,0,2,50.0
45,26,17,3,3,4,1,50.0
52,17,38,3,3,4,1,50.0
52,16,14,3,4,4,1,50.0
45,27,68,3,2,4,1,50.0
52,15,47,3,3,4,1,50.0
45,28,5,3,3,4,1,50.0
45,29,65,3,3,4,1,50.0
45,30,26,3,2,4,1,50.0
45,31,35,3,2,4,1,50.0
52,14,11,3,4,4,1,50.0
45,33,59,3,3,4,1,50.0
45,35,14,3,3,4,1,50.0
45,36,35,3,3,4,1,50.0
52,12,44,3,4,4,1,50.0
45,37,20,3,3,4,1,50.0
52,11,8,3,4,4,1,50.0
52,10,38,3,4,4,1,50.0
52,9,35,3,4,4,1,50.0
45,38,8,3,3,4,1,50.0
52,8,32,3,3,4,1,50.0
52,7,0,2,2,0,2,50.0
45,41,71,3,2,4,1,50.0
45,46,77,3,2,2,1,50.0
52,3,2,3,4,4,1,50.0
51,98,44,3,2,4,1,50.0
51,96,35,3,2,4,1,50.0
51,94,29,3,2,4,1,50.0
51,92,26,3,2,4,1,50.0
51,89,5,3,2,4,1,50.0
45,47,44,3,2,2,1,50.0
51,88,20,3,2,4,1,50.0
45,48,53,3,3,2,1,50.0
51,86,17,3,2,4,1,50.0
45,49,77,3,3,2,1,50.0
51,85,14,3,2,4,1,50.0
45,50,68,3,3,2,1,50.0
51,84,2,3,2,4,1,50.0
51,83,11,3,2,4,1,50.0
45,52,71,3,3,4,1,50.0
51,81,23,3,2,4,1,50.0
45,53,74,3,3,4,1,50.0
45,55,11,3,3,4,1,50.0
45,56,2,3,3,4,1,50.0
45,59,8,3,4,4,1,50.0
45,60,26,3,3,4,1,50.0
51,79,65,3,3,4,1,50.0
51,78,35,3,3,4,1,50.0
45,61,17,3,4,4,1,50.0
45,63,26,3,4,4,1,50.0
51,77,38,3,2,4,1,50.0
51,76,53,3,3,4,1,50.0
51,74,26,3,3,4,1,50.0
45,64,38,3,4,4,1,50.0
45,65,35,3,4,4,1,50.0
51,73,11,3,3,4,1,50.0
51,72,53,3,4,4,1,50.0
45,66,65,3,4,4,1,50.0
51,68,59,3,3,4,1,50.0
45,67,5,3,4,4,1,50.0
45,68,53,3,4,4,1,50.0
45,69,32,3,3,4,1,50.0
51,66,2,3,3,4,1,50.0
51,65,29,3,3,4,1,50.0
45,72,11,3,4,4,1,50.0
45,74,2,3,4,4,1,50.0
51,64,5,3,3,4,1,50.0
51,62,23,3,3,4,1,50.0
51,60,14,3,3,4,1,50.0
45,75,47,3,3,4,1,50.0
45,76,32,3,4,4,1,50.0
51,58,14,3,4,4,1,50.0
45,77,56,3,3,4,1,50.0
45,78,0,2,0,0,2,50.0
51,57,11,3,4,4,1,50.0
51,56,20,3,3,4,1,50.0
51,54,71,3,3,4,1,50.0
51,53,47,3,3,4,1,50.0
51,52,50,3,2,4,1,50.0
45,80,68,3,4,4,1,50.0
51,50,74,3,2,3,1,50.0
51,48,41,3,2,2,1,50.0
45,81,0,2,2,0,2,50.0
51,46,68,3,3,2,1,50.0
51,44,77,3,3,4,1,50.0
45,82,20,3,4,4,1,50.0
51,42,74,3,3,4,1,50.0
45,87,14,3,4,4,1,50.0
51,41,56,3,3,4,1,50.0
51,40,17,3,3,4,1,50.0
51,37,8,3,4,4,1,50.0
51,36,38,3,3,4,1,50.0
51,35,23,3,4,4,1,50.0
51,33,41,3,3,4,1,50.0
45,91,23,3,4,4,1,50.0
51,32,17,3,4,4,1,50.0
51,31,56,3,4,4,1,50.0
51,30,5,3,4,4,1,50.0
45,95,29,3,4,4,1,50.0
46,0,11,3,2,4,1,50.0
46,3,29,3,2,4,1,50.0
51,29,62,3,3,4,1,50.0
51,27,38,3,4,4,1,50.0
46,4,14,3,2,4,1,50.0
51,26,0,2,0,0,2,50.0
46,9,0,2,0,0,2,50.0
51,25,2,3,4,4,1,50.0
51,24,62,3,4,4,1,50.0
51,23,0,2,2,0,2,50.0
46,11,44,3,2,4,1,50.0
46,13,8,3,2,4,1,50.0
51,22,41,3,4,4,1,50.0
51,20,35,3,4,4,1,50.0
46,14,17,3,2,4,1,50.0
46,15,29,3,3,4,1,50.0
46,17,11,3,3,4,1,50.0
46,19,23,3,2,4,1,50.0
46,20,20,3,3,4,1,50.0
51,15,20,3,4,4,1,50.0
46,21,5,3,3,4,1,50.0
46,22,23,3,3,4,1,50.0
46,25,23,3,4,4,1,50.0
51,7,26,3,4,4,1,50.0
46,27,8,3,3,4,1,50.0
51,5,29,3,4,4,1,50.0
46,28,0,2,2,0,2,50.0
46,29,59,3,2,4,1,50.0
46,30,14,3,3,4,1,50.0
46,32,14,3,4,4,1,50.0
46,35,17,3,3,4,1,50.0
51,0,65,3,4,4,1,50.0
50,99,26,3,2,4,1,50.0
46,36,17,3,4,4,1,50.0
46,37,2,3,3,4,1,50.0
50,98,38,3,2,4,1,50.0
50,97,17,3,2,4,1,50.0
46,38,29,3,4,4,1,50.0
46,39,20,3,4,4,1,50.0
50,96,32,3,2,4,1,50.0
46,41,50,3,2,4,1,50.0
50,95,5,3,2,4,1,50.0
46,42,77,3,3,4,1,50.0
46,43,53,3,2,4,1,50.0
46,44,41,3,2,4,1,50.0
50,94,35,3,2,4,1,50.0
46,45,62,3,3,3,1,50.0
50,93,23,3,2,4,1,50.0
46,47,38,3,2,2,1,50.0
46,52,32,3,2,4,1,50.0
50,90,11,3,2,4,1,50.0
46,54,65,3,3,4,1,50.0
46,55,5,3,4,4,1,50.0
50,89,2,3,2,4,1,50.0
50,87,8,3,3,4,1,50.0
50,85,20,3,2,4,1,50.0
46,56,11,3,4,4,1,50.0
46,57,8,3,4,4,1,50.0
46,58,2,3,4,4,1,50.0
50,84,14,3,3,4,1,50.0
50,83,20,3,3,4,1,50.0
50,81,26,3,3,4,1,50.0
50,80,17,3,3,4,1,50.0
50,78,32,3,3,4,1,50.0
50,77,53,3,2,4,1,50.0
50,76,29,3,2,4,1,50.0
46,64,26,3,2,4,1,50.0
50,75,59,3,3,4,1,50.0
50,73,53,3,3,4,1,50.0
50,70,29,3,3,4,1,50.0
46,66,53,3,3,4,1,50.0
46,75,38,3,3,4,1,50.0
50,69,2,3,3,4,1,50.0
50,65,11,3,3,4,1,50.0
50,63,5,3,3,4,1,50.0
50,62,20,3,4,4,1,50.0
50,61,11,3,4,4,1,50.0
46,79,35,3,3,4,1,50.0
50,60,5,3,4,4,1,50.0
50,59,2,3,4,4,1,50.0
50,58,8,3,4,4,1,50.0
50,56,14,3,4,4,1,50.0
50,55,17,3,4,4,1,50.0
50,54,0,2,0,0,2,50.0
46,82,26,3,3,4,1,50.0
50,53,53,3,4,4,1,50.0
50,52,47,3,2,4,1,50.0
50,51,50,3,2,3,1,50.0
50,49,44,3,2,2,1,50.0
50,45,56,3,2,4,1,50.0
50,44,71,3,3,4,1,50.0
50,41,0,2,2,0,2,50.0
46,93,26,3,4,4,1,50.0
46,95,32,3,3,4,1,50.0
47,2,8,3,2,4,1,50.0
47,3,26,3,2,4,1,50.0
47,4,11,3,2,4,1,50.0
47,5,23,3,2,4,1,50.0
50,24,41,3,3,4,1,50.0
47,7,23,3,3,4,1,50.0
47,10,35,3,2,4,1,50.0
47,11,5,3,2,4,1,50.0
47,13,14,3,3,4,1,50.0
47,15,17,3,2,4,1,50.0
47,18,20,3,3,4,1,50.0
47,19,17,3,3,4,1,50.0
47,20,11,3,3,4,1,50.0
47,21,20,3,4,4,1,50.0
47,22,2,3,2,4,1,50.0
50,12,23,3,3,4,1,50.0
50,11,26,3,4,4,1,50.0
47,23,8,3,3,4,1,50.0
47,24,2,3,3,4,1,50.0
47,26,5,3,3,4,1,50.0
50,6,38,3,3,4,1,50.0
47,27,11,3,4,4,1,50.0
47,30,8,3,4,4,1,50.0
47,34,14,3,4,4,1,50.0
47,36,5,3,4,4,1,50.0
47,37,0,2,0,0,2,50.0
47,38,17,3,4,4,1,50.0
47,39,2,3,4,4,1,50.0
47,40,0,2,2,0,2,50.0
50,1,23,3,4,4,1,50.0
49,99,23,3,2,4,1,50.0
47,43,77,3,2,4,1,50.0
47,45,50,3,2,3,1,50.0
49,98,35,3,2,4,1,50.0
49,95,26,3,2,4,1,50.0
49,94,32,3,2,4,1,50.0
49,93,20,3,2,4,1,50.0
47,49,47,3,2,2,1,50.0
49,92,2,3,2,4,1,50.0
49,91,11,3,2,4,1,50.0
47,50,62,3,2,3,1,50.0
47,51,32,3,2,3,1,50.0
49,89,8,3,2,4,1,50.0
49,88,17,3,2,4,1,50.0
49,86,20,3,3,4,1,50.0
49,82,5,3,2,4,1,50.0
49,79,2,3,3,4,1,50.0
49,78,17,3,3,4,1,50.0
49,76,65,3,3,4,1,50.0
49,75,32,3,3,4,1,50.0
49,74,8,3,3,4,1,50.0
49,73,5,3,3,4,1,50.0
49,70,32,3,4,4,1,50.0
49,69,17,3,4,4,1,50.0
49,68,14,3,2,4,1,50.0
49,67,0,2,0,0,2,50.0
49,66,11,3,3,4,1,50.0
49,65,5,3,4,4,1,50.0
49,64,11,3,4,4,1,50.0
49,61,8,3,4,4,1,50.0
49,60,2,3,4,4,1,50.0
49,59,0,2,2,0,2,50.0
49,57,14,3,3,4,1,50.0
47,76,26,3,3,4,1,50.0
49,52,41,3,2,4,1,50.0
49,51,44,3,3,3,1,50.0
49,50,29,3,2,4,1,50.0
49,47,74,3,3,2,1,50.0
49,46,71,3,3,3,1,50.0
49,43,62,3,3,4,1,50.0
49,38,20,3,4,4,1,50.0
49,33,14,3,4,4,1,50.0
49,31,53,3,3,4,1,50.0
47,92,23,3,4,4,1,50.0
47,94,26,3,4,4,1,50.0
48,1,26,3,2,4,1,50.0
48,2,20,3,2,4,1,50.0
48,4,8,3,2,4,1,50.0
48,5,17,3,2,4,1,50.0
48,6,5,3,2,4,1,50.0
48,8,38,3,2,4,1,50.0
48,10,2,3,2,4,1,50.0
48,11,11,3,3,4,1,50.0
49,6,26,3,3,4,1,50.0
48,12,11,3,4,4,1,50.0
48,14,14,3,2,4,1,50.0
48,16,0,2,0,0,2,50.0
48,17,8,3,3,4,1,50.0
48,21,0,2,2,0,2,50.0
48,98,26,3,3,4,1,50.0
48,97,2,3,3,4,1,50.0
48,96,20,3,3,4,1,50.0
48,22,8,3,4,4,1,50.0
48,95,17,3,3,4,1,50.0
48,24,14,3,3,4,1,50.0
48,94,23,3,2,4,1,50.0
48,92,20,3,4,4,1,50.0
48,91,5,3,3,4,1,50.0
48,26,14,3,4,4,1,50.0
48,27,5,3,4,4,1,50.0
48,29,17,3,4,4,1,50.0
48,90,2,3,4,4,1,50.0
48,43,74,3,3,4,1,50.0
48,44,50,3,3,4,1,50.0
48,46,35,3,2,4,1,50.0
48,47,29,3,2,2,1,50.0
48,49,77,3,3,3,1,50.0
48,51,32,3,2,4,1,50.0
