src,dst,spec,slots_used,core_src,core_dst,tfk_slot
4,38,0,2,0,0,1.5
24,58,0,19,0,0,439.0
4,88,2,2,0,0,1.5
5,86,0,2,0,0,1.5
5,89,2,2,0,0,1.5
9,11,0,2,0,0,1.5
10,24,19,19,0,0,439.0
11,62,2,2,0,0,1.5
12,43,0,2,0,0,1.5
6,1,0,19,0,0,439.0
72,90,0,19,0,0,437.0
12,62,4,2,0,0,1.5
14,93,0,2,0,0,1.5
15,84,0,2,0,0,1.5
22,4,4,2,0,0,1.5
24,60,38,2,0,0,1.5
26,5,4,2,0,0,1.5
26,21,0,2,0,0,1.5
97,1,19,19,0,0,435.0
26,98,2,2,0,0,1.5
27,30,0,2,0,0,1.5
27,34,2,2,0,0,1.5
58,15,19,19,0,0,435.0
57,50,0,19,0,0,435.0
36,72,19,2,0,0,1.5
14,15,38,19,0,0,431.0
37,92,0,2,0,0,1.5
38,25,2,2,0,0,1.5
38,91,4,2,0,0,1.5
38,94,6,2,0,0,1.5
77,47,0,19,0,0,429.0
39,13,0,2,0,0,1.5
39,99,2,2,0,0,1.5
41,95,0,2,0,0,1.5
44,39,4,2,0,0,1.5
48,47,19,2,0,0,1.5
48,95,2,2,0,0,1.5
53,94,0,2,0,0,1.5
90,77,19,19,0,0,427.0
88,60,4,19,0,0,427.0
56,80,0,2,0,0,1.5
57,6,19,2,0,0,1.5
60,1,40,2,0,0,1.5
86,65,2,19,0,0,427.0
60,55,0,2,0,0,1.5
45,88,23,19,0,0,427.0
61,57,21,2,0,0,1.5
62,9,6,2,0,0,1.5
62,30,8,2,0,0,1.5
63,92,2,2,0,0,1.5
64,72,21,2,0,0,1.5
65,27,21,2,0,0,1.5
75,26,6,2,0,0,1.5
80,71,2,2,0,0,1.5
81,61,0,2,0,0,1.5
82,71,0,2,0,0,1.5
84,38,8,2,0,0,1.5
16,93,2,18,0,0,425.0
93,59,20,2,0,0,1.5
94,87,2,2,0,0,1.5
96,60,2,2,0,0,1.5
30,47,21,18,0,0,423.0
19,70,0,18,0,0,423.0
98,7,0,2,0,0,1.5
99,5,6,2,0,0,1.5
1,42,38,2,0,0,3.0
4,87,6,2,0,0,3.0
5,34,8,2,0,0,3.0
7,86,21,2,0,0,3.0
9,21,2,2,0,0,3.0
11,40,4,2,0,0,3.0
97,15,57,18,0,0,421.0
11,80,6,2,0,0,3.0
12,3,2,2,0,0,3.0
15,58,75,2,0,0,3.0
96,85,4,18,0,0,421.0
19,92,18,2,0,0,3.0
22,60,23,2,0,0,3.0
25,3,0,2,0,0,3.0
6,60,42,18,0,0,421.0
28,64,0,2,0,0,3.0
34,5,10,2,0,0,3.0
92,86,23,18,0,0,419.0
34,26,12,2,0,0,3.0
46,52,0,18,0,0,419.0
47,45,42,18,0,0,417.0
27,16,23,18,0,0,417.0
36,18,0,2,0,0,3.0
38,99,10,2,0,0,3.0
40,57,23,2,0,0,3.0
43,81,2,2,0,0,3.0
50,99,19,18,0,0,415.0
44,16,0,2,0,0,3.0
44,85,2,2,0,0,3.0
45,84,2,2,0,0,3.0
29,92,41,18,0,0,415.0
46,3,18,2,0,0,3.0
47,9,39,2,0,0,3.0
48,94,4,2,0,0,3.0
54,51,0,2,0,0,3.0
58,35,38,2,0,0,3.0
62,11,10,2,0,0,3.0
62,91,0,2,0,0,3.0
63,78,0,2,0,0,3.0
63,85,22,2,0,0,3.0
64,26,8,2,0,0,3.0
64,41,2,2,0,0,3.0
67,34,0,2,0,0,3.0
70,43,18,2,0,0,3.0
16,34,41,18,0,0,413.0
79,10,0,2,0,0,3.0
81,38,12,2,0,0,3.0
5,9,12,18,0,0,409.0
81,96,22,2,0,0,3.0
83,35,0,2,0,0,3.0
83,66,2,2,0,0,3.0
83,67,4,2,0,0,3.0
84,83,6,2,0,0,3.0
16,49,59,18,0,0,407.0
87,14,4,2,0,0,3.0
92,87,8,2,0,0,3.0
86,78,41,18,0,0,405.0
95,51,4,2,0,0,3.0
95,59,6,2,0,0,3.0
96,39,24,2,0,0,3.0
96,89,0,2,0,0,3.0
58,47,40,18,0,1,405.0
97,68,0,2,0,0,3.0
47,5,60,18,0,0,405.0
99,69,0,2,0,0,3.0
0,39,6,2,0,0,4.5
58,75,8,18,1,0,403.0
1,49,42,2,0,0,4.5
4,82,8,2,0,0,4.5
5,64,30,2,0,0,4.5
14,22,2,2,0,0,4.5
20,57,25,2,0,0,4.5
21,54,4,2,0,0,4.5
22,27,6,2,0,0,4.5
56,68,2,18,0,0,403.0
26,11,14,2,0,0,4.5
28,36,2,2,0,0,4.5
44,37,6,18,0,0,403.0
31,60,25,2,0,0,4.5
32,9,4,2,0,0,4.5
33,49,0,2,0,0,4.5
33,84,4,2,0,0,4.5
28,78,4,18,0,0,403.0
35,47,78,2,0,0,4.5
39,61,8,2,0,0,4.5
41,12,6,2,0,0,4.5
41,16,20,2,0,0,4.5
44,64,24,2,0,0,4.5
44,67,26,2,0,0,4.5
48,22,0,2,0,0,4.5
48,37,24,2,0,0,4.5
50,78,37,2,0,0,4.5
55,15,2,2,0,0,4.5
55,37,4,2,0,0,4.5
56,60,27,2,0,0,4.5
9,98,41,18,0,0,403.0
57,33,27,2,0,0,4.5
58,39,58,2,0,0,4.5
59,67,2,2,0,0,4.5
63,50,39,2,0,0,4.5
2,9,59,18,0,0,403.0
64,52,18,2,0,0,4.5
53,19,20,18,0,0,401.0
65,36,23,2,0,0,4.5
66,5,32,2,0,0,4.5
66,8,0,2,0,0,4.5
27,8,41,18,0,0,401.0
66,96,26,2,0,0,4.5
75,92,59,17,0,0,399.0
74,82,2,2,0,0,4.5
72,29,23,17,0,0,399.0
75,93,26,2,0,0,4.5
76,21,6,2,0,0,4.5
81,88,42,2,0,0,4.5
83,53,8,2,0,0,4.5
87,54,10,2,0,0,4.5
32,69,6,17,0,0,399.0
89,48,6,2,0,0,4.5
89,56,20,2,0,0,4.5
89,57,29,2,0,0,4.5
91,96,28,17,0,0,397.0
90,69,38,2,0,0,4.5
94,21,8,2,0,0,4.5
95,36,8,2,0,0,4.5
0,54,2,2,0,0,6.0
0,74,0,2,0,0,6.0
0,98,4,2,0,0,6.0
78,81,59,17,0,0,397.0
7,75,2,2,0,0,6.0
9,26,10,2,0,0,6.0
13,0,8,2,0,0,6.0
14,10,6,2,0,0,6.0
15,73,4,2,0,0,6.0
6,17,21,17,0,0,397.0
16,5,78,2,0,0,6.0
95,88,44,17,0,0,395.0
18,49,2,2,0,0,6.0
79,98,6,17,0,0,395.0
38,47,14,17,0,1,395.0
86,39,60,17,0,0,393.0
19,84,38,2,0,0,6.0
20,68,20,2,0,0,6.0
21,87,12,2,0,0,6.0
60,40,60,17,0,0,393.0
33,67,6,17,0,0,391.0
27,2,4,2,0,0,6.0
30,16,2,2,0,1,6.0
31,42,0,2,0,0,6.0
33,1,44,2,0,0,6.0
35,5,34,2,0,0,6.0
36,28,25,2,0,0,6.0
22,18,25,17,0,0,391.0
43,18,4,2,0,0,6.0
43,58,60,2,0,0,6.0
43,91,6,2,0,0,6.0
44,52,28,2,0,0,6.0
55,40,6,2,0,0,6.0
56,82,22,2,0,0,6.0
62,8,12,2,0,0,6.0
62,23,14,2,0,0,6.0
62,79,23,2,0,0,6.0
64,88,61,2,0,0,6.0
65,5,36,2,0,0,6.0
65,9,30,2,0,0,6.0
65,34,25,2,0,0,6.0
66,59,4,2,0,0,6.0
17,92,0,17,0,1,391.0
85,24,40,17,0,0,389.0
68,78,22,2,0,0,6.0
71,27,8,2,0,0,6.0
18,56,42,17,0,0,389.0
71,59,10,2,0,0,6.0
74,35,4,2,0,0,6.0
31,44,30,17,0,0,387.0
79,11,25,2,0,0,6.0
83,13,10,2,0,0,6.0
84,93,22,2,0,0,6.0
85,66,24,2,0,0,6.0
87,19,40,2,0,0,6.0
87,40,0,2,0,0,6.0
89,8,4,2,0,0,6.0
89,45,8,2,0,0,6.0
70,25,20,17,0,0,385.0
45,56,60,17,0,0,383.0
91,74,8,2,0,0,6.0
94,23,10,2,0,0,6.0
96,86,77,2,0,0,6.0
75,49,28,17,0,1,381.0
98,54,23,2,0,0,6.0
4,48,10,2,0,0,7.5
57,29,59,17,0,0,381.0
45,19,42,17,1,0,381.0
5,8,38,2,0,0,7.5
5,74,40,2,0,0,7.5
11,5,42,2,0,0,7.5
11,78,27,2,0,0,7.5
38,49,45,17,0,1,381.0
39,2,26,17,0,0,379.0
12,94,12,2,0,0,7.5
19,57,59,17,0,1,379.0
13,86,2,2,0,1,7.5
14,29,8,17,0,1,379.0
40,56,25,17,0,1,377.0
13,90,40,2,0,0,7.5
14,97,75,2,0,0,7.5
34,8,59,17,0,0,377.0
16,48,8,2,1,0,7.5
20,26,16,2,0,0,7.5
20,30,4,2,0,0,7.5
20,46,22,2,0,0,7.5
20,56,29,2,0,0,7.5
39,33,46,16,1,0,375.0
20,69,2,2,0,0,7.5
21,51,10,2,0,0,7.5
6,85,60,16,0,0,375.0
0,15,10,16,0,1,375.0
21,90,42,2,0,0,7.5
23,89,12,2,0,0,7.5
27,11,12,2,0,0,7.5
28,14,27,2,0,0,7.5
28,70,37,2,0,0,7.5
31,4,12,2,0,0,7.5
31,71,4,2,0,0,7.5
33,70,39,2,0,0,7.5
34,75,4,2,0,0,7.5
37,5,44,2,0,0,7.5
38,12,31,2,0,0,7.5
38,41,33,2,0,0,7.5
41,31,8,2,0,0,7.5
42,5,46,2,0,0,7.5
42,7,4,2,0,0,7.5
45,37,77,2,0,0,7.5
29,70,0,16,0,1,373.0
46,27,59,2,0,0,7.5
46,90,44,2,0,0,7.5
29,14,57,16,1,0,373.0
47,64,4,2,1,0,7.5
57,10,38,2,0,0,7.5
59,96,45,2,0,0,7.5
60,97,77,2,0,0,7.5
61,75,45,2,0,0,7.5
69,19,76,2,0,0,7.5
13,10,42,16,0,0,373.0
69,39,43,2,0,0,7.5
70,3,41,2,0,0,7.5
71,84,12,2,0,0,7.5
71,96,47,2,0,0,7.5
73,94,14,2,0,0,7.5
73,99,8,2,0,0,7.5
80,76,4,2,0,0,7.5
81,72,40,2,0,0,7.5
82,31,6,2,0,0,7.5
91,8,10,16,0,1,371.0
83,79,27,2,0,0,7.5
84,11,16,2,0,0,7.5
84,22,10,2,0,0,7.5
89,13,14,2,0,0,7.5
89,70,43,2,0,0,7.5
95,19,78,2,0,0,7.5
95,37,26,2,0,0,7.5
95,74,10,2,0,0,7.5
95,79,29,2,0,0,7.5
96,21,49,2,0,0,7.5
96,33,62,2,0,0,7.5
97,45,4,2,0,0,7.5
2,31,2,2,0,0,9.0
83,54,29,16,0,0,371.0
3,27,10,2,0,0,9.0
4,2,14,2,0,0,9.0
5,2,48,2,0,0,9.0
5,13,58,2,0,0,9.0
6,27,76,2,0,0,9.0
11,96,51,2,0,0,9.0
12,26,18,2,0,0,9.0
13,31,16,2,0,0,9.0
13,74,6,2,0,0,9.0
15,95,12,2,0,0,9.0
25,74,12,2,0,0,9.0
50,24,57,16,0,0,371.0
26,83,20,2,0,0,9.0
26,94,22,2,0,0,9.0
27,88,63,2,0,0,9.0
30,13,12,2,0,0,9.0
33,27,65,2,0,0,9.0
35,11,8,2,0,0,9.0
35,60,29,2,0,0,9.0
35,68,24,2,0,0,9.0
24,95,61,16,1,0,371.0
42,94,16,2,0,0,9.0
43,99,12,2,0,0,9.0
67,20,31,16,0,0,369.0
44,14,73,2,0,0,9.0
44,31,47,2,0,0,9.0
45,55,10,2,0,0,9.0
45,85,0,2,0,0,9.0
48,51,12,2,0,0,9.0
53,56,42,16,0,1,369.0
53,75,76,2,0,0,9.0
56,87,24,2,0,0,9.0
59,19,0,2,0,1,9.0
61,32,2,2,0,0,9.0
61,80,10,2,0,0,9.0
64,66,6,2,0,0,9.0
14,24,0,16,1,1,369.0
66,64,10,2,0,0,9.0
5,81,24,16,1,0,369.0
68,3,26,2,0,0,9.0
70,47,58,2,0,1,9.0
73,67,23,2,0,0,9.0
74,31,14,2,0,0,9.0
75,8,78,2,0,0,9.0
77,15,77,2,0,0,9.0
80,83,12,2,0,0,9.0
94,3,43,16,0,0,367.0
87,69,26,2,0,0,9.0
89,19,10,2,0,1,9.0
91,99,45,2,0,0,9.0
94,90,59,2,0,0,9.0
95,4,16,2,0,0,9.0
62,52,30,16,0,0,367.0
95,25,14,2,0,0,9.0
96,83,53,2,0,0,9.0
42,97,18,16,0,1,367.0
97,19,2,2,0,1,9.0
97,46,38,2,0,0,9.0
8,72,14,16,0,1,367.0
2,29,16,2,0,0,10.5
6,49,38,2,0,0,10.5
98,23,25,16,0,0,365.0
7,17,17,2,0,0,10.5
11,26,29,2,0,0,10.5
11,56,31,2,0,0,10.5
12,4,20,2,0,0,10.5
13,41,4,2,0,0,10.5
13,81,18,2,0,0,10.5
19,94,18,2,1,0,10.5
22,14,77,2,0,0,10.5
22,52,20,2,0,0,10.5
79,67,47,16,0,0,365.0
22,85,57,2,0,0,10.5
26,32,24,2,0,0,10.5
30,31,49,16,0,0,365.0
29,1,76,2,0,0,10.5
30,91,47,2,0,0,10.5
31,48,21,2,0,0,10.5
36,47,6,2,0,1,10.5
37,90,46,2,0,0,10.5
39,5,50,2,0,0,10.5
41,30,10,2,0,0,10.5
41,86,12,2,0,1,10.5
20,65,47,16,0,0,365.0
41,99,14,2,0,0,10.5
42,25,6,2,0,0,10.5
2,68,28,16,1,0,365.0
43,54,8,2,0,0,10.5
60,29,25,16,1,1,363.0
46,60,31,2,0,0,10.5
48,25,16,2,0,0,10.5
56,39,77,2,0,0,10.5
60,66,34,2,0,0,10.5
60,83,36,2,0,1,10.5
63,83,14,2,0,0,10.5
63,91,26,2,0,0,10.5
64,25,37,2,0,0,10.5
64,69,28,2,0,0,10.5
66,10,8,2,0,0,10.5
99,18,59,16,0,0,361.0
75,69,45,16,1,0,361.0
67,52,63,2,0,0,10.5
67,94,28,2,0,0,10.5
68,91,49,2,0,0,10.5
68,98,59,2,0,0,10.5
69,80,23,2,0,0,10.5
73,53,2,2,0,0,10.5
74,32,26,2,0,0,10.5
53,57,58,16,0,2,361.0
75,96,55,2,0,0,10.5
76,69,30,2,0,0,10.5
25,96,39,16,0,1,361.0
77,17,38,2,0,0,10.5
77,65,40,2,0,0,10.5
80,34,14,2,0,0,10.5
80,70,45,2,0,0,10.5
23,91,51,16,0,0,361.0
80,94,20,2,0,0,10.5
86,18,14,16,1,1,359.0
82,36,4,2,0,0,10.5
83,16,16,2,0,1,10.5
74,78,42,16,0,1,359.0
86,19,4,2,1,1,10.5
86,76,0,2,1,0,10.5
60,50,41,16,1,0,359.0
56,36,58,16,1,0,359.0
86,79,31,2,1,0,10.5
87,4,18,2,0,0,10.5
87,91,67,2,0,0,10.5
87,94,30,2,0,0,10.5
89,64,16,2,0,0,10.5
6,52,46,16,1,0,357.0
91,49,77,2,0,0,10.5
94,74,24,2,0,0,10.5
95,27,18,2,0,0,10.5
97,76,8,2,0,0,10.5
98,50,73,2,0,0,10.5
98,89,61,2,0,0,10.5
4,8,30,2,0,0,12.0
5,71,52,2,0,0,12.0
7,10,10,2,0,0,12.0
7,26,26,2,0,0,12.0
11,27,61,2,0,0,12.0
12,32,28,2,0,0,12.0
31,3,59,16,1,0,355.0
13,9,32,2,0,0,12.0
22,44,59,16,0,1,355.0
13,11,20,2,0,0,12.0
8,58,26,16,1,1,355.0
13,22,75,2,0,0,12.0
13,63,24,2,0,0,12.0
18,73,6,2,0,0,12.0
20,23,0,2,0,0,12.0
20,34,6,2,0,0,12.0
21,17,19,2,0,0,12.0
95,86,33,16,1,1,351.0
21,22,14,2,0,0,12.0
65,97,63,16,0,1,351.0
21,55,16,2,0,0,12.0
3,31,65,15,1,0,349.0
21,71,21,2,0,0,12.0
21,78,24,2,0,0,12.0
22,76,12,2,0,0,12.0
25,56,4,2,0,1,12.0
26,84,31,2,0,0,12.0
57,3,40,15,0,1,347.0
27,66,14,2,0,0,12.0
27,75,16,2,0,1,12.0
29,59,18,2,0,0,12.0
32,67,65,2,0,0,12.0
33,17,41,2,0,0,12.0
41,37,28,2,0,0,12.0
42,99,40,2,0,0,12.0
43,42,10,2,0,0,12.0
50,38,62,15,1,0,345.0
45,76,14,2,0,0,12.0
39,27,0,15,1,1,345.0
46,29,20,2,0,0,12.0
46,53,40,2,0,0,12.0
46,66,28,2,0,0,12.0
47,80,8,2,1,0,12.0
48,15,14,2,0,0,12.0
48,57,31,2,0,0,12.0
50,37,75,2,0,0,12.0
55,42,8,2,0,0,12.0
97,73,40,15,0,0,343.0
55,59,12,2,0,0,12.0
55,73,18,2,0,0,12.0
55,96,57,2,0,0,12.0
57,16,33,2,0,1,12.0
59,12,8,2,0,0,12.0
58,50,42,15,1,1,343.0
53,6,0,15,1,1,341.0
61,39,12,2,0,0,12.0
42,34,48,15,0,1,341.0
61,83,18,2,0,0,12.0
62,4,25,2,0,0,12.0
63,47,10,2,0,1,12.0
69,81,4,2,0,0,12.0
70,86,49,2,0,1,12.0
71,6,40,2,0,0,12.0
71,50,77,2,0,0,12.0
71,57,35,2,0,0,12.0
74,15,16,2,0,0,12.0
74,92,20,2,0,0,12.0
80,59,16,2,0,0,12.0
40,95,8,15,0,1,341.0
81,36,10,2,0,0,12.0
87,73,16,2,0,0,12.0
27,64,39,15,1,0,341.0
39,51,15,15,1,0,339.0
88,33,67,2,0,0,12.0
89,12,22,2,0,0,12.0
89,58,63,2,0,0,12.0
89,67,67,2,0,0,12.0
89,84,18,2,0,0,12.0
90,11,48,2,0,0,12.0
91,39,69,2,0,1,12.0
96,72,59,2,0,0,12.0
97,60,6,2,0,1,12.0
37,85,48,15,0,1,339.0
98,11,63,2,0,0,12.0
2,7,6,2,0,0,13.5
2,18,8,2,0,0,13.5
5,18,54,2,0,1,13.5
0,50,26,15,0,1,339.0
7,5,56,2,0,0,13.5
7,45,12,2,0,0,13.5
7,56,33,2,0,0,13.5
98,3,0,15,1,1,337.0
9,80,34,2,0,0,13.5
12,97,10,2,0,0,13.5
13,12,26,2,0,0,13.5
15,90,6,2,0,1,13.5
73,15,55,15,0,1,337.0
20,41,18,2,0,0,13.5
21,35,26,2,0,0,13.5
62,67,46,15,0,1,337.0
21,44,51,2,0,0,13.5
21,45,28,2,0,1,13.5
40,52,42,15,0,1,337.0
21,68,44,2,0,0,13.5
40,12,33,15,1,0,337.0
34,77,0,15,1,1,337.0
22,55,42,2,0,0,13.5
6,79,63,15,1,0,337.0
23,19,6,2,0,1,13.5
26,6,78,2,0,0,13.5
94,47,61,15,0,1,331.0
77,39,42,15,0,2,331.0
26,56,35,2,0,0,13.5
27,35,67,2,0,0,13.5
30,33,69,2,0,0,13.5
31,1,10,2,0,1,13.5
31,73,27,2,0,0,13.5
31,97,18,2,0,2,13.5
32,38,35,2,0,0,13.5
33,3,23,2,0,0,13.5
33,45,2,2,0,1,13.5
34,71,16,2,0,0,13.5
35,48,36,2,0,0,13.5
35,57,55,2,0,0,13.5
0,29,41,15,0,1,331.0
38,33,37,2,0,0,13.5
38,45,39,2,0,1,13.5
68,65,61,15,0,1,327.0
39,98,15,2,0,1,13.5
47,65,0,15,2,1,327.0
40,10,2,2,0,0,13.5
40,82,57,2,0,0,13.5
41,1,46,2,0,0,13.5
76,54,45,14,0,0,325.0
41,23,16,2,0,0,13.5
41,42,35,2,0,0,13.5
42,23,2,2,0,0,13.5
42,31,12,2,0,1,13.5
48,42,42,2,0,0,13.5
48,68,46,2,0,0,13.5
98,53,65,5,0,1,99.0
97,95,12,5,0,2,99.0
96,75,64,5,0,1,99.0
48,83,48,2,0,0,13.5
53,86,6,2,0,1,13.5
55,30,14,2,0,0,13.5
95,2,20,5,0,0,99.0
55,39,20,2,0,0,13.5
55,91,71,2,0,0,13.5
91,63,4,5,1,0,99.0
89,99,47,5,0,0,99.0
88,24,73,5,0,0,99.0
55,98,75,2,0,0,13.5
87,67,69,5,0,0,99.0
87,57,32,5,0,1,99.0
59,4,22,2,0,0,13.5
86,97,51,5,1,1,99.0
59,25,55,2,0,0,13.5
60,27,69,2,1,0,13.5
61,97,55,2,0,0,13.5
68,18,76,2,0,0,13.5
69,36,32,2,0,0,13.5
83,14,22,5,0,1,99.0
71,79,33,2,0,0,13.5
76,73,10,2,0,0,13.5
79,94,35,2,0,0,13.5
80,74,18,2,0,0,13.5
82,78,29,2,0,0,13.5
84,8,33,2,0,0,13.5
87,98,77,2,0,0,13.5
87,99,37,2,0,0,13.5
89,5,40,2,0,1,13.5
82,86,59,5,0,1,99.0
89,95,31,2,0,0,13.5
90,28,50,2,0,0,13.5
91,44,75,2,0,0,13.5
93,6,24,2,0,1,13.5
93,28,29,2,0,0,13.5
82,57,10,5,0,1,99.0
95,7,35,2,0,0,13.5
96,24,69,2,0,2,13.5
76,55,22,5,0,0,99.0
96,55,73,2,0,0,13.5
97,35,17,2,0,0,13.5
99,60,4,2,0,1,13.5
0,91,73,2,0,0,15.0
1,93,48,2,0,0,15.0
6,71,18,2,1,0,15.0
7,24,78,2,0,0,15.0
7,35,14,2,0,0,15.0
9,99,77,2,0,0,15.0
10,70,60,2,0,0,15.0
12,51,48,2,0,0,15.0
74,57,28,5,0,2,99.0
16,68,51,2,1,0,15.0
21,9,36,2,0,0,15.0
26,38,41,2,0,0,15.0
74,18,33,5,0,1,99.0
26,60,57,2,0,1,15.0
74,7,58,5,0,0,99.0
27,60,71,2,0,1,15.0
28,27,73,2,0,0,15.0
28,55,31,2,0,0,15.0
29,7,78,2,0,1,15.0
31,88,23,2,0,1,15.0
32,53,38,2,0,0,15.0
32,54,59,2,0,0,15.0
33,94,32,2,0,0,15.0
35,38,43,2,0,0,15.0
36,26,37,2,0,0,15.0
36,68,53,2,0,0,15.0
41,19,22,2,0,1,15.0
42,11,44,2,0,0,15.0
42,39,63,2,0,1,15.0
45,63,16,2,0,0,15.0
50,25,8,2,1,0,15.0
55,3,28,2,0,0,15.0
56,33,37,2,0,1,15.0
59,26,33,2,0,0,15.0
59,30,39,2,0,0,15.0
59,51,30,2,0,0,15.0
69,70,62,5,0,0,99.0
60,6,15,2,1,1,15.0
65,58,42,5,0,2,99.0
60,96,75,2,1,0,15.0
63,29,73,2,0,1,15.0
65,25,0,2,0,1,15.0
67,36,74,2,0,0,15.0
68,90,55,2,0,0,15.0
69,96,71,2,0,0,15.0
70,58,67,2,0,0,15.0
70,88,69,2,0,0,15.0
79,62,78,2,0,0,15.0
80,61,25,2,0,0,15.0
82,41,24,2,0,0,15.0
82,92,15,2,0,0,15.0
83,18,78,2,0,0,15.0
83,52,65,2,0,0,15.0
62,85,16,5,0,1,99.0
84,94,26,2,0,0,15.0
84,95,40,2,0,0,15.0
62,25,61,5,0,0,99.0
86,4,56,2,1,0,15.0
87,44,49,2,0,0,15.0
87,65,28,2,0,0,15.0
94,12,76,2,0,0,15.0
94,52,78,2,0,0,15.0
94,86,37,2,0,2,15.0
95,65,33,2,0,0,15.0
97,4,34,2,1,0,15.0
61,36,27,5,0,0,99.0
55,74,63,5,0,0,99.0
49,39,45,5,0,0,99.0
97,80,36,2,1,0,15.0
45,2,18,5,0,1,99.0
44,11,53,5,0,0,99.0
43,8,42,5,0,1,99.0
99,35,52,2,0,0,15.0
4,71,27,2,0,0,16.5
4,99,42,2,0,0,16.5
11,2,18,2,0,0,16.5
20,43,14,2,0,0,16.5
42,17,65,5,0,0,99.0
24,87,20,2,1,0,16.5
26,39,52,2,0,0,16.5
41,43,37,5,0,0,99.0
26,99,54,2,0,0,16.5
35,54,61,5,0,0,99.0
31,45,6,2,1,0,16.5
33,16,25,2,0,1,16.5
35,70,47,2,0,0,16.5
40,39,77,2,0,1,16.5
41,38,77,2,0,0,16.5
41,56,74,2,0,1,16.5
45,90,61,2,1,0,16.5
49,29,4,2,0,1,16.5
50,52,22,2,1,0,16.5
21,39,30,5,0,1,99.0
53,8,10,2,0,0,16.5
53,24,16,2,0,1,16.5
53,66,12,2,0,0,16.5
20,61,63,5,0,0,99.0
55,4,36,2,0,0,16.5
56,27,39,2,0,2,16.5
56,49,6,2,1,0,16.5
57,80,57,2,0,0,16.5
11,15,33,5,0,1,99.0
57,90,76,2,0,0,16.5
59,44,58,2,0,0,16.5
59,91,14,2,0,1,16.5
62,50,21,2,0,2,16.5
6,56,26,5,1,2,99.0
6,18,38,5,1,1,99.0
63,32,30,2,0,0,16.5
64,8,35,2,0,0,16.5
64,18,12,2,0,0,16.5
64,24,26,2,0,1,16.5
64,59,63,2,0,0,16.5
68,69,78,2,0,0,16.5
69,44,67,2,0,0,16.5
70,60,73,2,0,1,16.5
70,69,51,2,0,1,16.5
1,66,50,5,0,0,99.0
71,16,6,2,0,1,16.5
0,21,56,5,0,0,99.0
96,25,66,5,1,0,97.5
71,47,31,2,0,1,16.5
73,8,76,2,0,0,16.5
73,33,29,2,0,0,16.5
75,40,0,2,0,1,16.5
76,18,16,2,0,0,16.5
76,61,32,2,0,0,16.5
78,6,31,2,0,1,16.5
78,9,2,2,0,1,16.5
92,56,10,5,0,1,97.5
80,18,30,2,0,1,16.5
80,79,38,2,0,0,16.5
81,31,8,2,0,1,16.5
84,30,42,2,0,0,16.5
84,58,65,2,0,0,16.5
86,5,8,2,1,1,16.5
86,62,66,2,1,0,16.5
89,22,52,5,0,0,97.5
87,36,14,2,0,0,16.5
87,68,57,2,0,0,16.5
89,33,34,2,0,0,16.5
91,14,2,2,0,2,16.5
98,55,70,2,0,1,16.5
89,2,69,5,0,1,97.5
1,13,60,2,0,0,18.0
4,39,54,2,0,0,18.0
4,55,38,2,0,0,18.0
7,58,69,2,0,0,18.0
7,83,45,2,0,0,18.0
8,52,2,2,0,1,18.0
87,53,42,5,0,1,97.5
83,69,55,5,0,1,97.5
9,27,8,2,0,2,18.0
11,24,22,2,0,1,18.0
11,89,38,2,0,0,18.0
82,9,17,5,0,1,97.5
12,82,50,2,0,0,18.0
13,35,22,2,0,0,18.0
13,52,67,2,0,0,18.0
14,96,25,2,0,1,18.0
18,5,10,2,0,1,18.0
18,28,22,2,0,0,18.0
79,33,40,5,0,1,97.5
19,24,24,2,1,1,18.0
19,80,27,2,1,0,18.0
20,3,8,2,0,0,18.0
20,9,10,2,0,1,18.0
22,79,45,2,0,0,18.0
22,83,50,2,0,0,18.0
23,36,21,2,0,0,18.0
73,4,70,5,0,0,97.5
26,34,39,2,0,0,18.0
71,22,42,5,0,1,97.5
27,86,78,2,0,1,18.0
29,57,78,2,1,0,18.0
31,36,16,2,1,0,18.0
34,61,23,2,0,0,18.0
35,89,45,2,0,0,18.0
36,19,12,2,0,1,18.0
37,43,30,2,0,0,18.0
70,61,75,5,0,0,97.5
38,70,53,2,1,0,18.0
38,75,47,2,1,0,18.0
41,25,57,2,0,0,18.0
41,33,71,2,0,0,18.0
41,75,49,2,0,0,18.0
41,80,42,2,0,0,18.0
46,17,46,2,0,0,18.0
46,95,42,2,0,0,18.0
48,24,28,2,0,1,18.0
48,78,33,2,0,0,18.0
51,66,36,2,0,0,18.0
52,11,69,2,0,0,18.0
53,79,4,2,0,0,18.0
54,92,6,2,0,0,18.0
69,86,68,5,1,1,97.5
57,89,24,2,1,0,18.0
58,96,71,2,0,1,18.0
59,78,35,2,0,0,18.0
69,58,0,5,1,1,97.5
60,8,8,2,1,0,18.0
60,88,0,2,1,0,18.0
62,80,68,5,0,0,97.5
61,9,34,5,0,1,97.5
61,6,43,2,0,1,18.0
62,29,75,2,0,1,18.0
60,35,10,5,1,1,97.5
59,52,71,5,0,0,97.5
54,70,16,5,0,1,97.5
52,99,4,5,1,1,97.5
52,9,12,5,1,1,97.5
48,72,50,5,0,0,97.5
62,40,27,2,0,1,18.0
63,40,12,2,0,1,18.0
64,0,65,2,0,0,18.0
48,54,66,5,0,0,97.5
64,76,59,2,0,0,18.0
65,81,38,2,0,1,18.0
47,34,33,5,1,0,97.5
69,53,74,2,0,0,18.0
70,62,55,2,0,1,18.0
70,74,71,2,0,0,18.0
70,85,26,2,1,0,18.0
45,53,15,5,1,1,97.5
72,16,42,2,0,1,18.0
42,62,70,5,0,1,97.5
41,15,51,5,0,2,97.5
73,16,0,2,0,1,18.0
73,29,12,2,0,2,18.0
73,42,78,2,0,0,18.0
74,21,38,2,0,0,18.0
75,35,57,2,0,0,18.0
79,13,2,2,0,1,18.0
82,68,26,2,0,1,18.0
84,35,20,2,0,0,18.0
84,92,76,2,0,0,18.0
38,63,32,5,1,0,97.5
89,34,27,2,0,0,18.0
89,90,57,2,0,0,18.0
36,7,39,5,0,0,97.5
90,51,52,2,0,0,18.0
94,34,39,2,0,1,18.0
33,50,73,5,0,2,97.5
96,13,28,2,1,0,18.0
96,56,0,2,1,1,18.0
97,5,0,2,1,1,18.0
97,34,15,2,1,1,18.0
97,44,60,2,1,0,18.0
28,79,39,5,0,1,97.5
0,45,63,2,0,1,19.5
0,59,61,2,0,0,19.5
3,68,4,2,0,1,19.5
28,77,57,5,0,0,97.5
3,99,16,2,0,0,19.5
6,94,20,2,1,1,19.5
7,84,24,2,0,0,19.5
12,66,16,2,0,0,19.5
26,97,43,5,0,1,97.5
12,81,14,2,0,0,19.5
12,96,55,2,0,1,19.5
22,15,0,5,1,1,97.5
13,45,30,2,0,1,19.5
13,89,36,2,0,0,19.5
14,32,32,2,0,0,19.5
14,68,29,2,0,1,19.5
22,5,12,5,1,1,97.5
15,80,8,2,0,1,19.5
20,73,68,5,0,1,97.5
16,7,19,2,1,0,19.5
19,3,14,2,1,0,19.5
19,51,8,2,1,0,19.5
19,97,38,5,1,1,97.5
19,99,56,2,1,0,19.5
20,27,27,2,0,1,19.5
20,82,73,2,0,0,19.5
20,84,78,2,0,0,19.5
20,98,75,2,0,1,19.5
17,63,48,5,0,0,97.5
9,49,22,5,1,0,97.5
21,1,62,2,0,0,19.5
21,86,64,2,0,1,19.5
26,55,48,2,0,0,19.5
26,68,50,2,0,1,19.5
4,15,44,5,0,1,97.5
26,89,59,2,0,0,19.5
27,13,34,2,1,0,19.5
1,79,55,5,0,1,97.5
31,23,4,2,1,0,19.5
33,32,78,2,0,0,19.5
97,50,2,5,1,1,96.0
34,53,18,2,0,0,19.5
35,4,32,2,0,0,19.5
35,6,2,2,0,2,19.5
35,52,76,2,0,0,19.5
37,6,33,2,0,1,19.5
38,17,43,2,1,0,19.5
38,42,14,2,1,0,19.5
38,76,2,2,1,0,19.5
40,27,15,2,1,1,19.5
96,78,2,5,1,1,96.0
40,49,8,2,1,0,19.5
41,27,30,2,0,1,19.5
96,38,7,5,1,1,96.0
94,32,40,5,1,0,96.0
94,20,0,5,1,1,96.0
91,2,43,5,1,0,96.0
90,54,71,5,0,0,96.0
43,69,34,2,0,0,19.5
47,83,76,2,1,0,19.5
89,55,74,5,0,1,96.0
48,64,55,2,0,0,19.5
52,64,24,2,0,1,19.5
53,5,78,2,0,1,19.5
89,39,35,5,1,1,96.0
88,44,62,5,1,0,96.0
53,30,14,2,0,1,19.5
53,83,60,2,1,0,19.5
55,2,50,2,0,0,19.5
55,62,33,2,0,1,19.5
84,99,44,5,0,1,96.0
58,44,77,2,0,0,19.5
62,71,73,2,0,0,19.5
64,33,14,2,0,1,19.5
65,49,15,2,1,0,19.5
71,82,37,2,0,0,19.5
71,94,14,2,0,1,19.5
73,90,20,2,0,1,19.5
75,31,51,2,0,1,19.5
75,83,53,2,0,1,19.5
76,7,28,2,0,0,19.5
82,58,64,5,0,1,96.0
76,53,20,2,0,1,19.5
79,81,44,5,1,0,96.0
81,46,49,2,0,0,19.5
79,24,30,5,1,1,96.0
82,96,31,2,0,1,19.5
84,5,49,2,0,1,19.5
84,75,14,2,0,1,19.5
84,90,63,2,0,0,19.5
86,41,10,2,1,1,19.5
89,78,65,2,0,1,19.5
92,9,4,2,0,1,19.5
94,10,41,2,0,1,19.5
94,69,36,2,1,0,19.5
95,10,37,2,0,1,19.5
95,58,73,2,1,0,19.5
76,83,67,5,0,0,96.0
96,8,57,2,1,1,19.5
97,52,9,2,1,1,19.5
72,47,44,5,0,2,96.0
97,84,56,2,1,0,19.5
71,52,57,5,0,1,96.0
0,26,67,2,0,0,21.0
3,63,20,2,0,0,21.0
4,20,40,2,0,1,21.0
6,77,22,2,1,1,21.0
8,32,6,2,0,1,21.0
70,15,28,5,1,1,96.0
8,70,47,2,1,1,21.0
69,94,5,5,1,1,96.0
69,87,60,5,1,0,96.0
69,13,10,5,1,1,96.0
66,61,57,5,0,0,96.0
11,45,59,2,0,1,21.0
11,82,40,2,0,0,21.0
66,51,38,5,0,0,96.0
12,46,24,2,0,0,21.0
13,43,62,2,0,0,21.0
14,65,34,2,0,1,21.0
63,0,75,5,0,0,96.0
14,73,36,2,0,0,21.0
15,55,10,2,0,1,21.0
16,64,57,2,1,0,21.0
18,30,18,2,0,0,21.0
20,12,12,2,0,1,21.0
21,14,40,2,0,1,21.0
22,99,16,2,0,1,21.0
26,27,61,2,0,1,21.0
26,61,69,2,0,0,21.0
61,90,47,5,0,1,96.0
29,28,0,2,1,1,21.0
56,8,15,5,1,2,96.0
55,92,52,5,0,1,96.0
31,30,44,2,1,0,21.0
47,63,53,5,2,0,96.0
34,28,76,2,0,0,21.0
35,18,6,2,0,1,21.0
37,53,35,2,0,1,21.0
37,77,63,2,0,0,21.0
38,21,66,2,1,0,21.0
46,18,61,5,0,1,96.0
43,21,47,2,0,0,21.0
43,34,20,2,0,0,21.0
44,74,69,2,0,0,21.0
45,82,33,2,1,0,21.0
46,80,51,2,0,0,21.0
46,96,33,2,0,1,21.0
47,11,78,2,1,0,21.0
50,83,0,2,1,1,21.0
51,87,54,2,0,0,21.0
51,92,78,2,0,0,21.0
45,66,65,5,1,0,96.0
53,1,70,2,1,0,21.0
54,30,76,2,0,0,21.0
55,20,44,2,0,1,21.0
57,8,0,2,1,1,21.0
59,23,41,2,0,0,21.0
44,24,35,5,1,1,96.0
61,55,40,2,0,0,21.0
43,92,22,5,0,1,96.0
62,57,2,2,1,1,21.0
63,1,64,2,0,0,21.0
63,20,18,2,0,1,21.0
63,56,37,2,0,2,21.0
64,55,68,2,0,0,21.0
64,57,76,2,0,1,21.0
64,81,78,2,0,0,21.0
43,40,49,5,0,1,96.0
64,95,70,2,0,1,21.0
43,27,54,5,0,1,96.0
65,66,18,2,1,0,21.0
43,24,64,5,0,2,96.0
69,18,69,2,0,1,21.0
71,65,23,2,0,1,21.0
73,70,33,2,0,1,21.0
43,15,70,5,0,1,96.0
75,43,27,2,1,0,21.0
77,11,65,2,0,0,21.0
77,74,73,2,0,0,21.0
80,90,65,2,0,0,21.0
82,38,45,2,0,1,21.0
41,96,59,5,0,1,96.0
83,3,62,2,0,1,21.0
83,11,72,2,0,0,21.0
83,86,74,2,0,1,21.0
87,52,22,2,0,1,21.0
87,70,51,2,0,1,21.0
89,36,44,2,1,0,21.0
92,33,17,2,1,1,21.0
95,40,2,2,1,1,21.0
95,53,23,2,1,1,21.0
96,92,19,2,1,1,21.0
97,75,7,2,1,1,21.0
98,26,63,2,1,0,21.0
40,90,22,5,1,1,96.0
98,44,71,2,1,0,21.0
0,70,69,2,0,1,22.5
2,39,10,2,0,0,22.5
4,56,76,2,0,1,22.5
5,53,47,2,1,1,22.5
6,42,35,2,1,1,22.5
6,65,78,2,1,1,22.5
13,80,73,2,0,0,22.5
14,75,18,2,1,1,22.5
35,22,69,5,0,1,96.0
16,88,65,2,1,0,22.5
18,62,14,2,0,1,22.5
34,39,41,5,1,1,96.0
19,47,16,2,1,2,22.5
19,54,78,2,1,0,22.5
20,6,5,2,1,2,22.5
22,42,8,2,0,1,22.5
23,35,49,2,0,0,22.5
23,58,69,2,0,1,22.5
34,35,17,5,1,1,96.0
27,32,63,2,1,0,22.5
30,9,6,2,0,1,22.5
31,7,30,2,1,0,22.5
32,23,71,5,0,0,96.0
31,25,10,2,1,0,22.5
33,83,2,2,1,1,22.5
30,40,71,5,0,1,96.0
34,69,29,2,0,1,22.5
30,32,45,5,1,0,96.0
29,17,53,5,2,0,96.0
28,69,44,5,0,1,96.0
38,53,25,2,1,1,22.5
41,2,26,2,0,1,22.5
43,25,75,2,0,0,22.5
46,35,74,2,0,0,22.5
46,76,35,2,0,0,22.5
46,89,26,2,0,1,22.5
28,44,52,5,0,1,96.0
47,0,0,2,1,1,22.5
48,32,57,2,0,0,22.5
48,65,26,2,0,1,22.5
49,73,31,2,0,0,22.5
26,79,71,5,0,1,96.0
51,78,76,2,0,0,22.5
53,29,27,2,1,2,22.5
53,60,62,2,1,1,22.5
26,52,17,5,1,1,96.0
63,68,41,2,0,1,22.5
64,12,72,2,0,0,22.5
66,83,20,2,0,1,22.5
66,88,71,2,0,0,22.5
66,91,22,2,0,1,22.5
70,21,53,2,1,0,22.5
70,28,35,2,1,0,22.5
24,73,40,5,1,1,96.0
70,80,40,2,1,0,22.5
71,33,25,2,0,1,22.5
73,79,25,2,0,1,22.5
75,39,22,2,1,0,22.5
22,65,28,5,1,1,96.0
78,83,39,2,0,1,22.5
82,16,35,2,0,1,22.5
82,18,43,2,0,1,22.5
82,52,69,2,0,1,22.5
83,32,50,2,1,0,22.5
83,51,6,2,1,0,22.5
83,87,47,2,1,0,22.5
84,68,35,2,0,1,22.5
87,27,65,2,0,1,22.5
87,47,74,2,0,2,22.5
88,43,78,2,0,0,22.5
89,10,4,2,1,0,22.5
18,77,45,5,1,1,96.0
91,88,0,2,1,1,22.5
92,78,78,2,1,0,22.5
16,94,27,5,1,1,96.0
0,18,71,2,0,1,24.0
0,42,75,2,1,0,24.0
13,30,4,5,1,1,96.0
1,94,66,2,0,1,24.0
4,21,68,2,0,0,24.0
6,9,0,2,2,1,24.0
13,26,22,5,1,1,96.0
7,3,37,2,0,0,24.0
13,23,43,5,1,0,96.0
13,4,49,5,1,0,96.0
7,41,64,2,0,0,24.0
11,10,67,2,0,0,24.0
11,48,74,2,0,0,24.0
11,66,46,2,0,0,24.0
12,59,52,2,0,0,24.0
13,62,38,2,0,1,24.0
13,85,77,2,0,0,24.0
14,20,16,2,1,1,24.0
11,1,0,5,1,1,96.0
4,52,62,5,0,1,96.0
18,90,20,2,0,2,24.0
19,4,58,2,1,0,24.0
20,1,68,2,1,0,24.0
20,76,37,2,1,0,24.0
20,96,12,2,1,1,24.0
22,28,18,2,0,1,24.0
4,17,58,5,1,0,96.0
2,76,52,5,0,1,96.0
22,38,47,2,0,2,24.0
22,50,10,2,1,1,24.0
23,78,8,2,0,1,24.0
2,58,57,5,1,1,96.0
26,66,76,2,0,0,24.0
28,47,33,2,0,2,24.0
31,10,14,2,1,0,24.0
33,48,59,2,1,0,24.0
2,50,12,5,1,1,96.0
40,53,29,2,1,1,24.0
42,70,21,2,1,1,24.0
2,3,75,5,1,0,96.0
44,8,2,2,1,1,24.0
48,7,71,2,0,0,24.0
48,50,77,2,0,1,24.0
48,60,64,2,0,1,24.0
1,6,12,5,1,2,96.0
52,47,26,2,0,2,24.0
97,54,0,5,2,1,94.5
96,34,73,5,1,1,94.5
53,37,37,2,1,0,24.0
53,89,31,2,1,1,24.0
95,92,27,5,1,1,94.5
53,92,33,2,1,1,24.0
95,30,50,5,1,1,94.5
57,76,18,2,1,0,24.0
58,53,72,2,1,1,24.0
60,26,2,2,1,1,24.0
63,61,71,2,0,0,24.0
64,42,32,2,0,1,24.0
94,42,45,5,1,1,94.5
64,46,74,2,0,1,24.0
65,24,45,2,1,1,24.0
65,64,20,2,1,1,24.0
66,77,30,2,0,1,24.0
68,30,16,2,1,0,24.0
70,14,37,2,1,1,24.0
70,49,55,2,1,0,24.0
71,3,29,2,0,1,24.0
73,56,38,2,0,3,24.0
73,96,14,2,1,1,24.0
93,82,52,5,0,0,94.5
75,58,5,2,1,1,24.0
93,24,31,5,0,2,94.5
76,79,61,2,0,1,24.0
77,46,67,2,0,0,24.0
78,61,14,2,1,0,24.0
79,69,15,2,1,1,24.0
80,2,77,2,0,0,24.0
81,24,51,2,0,1,24.0
82,67,76,2,0,0,24.0
83,24,18,2,1,1,24.0
84,18,51,2,0,1,24.0
87,62,0,2,1,1,24.0
89,98,17,2,1,1,24.0
93,23,67,2,0,0,24.0
93,77,69,2,0,0,24.0
95,32,0,2,1,0,24.0
96,18,78,2,1,1,24.0
96,74,22,2,1,0,24.0
98,43,32,2,1,0,24.0
0,51,32,3,1,0,25.5
83,84,58,5,1,0,94.5
2,74,0,3,1,1,25.5
2,87,3,3,1,1,25.5
83,61,8,5,1,1,94.5
4,5,2,3,1,1,25.5
5,69,17,3,1,1,25.5
82,15,5,5,1,1,94.5
5,87,20,3,1,1,25.5
80,69,59,5,0,2,94.5
6,51,43,3,2,0,25.5
9,65,39,3,1,1,25.5
9,88,27,3,1,1,25.5
11,16,10,3,1,1,25.5
11,77,15,3,1,1,25.5
12,80,57,3,0,1,25.5
16,26,13,3,1,1,25.5
19,34,29,3,1,1,25.5
20,21,70,3,1,0,25.5
76,50,39,5,0,2,94.5
20,42,23,3,1,1,25.5
21,57,74,3,0,2,25.5
23,64,76,3,0,1,25.5
26,67,4,3,1,1,25.5
28,51,62,3,0,0,25.5
31,21,77,3,1,0,25.5
73,76,73,5,1,0,94.5
70,72,61,5,1,0,94.5
31,47,18,3,1,2,25.5
70,33,71,5,1,1,94.5
32,47,67,3,0,2,25.5
32,59,52,3,0,1,25.5
33,20,7,3,1,1,25.5
33,54,10,3,1,1,25.5
33,75,29,3,1,1,25.5
36,6,34,3,0,2,25.5
69,8,73,5,1,1,94.5
68,34,63,5,1,1,94.5
68,2,6,5,1,1,94.5
36,35,46,3,0,1,25.5
36,61,49,3,0,1,25.5
38,86,4,3,1,2,25.5
40,21,4,3,1,1,25.5
41,98,66,3,0,1,25.5
43,50,17,3,1,1,25.5
44,66,43,3,1,0,25.5
46,31,53,3,0,1,25.5
48,9,61,3,0,1,25.5
48,53,39,3,0,1,25.5
48,66,62,3,1,0,25.5
66,74,75,5,1,0,94.5
48,73,0,3,1,1,25.5
50,21,57,3,1,1,25.5
50,41,0,3,2,1,25.5
50,45,4,3,2,1,25.5
59,38,27,3,0,1,25.5
59,85,24,3,0,1,25.5
62,36,76,3,1,0,25.5
63,93,43,3,0,0,25.5
63,98,58,3,0,1,25.5
64,11,5,3,1,1,25.5
65,59,47,5,1,0,94.5
64,75,0,5,1,1,94.5
66,13,73,3,0,1,25.5
64,58,8,5,1,2,94.5
66,24,47,3,1,1,25.5
66,32,0,3,1,1,25.5
66,99,9,3,1,1,25.5
62,49,17,5,1,0,94.5
68,27,18,3,1,1,25.5
61,40,17,5,1,1,94.5
59,56,65,5,0,2,94.5
76,12,63,3,0,0,25.5
79,99,0,3,1,1,25.5
80,33,47,3,0,1,25.5
80,60,53,3,0,2,25.5
80,93,36,3,1,0,25.5
82,20,47,3,0,1,25.5
82,27,21,3,1,1,25.5
83,2,23,3,1,1,25.5
49,59,10,5,0,1,94.5
83,49,27,3,1,0,25.5
83,90,67,3,1,0,25.5
84,21,28,3,0,1,25.5
84,82,53,3,0,1,25.5
87,81,53,3,1,0,25.5
48,67,7,5,1,1,94.5
89,0,6,3,1,1,25.5
89,40,54,3,1,1,25.5
92,3,35,3,1,1,25.5
92,17,70,3,1,0,25.5
92,55,59,3,1,0,25.5
46,20,69,5,0,2,94.5
45,44,7,5,1,1,94.5
92,94,62,3,1,1,25.5
94,58,74,3,1,1,25.5
95,45,75,3,1,1,25.5
95,61,4,3,1,0,25.5
96,30,16,3,1,1,25.5
98,22,19,3,1,1,25.5
98,32,22,3,1,1,25.5
44,93,75,5,1,0,94.5
99,80,12,3,1,1,25.5
3,52,30,3,0,1,27.0
3,55,33,3,0,1,27.0
4,45,12,3,1,1,27.0
4,76,5,3,1,1,27.0
44,4,15,5,1,1,94.5
6,86,7,3,2,2,27.0
9,44,30,3,1,1,27.0
9,58,77,3,1,1,27.0
11,38,18,3,1,1,27.0
11,49,33,3,1,0,27.0
12,41,60,3,0,1,27.0
13,79,64,3,0,1,27.0
43,86,10,5,1,2,94.5
20,7,50,3,1,0,27.0
22,0,22,3,1,1,27.0
23,2,18,3,0,2,27.0
23,38,21,3,1,1,27.0
24,71,54,3,1,0,27.0
32,62,8,3,1,1,27.0
32,64,13,3,1,1,27.0
33,15,50,3,1,1,27.0
40,38,57,3,1,1,27.0
41,61,52,3,1,0,27.0
41,89,12,3,1,1,27.0
43,36,55,3,1,0,27.0
43,60,20,5,1,1,94.5
42,90,0,5,1,1,94.5
42,86,15,5,1,2,94.5
44,21,12,3,1,1,27.0
47,42,28,3,2,1,27.0
41,92,38,5,1,1,94.5
41,79,3,5,1,1,94.5
38,61,37,5,1,1,94.5
38,44,60,5,1,2,94.5
37,63,66,5,0,0,94.5
48,33,4,3,1,1,27.0
48,36,12,3,1,1,27.0
48,97,48,3,1,1,27.0
49,84,50,3,0,1,27.0
50,40,60,3,2,1,27.0
55,83,77,3,0,1,27.0
57,26,7,3,1,1,27.0
59,7,76,3,0,2,27.0
59,8,4,3,1,1,27.0
59,18,0,3,1,1,27.0
60,23,17,3,1,1,27.0
61,60,59,3,1,1,27.0
62,7,47,3,1,0,27.0
62,46,4,3,1,1,27.0
35,78,22,5,1,1,94.5
63,74,61,3,0,1,27.0
64,43,26,3,1,1,27.0
64,51,56,3,1,0,27.0
66,26,27,3,1,1,27.0
66,92,43,3,1,1,27.0
70,17,76,3,1,0,27.0
70,52,23,3,1,2,27.0
76,45,20,3,1,1,27.0
79,20,20,3,1,1,27.0
80,97,5,3,1,2,27.0
82,53,49,3,1,1,27.0
82,72,56,3,1,0,27.0
82,73,10,3,1,1,27.0
34,84,68,5,1,0,94.5
34,3,22,5,1,1,94.5
33,86,20,5,1,2,94.5
83,65,42,3,1,1,27.0
84,48,73,3,0,1,27.0
87,51,59,3,1,0,27.0
92,0,46,3,1,1,27.0
94,18,10,3,1,1,27.0
94,55,16,3,1,1,27.0
94,60,77,3,1,1,27.0
33,68,53,5,1,1,94.5
95,91,55,3,1,1,27.0
99,7,53,3,1,0,27.0
0,37,39,3,1,0,28.5
30,92,65,5,1,1,94.5
0,55,2,3,1,1,28.5
5,96,5,3,1,2,28.5
6,47,21,3,2,2,28.5
7,30,66,3,0,0,28.5
11,74,21,3,1,1,28.5
27,19,67,5,1,1,94.5
24,15,38,5,2,1,94.5
13,61,69,3,0,1,28.5
23,75,9,5,1,1,94.5
13,94,32,3,1,1,28.5
23,1,24,5,1,1,94.5
16,32,37,3,1,1,28.5
18,61,3,3,1,1,28.5
19,22,33,3,1,1,28.5
20,60,26,3,1,2,28.5
21,74,7,3,1,1,28.5
22,40,63,5,1,1,94.5
23,9,42,3,1,1,28.5
19,16,44,5,1,1,94.5
23,13,29,3,1,1,28.5
23,44,4,3,1,1,28.5
14,64,29,5,1,1,94.5
26,64,34,3,1,1,28.5
14,38,68,5,1,1,94.5
26,88,10,3,1,1,28.5
14,2,44,5,1,1,94.5
28,10,69,3,0,0,28.5
29,23,0,3,2,1,28.5
31,98,25,3,1,1,28.5
32,55,19,3,1,1,28.5
35,13,40,3,0,1,28.5
9,96,45,5,1,2,94.5
36,11,24,3,1,1,28.5
38,35,49,3,1,1,28.5
39,43,17,3,0,2,28.5
40,48,68,3,1,1,28.5
41,91,16,3,1,1,28.5
42,66,5,3,1,1,28.5
42,77,37,3,1,1,28.5
43,41,29,3,1,1,28.5
7,8,73,5,0,2,94.5
44,26,40,3,1,1,28.5
7,2,49,5,1,1,94.5
4,1,29,5,1,1,94.5
45,61,23,3,1,1,28.5
55,13,36,3,1,1,28.5
56,47,20,3,1,3,28.5
57,42,40,3,1,1,28.5
97,29,20,5,2,2,93.0
59,58,15,3,1,2,28.5
60,64,66,3,1,1,28.5
63,46,56,3,1,0,28.5
63,87,6,3,1,1,28.5
64,23,37,3,1,1,28.5
64,36,16,3,1,1,28.5
66,34,32,3,1,1,28.5
67,48,15,3,1,1,28.5
71,68,68,3,0,1,28.5
73,77,18,3,1,1,28.5
97,18,56,5,2,1,93.0
75,61,32,3,1,1,28.5
96,3,15,5,2,1,93.0
79,84,8,3,1,1,28.5
84,14,34,3,1,1,28.5
85,84,28,3,0,1,28.5
89,38,73,3,1,1,28.5
90,37,71,3,1,0,28.5
91,19,49,5,1,1,93.0
91,22,25,3,1,1,28.5
93,11,39,3,0,1,28.5
93,36,57,3,0,1,28.5
94,53,52,3,1,1,28.5
94,62,22,3,1,1,28.5
97,77,11,3,1,2,28.5
98,16,53,3,1,1,28.5
99,57,20,3,1,1,28.5
0,79,11,3,1,1,30.0
1,51,72,3,0,0,30.0
89,47,58,5,1,2,93.0
2,24,54,3,1,2,30.0
3,72,31,3,1,1,30.0
4,25,71,3,1,0,30.0
4,68,21,3,1,1,30.0
7,20,29,3,1,1,30.0
7,71,62,3,1,0,30.0
84,62,40,5,1,1,93.0
84,29,3,5,1,2,93.0
8,15,7,3,1,2,30.0
77,36,32,5,1,1,93.0
74,94,55,5,1,1,93.0
9,59,55,3,1,1,30.0
11,50,27,3,1,2,30.0
73,80,21,5,1,1,93.0
12,35,66,3,0,1,30.0
13,54,15,3,1,1,30.0
73,61,26,5,1,1,93.0
17,68,73,3,0,1,30.0
17,83,13,3,1,1,30.0
73,55,5,5,1,1,93.0
19,28,60,3,1,1,30.0
19,45,72,3,1,1,30.0
21,0,15,3,1,1,30.0
21,49,0,3,1,1,30.0
70,6,42,5,1,3,93.0
21,80,18,3,1,1,30.0
66,27,12,5,1,2,93.0
21,95,60,3,1,1,30.0
23,49,14,3,1,1,30.0
66,23,50,5,1,1,93.0
23,98,34,3,1,1,30.0
25,21,77,3,0,1,30.0
26,42,50,3,1,1,30.0
27,6,24,3,1,2,30.0
27,21,36,3,1,1,30.0
66,1,17,5,1,1,93.0
27,59,72,3,1,1,30.0
31,66,22,3,1,1,30.0
65,67,52,5,1,2,93.0
63,8,49,5,1,1,93.0
31,89,0,3,1,1,30.0
31,90,32,3,1,1,30.0
33,5,61,3,1,1,30.0
33,91,32,3,1,1,30.0
61,82,42,5,1,1,93.0
34,41,35,3,1,1,30.0
61,48,52,5,1,1,93.0
34,64,40,3,2,1,30.0
59,97,25,5,1,2,93.0
34,86,0,3,2,2,30.0
36,88,2,3,1,1,30.0
42,3,55,3,1,1,30.0
42,98,77,3,1,1,30.0
43,7,0,3,1,1,30.0
59,60,18,5,1,2,93.0
44,7,20,3,1,1,30.0
44,23,46,3,1,1,30.0
45,80,35,3,1,2,30.0
46,42,76,3,0,2,30.0
48,90,27,3,1,1,30.0
50,14,49,3,2,1,30.0
50,33,64,3,2,1,30.0
53,65,57,3,1,1,30.0
58,74,24,5,2,1,93.0
54,19,12,3,0,2,30.0
55,1,39,3,1,1,30.0
55,19,63,3,1,1,30.0
63,65,36,3,1,1,30.0
64,31,46,3,1,1,30.0
64,35,43,3,1,1,30.0
64,89,49,3,1,1,30.0
66,36,37,3,1,1,30.0
66,37,40,3,1,1,30.0
66,38,55,3,1,2,30.0
66,48,58,3,1,1,30.0
68,64,59,3,1,1,30.0
69,52,40,3,0,2,30.0
70,37,57,3,1,1,30.0
71,30,49,3,0,2,30.0
71,99,65,3,0,1,30.0
73,44,49,3,1,1,30.0
75,81,24,3,1,1,30.0
48,82,30,5,1,1,93.0
76,26,30,3,1,1,30.0
42,91,58,5,1,1,93.0
78,0,18,3,1,1,30.0
79,90,17,3,1,1,30.0
41,65,19,5,1,2,93.0
80,14,52,3,1,1,30.0
82,65,0,3,1,2,30.0
82,90,13,3,1,1,30.0
83,7,32,3,1,1,30.0
83,34,55,3,1,2,30.0
41,54,24,5,1,1,93.0
84,37,0,3,1,1,30.0
41,18,73,5,1,1,93.0
84,44,23,3,1,1,30.0
88,82,16,3,1,1,30.0
88,99,30,3,1,1,30.0
37,11,43,5,1,1,93.0
90,98,37,3,1,1,30.0
36,31,5,5,1,2,93.0
91,95,63,3,1,1,30.0
95,3,66,3,1,2,30.0
95,15,75,3,2,1,30.0
96,36,35,3,1,2,30.0
98,13,28,3,1,2,30.0
99,29,33,3,1,2,30.0
0,66,61,3,1,1,31.5
1,81,56,3,1,0,31.5
35,25,2,5,1,1,93.0
2,81,62,3,1,1,31.5
3,42,58,3,1,2,31.5
31,91,35,5,1,1,93.0
4,64,52,3,1,1,31.5
5,82,64,3,1,1,31.5
7,96,8,3,1,2,31.5
9,97,50,3,1,2,31.5
11,90,52,3,1,1,31.5
12,83,69,3,0,2,31.5
12,91,9,3,1,1,31.5
12,99,23,3,1,1,31.5
16,55,22,3,1,1,31.5
31,61,62,5,2,1,93.0
17,49,3,3,1,1,31.5
18,32,66,3,1,1,31.5
26,0,43,3,1,1,31.5
27,31,75,3,1,2,31.5
21,70,21,5,1,2,93.0
20,0,53,5,1,1,93.0
28,75,65,3,0,2,31.5
30,66,70,3,1,1,31.5
31,94,40,3,1,2,31.5
32,6,27,3,1,2,31.5
33,95,67,3,1,2,31.5
19,48,18,5,2,1,93.0
40,41,76,3,1,2,31.5
41,7,43,3,1,1,31.5
44,55,26,3,1,1,31.5
48,8,65,3,1,1,31.5
48,16,76,3,1,1,31.5
19,42,63,5,2,1,93.0
48,18,23,3,1,2,31.5
53,45,74,3,1,2,31.5
54,67,25,3,0,1,31.5
17,59,30,5,1,1,93.0
55,32,30,3,1,1,31.5
56,37,3,3,2,1,31.5
56,44,0,3,2,2,31.5
57,13,54,3,1,1,31.5
59,32,40,3,1,1,31.5
17,35,35,5,1,1,93.0
59,88,7,3,1,1,31.5
62,20,58,3,1,1,31.5
62,43,35,3,1,1,31.5
63,57,15,3,1,1,31.5
64,93,62,3,1,0,31.5
68,63,0,3,1,1,31.5
14,31,55,5,1,2,93.0
70,76,66,3,1,1,31.5
71,19,75,3,1,1,31.5
71,48,35,3,1,1,31.5
73,75,35,3,1,1,31.5
74,12,3,3,1,1,31.5
76,70,0,3,1,2,31.5
77,61,72,3,1,1,31.5
80,1,42,3,1,1,31.5
86,3,25,3,2,2,31.5
13,20,61,5,1,1,93.0
86,20,32,3,2,1,31.5
87,2,65,3,1,1,31.5
87,43,32,3,1,1,31.5
89,6,40,3,1,2,31.5
89,75,69,3,1,1,31.5
13,15,66,5,1,2,93.0
89,87,9,3,1,1,31.5
92,93,49,3,1,1,31.5
94,99,68,3,1,1,31.5
95,41,32,3,2,1,31.5
95,85,35,3,2,0,31.5
96,42,11,3,2,1,31.5
96,90,40,3,2,1,31.5
96,95,0,3,2,2,31.5
97,37,8,3,2,1,31.5
0,99,26,3,1,1,33.0
2,70,3,3,2,2,33.0
5,90,43,3,1,1,33.0
6,29,17,3,2,2,33.0
6,35,30,3,2,1,33.0
9,16,67,3,1,1,33.0
9,37,70,5,1,1,93.0
10,23,62,3,0,1,33.0
12,33,76,3,1,1,33.0
9,13,0,5,2,2,93.0
12,55,42,3,1,1,33.0
12,89,19,3,1,1,33.0
13,36,19,3,1,1,33.0
16,56,59,3,1,2,33.0
7,34,3,5,1,2,93.0
19,18,0,3,2,2,33.0
4,34,24,5,1,2,93.0
19,58,3,3,2,2,33.0
20,59,75,3,1,1,33.0
20,66,64,3,2,1,33.0
21,46,31,3,1,1,33.0
23,72,66,3,1,0,33.0
23,85,69,3,1,1,33.0
23,97,72,3,1,2,33.0
24,7,57,3,1,1,33.0
26,17,46,3,1,1,33.0
28,92,73,3,1,1,33.0
4,32,43,5,1,1,93.0
29,41,46,3,2,1,33.0
29,93,71,3,2,0,33.0
30,52,24,3,1,1,33.0
2,90,8,5,2,1,93.0
30,84,11,3,1,1,33.0
2,51,65,5,2,0,93.0
31,26,56,3,1,1,33.0
31,70,10,3,2,2,33.0
32,11,48,3,1,1,33.0
34,70,13,3,2,2,33.0
34,91,19,3,2,1,33.0
36,49,62,3,1,1,33.0
2,10,72,5,2,0,93.0
38,68,76,3,1,1,33.0
39,97,65,3,1,2,33.0
40,87,12,3,2,1,33.0
43,90,58,3,1,1,33.0
45,25,7,3,2,1,33.0
46,19,7,3,1,2,33.0
48,76,38,3,1,1,33.0
52,1,34,3,1,1,33.0
55,38,12,3,1,2,33.0
58,81,0,3,2,1,33.0
97,36,40,5,2,1,91.5
59,87,35,3,1,1,33.0
97,24,11,5,2,2,91.5
62,34,29,3,1,2,33.0
66,6,67,3,1,2,33.0
66,20,0,3,2,2,33.0
97,0,30,5,2,2,91.5
70,65,6,3,2,2,33.0
71,40,0,3,1,2,33.0
71,64,69,3,1,1,33.0
76,17,8,3,1,1,33.0
81,66,3,3,1,2,33.0
82,74,35,3,1,1,33.0
83,64,72,3,1,1,33.0
83,72,63,3,1,1,33.0
87,32,16,3,1,1,33.0
87,97,45,3,1,2,33.0
90,17,55,3,1,1,33.0
96,94,20,5,2,2,91.5
92,40,3,3,2,2,33.0
93,33,0,3,1,2,33.0
93,45,3,3,1,2,33.0
98,48,41,3,1,1,33.0
0,48,29,3,1,2,34.5
0,83,35,3,1,2,34.5
3,16,62,3,2,1,34.5
96,87,25,5,2,1,91.5
3,29,8,3,2,2,34.5
95,44,3,5,2,2,91.5
4,51,8,3,1,1,34.5
7,1,46,3,1,1,34.5
7,50,11,3,1,2,34.5
7,66,14,3,1,2,34.5
11,79,36,3,1,1,34.5
93,38,6,5,1,2,91.5
13,38,58,3,1,2,34.5
13,78,76,3,1,1,34.5
21,6,46,3,1,2,34.5
21,34,43,3,1,2,34.5
21,77,40,3,1,1,34.5
21,82,67,3,1,1,34.5
92,74,10,5,2,1,91.5
22,58,36,3,1,2,34.5
25,52,27,3,1,1,34.5
26,45,37,3,1,2,34.5
26,47,63,3,1,2,34.5
26,58,53,3,1,2,34.5
91,43,66,5,1,1,91.5
91,33,71,5,1,2,91.5
27,5,51,3,2,1,34.5
31,20,13,3,2,2,34.5
31,33,16,3,2,2,34.5
89,50,63,5,1,3,91.5
89,18,3,5,2,2,91.5
88,80,45,5,1,1,91.5
31,68,31,3,2,1,34.5
88,75,38,5,1,1,91.5
31,81,19,3,2,1,34.5
87,95,38,5,1,2,91.5
32,91,76,3,1,1,34.5
84,86,45,5,1,2,91.5
33,22,5,3,2,1,34.5
35,85,10,3,0,1,34.5
37,20,16,3,1,2,34.5
39,42,71,3,1,1,34.5
40,61,75,3,2,1,34.5
41,29,49,3,1,2,34.5
43,23,75,3,1,1,34.5
44,79,27,3,2,1,34.5
45,7,17,3,2,1,34.5
46,7,23,3,1,1,34.5
46,32,34,3,1,1,34.5
82,84,59,5,1,1,91.5
47,24,77,3,2,1,34.5
48,30,44,3,1,2,34.5
48,49,6,3,2,1,34.5
49,22,74,3,1,1,34.5
53,21,77,3,1,2,34.5
82,81,70,5,1,1,91.5
53,55,45,3,2,1,34.5
54,34,32,3,1,2,34.5
54,45,20,3,1,2,34.5
57,55,48,3,1,1,34.5
58,4,39,3,2,1,34.5
58,66,18,3,2,2,34.5
80,85,0,5,1,1,91.5
80,67,28,5,1,1,91.5
58,83,21,3,2,2,34.5
59,99,49,3,1,1,34.5
60,38,0,3,2,2,34.5
60,54,5,3,2,1,34.5
62,35,52,3,1,1,34.5
62,89,11,3,1,2,34.5
79,89,49,5,1,2,91.5
74,59,43,5,1,1,91.5
64,48,0,3,2,2,34.5
64,97,35,3,2,2,34.5
65,32,3,3,2,1,34.5
74,41,64,5,1,1,91.5
73,22,52,5,1,1,91.5
66,17,21,3,2,1,34.5
73,20,57,5,1,2,91.5
66,80,33,3,2,1,34.5
68,84,37,3,1,1,34.5
72,61,69,5,0,2,91.5
69,4,34,3,1,1,34.5
70,95,17,3,2,2,34.5
72,18,74,5,0,2,91.5
71,88,13,3,1,1,34.5
73,10,31,3,1,1,34.5
71,13,5,5,1,2,91.5
76,4,48,3,1,1,34.5
76,97,61,3,1,2,34.5
79,0,67,3,1,1,34.5
69,57,20,5,1,2,91.5
68,52,11,5,1,2,91.5
79,32,76,3,1,2,34.5
66,25,36,5,2,1,91.5
81,3,11,3,1,2,34.5
82,35,27,3,1,1,34.5
82,69,38,3,1,1,34.5
83,43,3,3,2,1,34.5
84,13,14,3,1,2,34.5
84,60,31,3,1,2,34.5
87,18,48,3,1,2,34.5
88,0,50,3,1,1,34.5
88,77,53,3,1,1,34.5
91,12,28,3,1,1,34.5
64,50,14,5,2,2,91.5
63,86,39,5,1,2,91.5
91,45,40,3,1,2,34.5
63,24,18,5,1,2,91.5
95,12,45,3,2,1,34.5
61,26,74,5,2,1,91.5
95,31,22,3,2,2,34.5
56,99,39,5,2,1,91.5
95,89,28,3,2,1,34.5
96,57,37,3,2,1,34.5
96,68,30,3,2,2,34.5
3,44,14,3,2,2,36.0
4,53,55,3,1,2,36.0
4,75,74,3,1,1,36.0
55,36,51,5,1,1,91.5
5,55,56,3,1,1,36.0
7,70,26,3,1,2,36.0
9,2,58,3,1,2,36.0
54,10,43,5,1,1,91.5
11,33,30,3,1,2,36.0
11,64,55,3,1,2,36.0
12,92,0,3,1,2,36.0
20,51,3,3,2,1,36.0
21,24,49,3,1,2,36.0
22,30,39,3,1,1,36.0
53,36,27,5,2,1,91.5
22,66,47,3,1,2,36.0
22,93,57,3,1,1,36.0
28,9,64,3,1,1,36.0
52,81,75,5,1,1,91.5
50,69,30,5,2,2,91.5
29,62,61,3,2,1,36.0
31,9,25,3,2,2,36.0
32,18,51,3,1,2,36.0
32,39,57,3,1,2,36.0
32,77,60,3,1,1,36.0
38,29,29,3,2,2,36.0
38,32,63,3,2,1,36.0
41,13,55,3,1,2,36.0
41,44,69,3,1,2,36.0
41,48,3,3,2,2,36.0
45,34,10,3,2,2,36.0
45,69,25,3,2,1,36.0
46,13,10,3,1,2,36.0
46,16,70,3,1,1,36.0
48,74,15,3,2,1,36.0
55,7,66,3,1,1,36.0
55,18,59,3,1,2,36.0
57,44,43,3,1,2,36.0
59,31,67,3,1,2,36.0
61,10,0,3,1,1,36.0
62,16,25,3,1,2,36.0
46,71,16,5,1,1,91.5
63,73,45,3,1,1,36.0
64,27,3,3,2,2,36.0
64,70,29,3,2,2,36.0
64,86,50,3,2,2,36.0
65,55,9,3,2,2,36.0
66,14,60,3,2,1,36.0
66,67,41,3,2,1,36.0
69,32,31,3,1,2,36.0
69,43,41,3,1,1,36.0
70,27,32,3,2,2,36.0
72,4,66,3,1,1,36.0
73,84,64,3,1,1,36.0
74,70,38,3,1,2,36.0
76,71,23,3,1,1,36.0
79,74,18,3,2,1,36.0
80,16,73,3,1,1,36.0
81,58,29,3,1,2,36.0
81,93,14,3,1,1,36.0
46,58,47,5,1,2,91.5
84,9,17,3,1,2,36.0
42,61,0,5,2,2,91.5
42,19,23,5,2,2,91.5
41,76,11,5,2,1,91.5
84,17,67,3,1,1,36.0
84,64,20,3,1,2,36.0
40,91,6,5,2,2,91.5
36,92,45,5,1,2,91.5
84,69,53,3,1,2,36.0
85,63,31,3,0,1,36.0
87,3,56,3,1,2,36.0
35,8,59,5,1,1,91.5
87,35,69,3,1,1,36.0
87,77,75,3,1,1,36.0
88,70,35,3,1,2,36.0
89,24,23,3,1,2,36.0
90,25,61,3,1,1,36.0
90,68,64,3,1,2,36.0
92,12,6,3,2,1,36.0
33,99,56,5,2,1,91.5
92,13,17,3,2,2,36.0
92,44,20,3,2,2,36.0
32,29,69,5,1,3,91.5
92,47,35,3,2,2,36.0
92,48,23,3,2,2,36.0
93,97,53,3,1,2,36.0
32,26,66,5,2,1,91.5
94,0,71,3,1,1,36.0
29,49,65,5,2,1,91.5
95,6,49,3,2,2,36.0
26,53,0,5,2,2,91.5
95,64,8,3,2,2,36.0
26,10,5,5,2,1,91.5
96,71,50,3,2,1,36.0
98,20,44,3,1,2,36.0
2,20,21,3,2,2,37.5
2,48,26,3,2,2,37.5
3,46,0,3,2,1,37.5
3,48,18,3,2,2,37.5
25,98,47,5,1,1,91.5
4,23,63,3,1,2,37.5
4,26,77,3,1,2,37.5
4,95,25,3,2,2,37.5
5,73,67,3,1,2,37.5
9,63,9,3,2,1,37.5
13,40,20,3,2,2,37.5
15,19,15,3,2,2,37.5
16,10,16,3,2,0,37.5
16,58,32,3,2,2,37.5
23,74,55,5,1,2,91.5
19,29,36,3,2,2,37.5
20,67,33,3,2,1,37.5
22,51,60,3,1,1,37.5
24,26,59,3,2,1,37.5
31,74,48,3,2,1,37.5
32,27,54,3,1,2,37.5
16,25,10,5,2,1,91.5
15,5,71,5,2,1,91.5
13,53,32,5,2,2,91.5
32,72,0,3,2,1,37.5
32,99,36,3,2,1,37.5
12,56,14,5,1,2,91.5
33,4,8,3,2,2,37.5
35,43,7,3,1,1,37.5
41,6,37,3,2,2,37.5
41,66,6,3,2,2,37.5
11,98,58,5,1,2,91.5
42,16,68,3,1,2,37.5
42,51,74,3,1,1,37.5
11,55,63,5,1,2,91.5
43,10,48,3,1,1,37.5
43,53,38,3,1,2,37.5
43,89,44,3,1,2,37.5
44,50,8,3,2,2,37.5
44,60,11,3,2,2,37.5
45,39,0,3,2,2,37.5
46,10,77,3,1,0,37.5
47,31,38,3,2,2,37.5
9,89,20,5,2,2,91.5
48,89,46,3,2,1,37.5
50,29,23,3,2,3,37.5
50,54,35,3,2,1,37.5
51,84,56,3,1,1,37.5
53,15,10,3,2,2,37.5
53,61,13,3,2,1,37.5
7,90,35,5,1,2,91.5
55,8,54,3,2,1,37.5
7,36,69,5,1,1,91.5
7,31,0,5,2,2,91.5
55,75,77,3,2,1,37.5
56,52,71,3,2,1,37.5
61,1,5,3,2,1,37.5
63,27,23,3,1,2,37.5
63,28,3,3,1,1,37.5
6,61,52,5,2,2,91.5
4,28,11,5,2,1,91.5
3,60,34,5,2,2,91.5
64,92,26,3,2,2,37.5
68,31,43,3,1,2,37.5
69,90,65,3,1,2,37.5
2,65,13,5,2,2,91.5
70,55,41,3,2,2,37.5
70,67,61,3,2,1,37.5
71,44,30,3,1,2,37.5
71,55,26,3,1,2,37.5
71,58,56,3,1,2,37.5
75,10,61,3,1,1,37.5
2,60,39,5,2,2,91.5
76,29,41,3,1,2,37.5
76,32,16,3,1,2,37.5
76,34,35,3,1,2,37.5
99,91,71,5,1,2,90.0
76,44,57,3,1,2,37.5
79,31,28,3,2,2,37.5
82,70,75,3,1,2,37.5
83,6,57,3,2,2,37.5
84,87,72,3,1,1,37.5
91,86,53,5,2,2,90.0
87,84,62,3,1,2,37.5
89,37,76,3,1,1,37.5
91,28,20,5,2,1,90.0
89,52,37,3,2,1,37.5
84,81,75,5,1,2,90.0
84,36,74,5,2,1,90.0
90,29,74,3,1,2,37.5
90,74,77,3,1,1,37.5
92,35,40,3,2,1,37.5
82,50,44,5,2,2,90.0
93,30,19,3,1,1,37.5
93,40,23,3,1,2,37.5
93,43,61,3,1,1,37.5
93,51,11,3,1,1,37.5
94,28,6,3,2,1,37.5
94,98,0,3,2,2,37.5
95,8,70,3,2,1,37.5
95,11,52,3,2,2,37.5
76,27,69,5,1,2,90.0
97,30,75,3,2,1,37.5
76,10,74,5,1,1,90.0
0,16,58,3,1,2,39.0
75,88,56,5,2,1,90.0
1,57,51,3,1,1,39.0
4,61,16,3,2,2,39.0
6,75,61,3,2,2,39.0
7,69,40,3,1,2,39.0
8,14,63,3,2,1,39.0
11,6,70,3,1,2,39.0
11,41,73,3,1,2,39.0
12,74,31,3,1,1,39.0
12,95,55,3,1,2,39.0
13,14,73,3,2,1,39.0
13,47,41,3,2,2,39.0
69,59,0,5,2,2,90.0
68,97,0,5,2,3,90.0
16,86,28,3,2,2,39.0
20,4,28,3,2,2,39.0
20,31,51,3,2,2,39.0
20,71,10,3,2,1,39.0
21,8,52,3,1,2,39.0
21,42,63,3,1,2,39.0
21,99,70,3,1,2,39.0
23,79,0,3,2,2,39.0
30,86,58,3,1,2,39.0
32,5,3,3,2,2,39.0
32,33,11,3,2,2,39.0
67,63,64,5,1,1,90.0
35,51,77,3,1,1,39.0
36,81,65,3,1,1,39.0
36,85,5,3,2,1,39.0
66,53,50,5,2,2,90.0
63,60,59,5,1,2,90.0
38,89,15,3,2,2,39.0
40,30,27,3,2,1,39.0
41,8,0,3,2,2,39.0
42,8,5,3,2,2,39.0
42,10,10,3,2,1,39.0
42,50,52,3,2,2,39.0
43,63,71,3,1,1,39.0
60,99,44,5,2,2,90.0
60,2,64,5,2,3,90.0
56,85,31,5,2,1,90.0
46,61,13,3,1,2,39.0
47,28,49,3,2,1,39.0
47,40,70,3,2,2,39.0
55,6,73,3,2,2,39.0
56,7,54,3,2,1,39.0
57,70,4,3,1,3,39.0
59,37,60,3,1,1,39.0
56,66,9,5,2,2,90.0
59,62,64,3,1,1,39.0
59,83,6,3,2,2,39.0
63,16,74,3,1,2,39.0
63,42,28,3,1,2,39.0
64,62,67,3,2,1,39.0
55,12,34,5,2,1,90.0
64,98,11,3,2,2,39.0
66,44,24,3,2,2,39.0
52,16,0,5,2,2,90.0
68,54,46,3,1,2,39.0
69,46,26,3,2,1,39.0
70,90,67,3,2,1,39.0
71,0,64,3,1,1,39.0
47,55,0,5,3,2,90.0
71,23,38,3,1,2,39.0
71,51,41,3,1,1,39.0
43,38,20,5,2,2,90.0
42,80,66,5,2,1,90.0
73,91,0,3,2,2,39.0
75,18,8,3,2,2,39.0
75,91,3,3,2,2,39.0
80,54,39,3,1,1,39.0
80,66,63,3,1,2,39.0
82,5,24,3,1,2,39.0
82,97,68,3,2,2,39.0
83,50,0,3,2,3,39.0
42,15,18,5,2,2,90.0
83,77,24,3,2,1,39.0
84,89,0,3,2,2,39.0
86,54,61,3,2,1,39.0
87,48,9,3,2,2,39.0
87,61,19,3,2,2,39.0
40,13,44,5,2,2,90.0
87,75,0,3,2,2,39.0
36,94,9,5,2,2,90.0
36,93,26,5,2,1,90.0
89,21,73,3,2,1,39.0
93,46,37,3,1,1,39.0
34,46,58,5,2,1,90.0
93,87,31,3,1,2,39.0
33,98,19,5,2,2,90.0
97,56,6,3,3,2,39.0
98,79,3,3,2,2,39.0
0,12,77,3,1,2,40.5
4,37,19,3,2,1,40.5
4,72,3,3,2,1,40.5
4,91,31,3,2,2,40.5
5,49,9,3,2,1,40.5
10,46,52,3,1,1,40.5
11,3,76,3,1,2,40.5
12,22,39,3,1,2,40.5
12,30,61,3,1,1,40.5
13,56,23,3,2,2,40.5
21,12,48,3,2,1,40.5
22,25,77,3,1,1,40.5
22,62,0,3,2,2,40.5
23,5,6,3,2,2,40.5
25,59,15,3,1,2,40.5
26,1,71,3,1,1,40.5
27,71,44,3,2,1,40.5
28,11,25,3,1,2,40.5
28,45,28,3,1,2,40.5
31,49,70,3,2,1,40.5
31,50,34,3,2,3,40.5
36,23,14,3,2,2,40.5
38,9,32,3,2,2,40.5
41,73,16,3,2,2,40.5
42,53,41,3,2,2,40.5
43,0,51,3,1,2,40.5
32,22,6,5,2,2,90.0
43,75,11,3,2,2,40.5
44,45,33,3,2,2,40.5
29,77,63,5,3,1,90.0
29,35,0,5,3,2,90.0
45,41,43,3,2,2,40.5
26,16,19,5,2,2,90.0
46,63,40,3,1,2,40.5
48,71,53,3,2,1,40.5
48,75,32,3,2,2,40.5
48,93,40,3,2,1,40.5
53,27,17,3,2,2,40.5
21,96,53,5,2,2,90.0
57,35,26,3,1,2,40.5
59,14,76,3,2,1,40.5
59,35,55,3,2,1,40.5
21,28,31,5,2,1,90.0
59,41,19,3,2,2,40.5
62,58,59,3,2,2,40.5
62,59,9,3,2,2,40.5
62,74,51,3,2,1,40.5
63,11,12,3,1,2,40.5
63,97,77,3,1,3,40.5
20,15,36,5,2,2,90.0
64,9,38,3,2,2,40.5
64,47,23,3,2,3,40.5
19,36,39,5,2,2,90.0
64,71,47,3,2,1,40.5
64,78,32,3,2,1,40.5
18,33,33,5,2,2,90.0
65,69,35,3,2,2,40.5
66,57,29,3,2,1,40.5
66,78,67,3,2,1,40.5
66,98,44,3,2,2,40.5
14,40,15,5,2,2,90.0
68,15,23,3,2,2,40.5
68,86,67,3,2,2,40.5
14,9,41,5,2,2,90.0
71,85,72,3,1,1,40.5
73,48,12,3,2,2,40.5
73,88,19,3,2,1,40.5
74,47,69,3,1,3,40.5
75,63,14,3,2,2,40.5
76,80,26,3,1,2,40.5
13,48,58,5,2,2,90.0
77,24,27,3,1,2,40.5
80,95,60,3,1,2,40.5
83,59,12,3,2,2,40.5
84,16,5,3,2,2,40.5
85,10,13,3,1,1,40.5
86,42,71,3,2,2,40.5
87,56,44,3,2,2,40.5
88,76,67,3,1,2,40.5
89,15,26,3,2,2,40.5
13,1,63,5,2,1,90.0
89,27,29,3,2,2,40.5
89,92,32,3,2,2,40.5
12,93,64,5,1,1,90.0
93,66,70,3,1,2,40.5
95,35,63,3,2,2,40.5
95,50,55,3,3,2,40.5
95,96,33,3,3,2,40.5
98,69,6,3,2,2,40.5
2,12,51,3,2,1,42.0
3,11,3,3,2,2,42.0
6,7,64,3,2,2,42.0
10,99,16,5,1,2,90.0
6,88,76,3,2,1,42.0
6,91,11,3,3,2,42.0
7,23,74,3,1,2,42.0
9,5,12,5,2,2,90.0
7,99,61,3,2,1,42.0
9,67,69,3,2,1,42.0
11,21,0,3,2,2,42.0
7,38,35,5,2,2,90.0
11,51,15,3,2,1,42.0
12,76,58,3,1,2,42.0
12,87,69,3,1,2,42.0
15,46,43,3,2,1,42.0
16,74,35,3,2,2,42.0
19,7,28,3,2,2,42.0
19,21,44,3,2,2,42.0
4,54,48,5,2,1,90.0
19,83,31,3,2,2,42.0
21,72,6,3,2,1,42.0
22,33,24,3,2,2,42.0
22,82,3,3,2,2,42.0
24,46,0,3,2,2,42.0
26,2,29,3,2,2,42.0
26,4,34,3,2,2,42.0
26,50,67,3,2,2,42.0
4,30,37,5,2,2,90.0
26,92,50,3,2,2,42.0
26,96,58,3,2,2,42.0
27,94,26,3,2,2,42.0
3,98,28,5,2,2,90.0
29,50,14,3,2,3,42.0
31,77,50,3,3,1,42.0
31,78,10,3,3,1,42.0
33,0,27,3,2,2,42.0
33,36,44,3,2,2,42.0
0,69,9,5,2,2,90.0
37,33,48,3,1,2,42.0
38,54,66,3,2,1,42.0
38,69,43,3,2,2,42.0
38,77,69,3,2,1,42.0
38,88,72,3,2,1,42.0
99,90,0,5,2,2,88.5
40,59,30,3,2,2,42.0
41,39,22,3,2,2,42.0
42,81,32,3,2,1,42.0
43,14,4,3,2,2,42.0
94,41,29,5,2,2,88.5
43,29,58,3,2,2,42.0
84,61,8,5,2,2,88.5
43,33,38,3,2,2,42.0
82,55,12,5,2,2,88.5
82,2,32,5,2,2,88.5
44,0,17,3,2,2,42.0
44,17,40,3,2,1,42.0
77,84,14,5,2,2,88.5
51,41,25,3,1,2,42.0
55,57,5,3,2,2,42.0
77,18,26,5,2,2,88.5
55,67,18,3,2,1,42.0
57,67,0,3,2,1,42.0
58,30,62,3,2,2,42.0
59,79,22,3,2,2,42.0
61,8,22,3,2,2,42.0
62,86,64,3,2,2,42.0
63,55,21,3,2,2,42.0
66,60,56,3,2,2,42.0
68,20,6,3,2,2,42.0
68,70,44,3,2,2,42.0
76,86,74,5,2,2,88.5
70,56,47,3,2,2,42.0
70,93,50,3,2,2,42.0
71,9,59,3,1,2,42.0
76,77,0,5,2,2,88.5
75,4,42,5,2,2,88.5
74,80,72,5,1,2,88.5
72,71,9,3,1,2,42.0
73,37,22,3,2,1,42.0
77,21,56,3,1,3,42.0
77,55,31,3,2,2,42.0
79,29,77,3,2,2,42.0
71,54,53,5,2,1,88.5
80,37,15,3,1,2,42.0
80,40,76,3,1,3,42.0
69,71,14,5,2,2,88.5
80,49,17,3,2,1,42.0
80,58,65,3,2,2,42.0
67,0,36,5,1,2,88.5
80,81,6,3,2,1,42.0
80,92,29,3,2,2,42.0
66,90,73,5,2,2,88.5
82,77,6,3,2,2,42.0
82,98,24,3,2,2,42.0
84,1,59,3,2,1,42.0
84,39,19,3,2,2,42.0
66,65,24,5,3,2,88.5
66,42,13,5,3,2,88.5
84,55,44,3,2,2,42.0
84,67,22,3,2,1,42.0
85,94,36,3,1,2,42.0
87,13,37,3,2,2,42.0
87,24,3,3,2,2,42.0
87,71,6,3,2,2,42.0
87,82,27,3,2,2,42.0
88,34,16,3,2,2,42.0
63,30,30,5,2,1,88.5
89,4,54,3,2,2,42.0
90,65,29,3,2,2,42.0
90,93,43,3,2,1,42.0
92,8,55,3,2,2,42.0
92,51,63,3,2,1,42.0
93,7,46,3,1,2,42.0
61,77,34,5,2,2,88.5
94,76,44,3,2,1,42.0
95,80,0,3,3,2,42.0
57,58,8,5,2,3,88.5
96,51,66,3,2,1,42.0
96,99,76,3,2,1,42.0
97,13,49,3,3,2,42.0
97,47,9,3,3,3,42.0
57,41,46,5,2,2,88.5
2,23,44,3,2,2,43.5
57,23,33,5,2,2,88.5
2,27,0,3,2,2,43.5
2,66,47,3,2,3,43.5
47,33,51,5,3,2,88.5
3,36,21,3,2,2,43.5
4,7,22,3,2,2,43.5
5,52,17,3,2,2,43.5
7,87,12,3,2,2,43.5
9,42,35,3,2,2,43.5
47,8,26,5,3,2,88.5
9,70,53,3,2,2,43.5
11,65,32,3,2,2,43.5
13,18,68,3,2,2,43.5
46,51,63,5,1,2,88.5
43,30,25,5,2,2,88.5
42,96,44,5,2,3,88.5
42,58,68,5,3,2,88.5
13,59,52,3,2,2,43.5
13,69,76,3,2,2,43.5
15,60,76,3,2,2,43.5
16,15,46,3,2,2,43.5
16,81,40,3,2,1,43.5
17,81,43,3,1,1,43.5
39,38,75,5,2,2,88.5
19,82,49,3,2,2,43.5
20,13,24,3,2,3,43.5
36,16,49,5,2,2,88.5
20,94,47,3,2,2,43.5
21,84,25,3,2,2,43.5
21,97,12,3,2,3,43.5
22,67,12,3,2,1,43.5
23,73,3,3,2,2,43.5
23,99,9,3,2,2,43.5
26,14,10,3,2,2,43.5
26,43,14,3,2,2,43.5
26,69,46,3,2,2,43.5
26,80,38,3,2,2,43.5
27,55,47,3,2,2,43.5
28,97,36,3,1,3,43.5
29,25,18,3,3,1,43.5
29,83,9,3,3,2,43.5
34,58,73,5,2,2,88.5
31,84,28,3,3,2,43.5
32,58,19,3,2,3,43.5
32,93,73,3,2,1,43.5
33,30,65,5,2,2,88.5
26,25,41,5,2,1,88.5
23,55,57,5,2,2,88.5
33,37,41,3,2,2,43.5
33,40,61,3,2,2,43.5
33,77,76,3,2,2,43.5
34,60,49,3,2,2,43.5
35,0,72,3,1,2,43.5
35,32,22,3,2,2,43.5
35,69,19,3,2,2,43.5
23,43,47,5,2,2,88.5
22,61,27,5,2,2,88.5
38,30,3,3,2,2,43.5
38,85,40,3,2,1,43.5
38,93,25,3,2,2,43.5
41,46,55,3,2,1,43.5
41,70,58,3,2,2,43.5
21,58,36,5,2,3,88.5
45,14,46,3,2,2,43.5
45,23,52,3,2,2,43.5
17,57,16,5,1,3,88.5
45,35,13,3,2,2,43.5
16,39,61,5,2,2,88.5
48,11,35,3,2,2,43.5
48,43,43,3,2,2,43.5
53,12,72,3,2,1,43.5
56,29,50,3,2,3,43.5
56,89,62,3,2,2,43.5
15,69,0,5,2,3,88.5
58,7,5,3,3,2,43.5
59,9,46,3,2,2,43.5
63,3,43,3,2,2,43.5
63,67,72,3,2,1,43.5
65,50,70,3,2,2,43.5
65,71,38,3,2,2,43.5
66,11,6,3,3,2,43.5
66,76,9,3,3,2,43.5
66,81,35,3,3,1,43.5
68,9,49,3,2,2,43.5
13,82,17,5,3,2,88.5
68,24,71,3,2,2,43.5
7,12,15,5,2,2,88.5
70,0,64,3,2,2,43.5
70,51,70,3,2,1,43.5
70,87,15,3,3,2,43.5
74,22,15,3,2,2,43.5
74,85,21,3,2,1,43.5
76,13,5,3,2,3,43.5
78,44,36,3,1,2,43.5
79,76,12,3,2,2,43.5
81,28,46,3,1,1,43.5
83,62,15,3,2,2,43.5
84,27,35,3,2,2,43.5
84,32,39,3,2,2,43.5
4,18,62,5,2,2,88.5
87,17,24,3,2,1,43.5
87,30,55,3,2,1,43.5
0,87,58,5,2,2,88.5
96,32,61,5,2,2,87.0
89,53,58,3,2,2,43.5
89,68,40,3,2,2,43.5
92,42,58,3,2,3,43.5
95,29,5,3,3,3,43.5
97,7,25,3,3,2,43.5
97,67,15,3,3,2,43.5
96,28,69,5,2,2,87.0
96,23,17,5,3,2,87.0
97,74,18,3,3,2,43.5
97,93,21,3,3,2,43.5
98,78,39,3,2,1,43.5
99,30,35,3,2,1,43.5
1,41,68,3,1,2,45.0
2,11,55,3,2,2,45.0
93,96,0,5,2,3,87.0
3,73,39,3,2,2,45.0
93,18,11,5,2,2,87.0
5,14,20,3,2,2,45.0
93,9,62,5,2,2,87.0
7,15,31,3,2,2,45.0
7,18,40,3,2,2,45.0
92,68,74,5,2,2,87.0
12,72,34,3,2,1,45.0
92,41,66,5,2,3,87.0
18,43,54,3,2,2,45.0
19,14,52,3,2,2,45.0
91,68,14,5,2,2,87.0
20,35,41,3,2,2,45.0
21,13,9,3,2,3,45.0
90,5,46,5,2,2,87.0
21,59,41,3,2,2,45.0
23,63,24,3,2,2,45.0
26,7,53,3,2,2,45.0
26,28,70,3,2,1,45.0
89,51,68,5,2,2,87.0
26,57,25,3,2,2,45.0
31,19,55,3,3,2,45.0
31,52,5,3,3,2,45.0
33,19,58,3,3,2,45.0
33,25,21,3,3,1,45.0
33,73,6,3,3,2,45.0
35,20,54,3,2,2,45.0
89,9,72,5,3,2,87.0
35,39,74,3,2,1,45.0
87,37,63,5,2,1,87.0
39,67,3,3,2,2,45.0
40,46,33,3,2,2,45.0
40,78,58,3,2,1,45.0
43,44,65,3,2,2,45.0
43,88,0,3,2,2,45.0
46,11,9,3,2,2,45.0
46,88,3,3,2,2,45.0
86,12,0,5,3,2,87.0
47,77,39,3,3,2,45.0
49,67,77,3,1,1,45.0
56,4,74,3,2,2,45.0
85,74,43,5,1,2,87.0
57,94,14,3,2,2,45.0
59,21,58,3,2,2,45.0
59,77,49,3,2,2,45.0
59,89,65,3,2,2,45.0
62,70,12,3,2,3,45.0
63,26,61,3,2,2,45.0
63,69,49,3,2,2,45.0
64,10,58,3,2,1,45.0
64,14,61,3,2,2,45.0
66,18,18,3,3,2,45.0
66,63,0,3,3,2,45.0
66,69,56,3,3,2,45.0
67,71,0,3,2,2,45.0
68,36,54,3,2,2,45.0
71,12,20,3,2,2,45.0
71,37,25,3,2,1,45.0
73,63,9,3,2,2,45.0
76,31,15,3,2,3,45.0
80,15,56,3,2,2,45.0
80,20,77,3,2,2,45.0
83,60,38,5,2,3,87.0
80,27,20,3,2,2,45.0
83,42,43,5,2,3,87.0
80,31,23,3,2,3,45.0
82,60,71,3,2,2,45.0
83,5,27,3,2,2,45.0
83,26,64,3,2,2,45.0
88,1,74,3,2,1,45.0
92,77,71,3,2,2,45.0
94,77,52,3,2,2,45.0
96,67,6,3,3,2,45.0
83,39,48,5,2,3,87.0
97,57,39,3,3,2,45.0
98,87,34,3,2,2,45.0
99,39,6,3,2,2,45.0
0,11,20,3,2,2,46.5
1,7,77,3,1,3,46.5
1,59,25,3,2,2,46.5
2,93,77,3,2,1,46.5
4,78,70,3,2,1,46.5
5,40,36,3,2,2,46.5
5,93,30,3,2,2,46.5
11,34,46,3,2,2,46.5
11,54,29,3,2,1,46.5
80,78,9,5,2,2,87.0
11,88,38,3,2,2,46.5
11,91,41,3,2,2,46.5
14,5,33,3,2,2,46.5
76,51,18,5,2,1,87.0
16,11,71,3,2,2,46.5
16,67,43,3,2,2,46.5
19,69,68,3,2,2,46.5
75,86,17,5,2,3,87.0
20,50,74,3,2,3,46.5
22,75,35,3,2,2,46.5
75,16,22,5,2,3,87.0
75,11,74,5,2,2,87.0
73,68,33,5,2,2,87.0
71,92,28,5,2,3,87.0
23,25,30,3,2,1,46.5
23,40,41,3,2,2,46.5
70,63,35,5,3,2,87.0
24,84,6,3,2,3,46.5
25,69,64,3,1,2,46.5
26,18,73,3,2,3,46.5
69,28,71,5,2,3,87.0
66,2,29,5,3,3,87.0
26,29,12,3,3,3,46.5
26,31,0,3,3,3,46.5
26,54,58,3,3,1,46.5
26,70,7,3,3,3,46.5
64,68,41,5,2,3,87.0
27,37,57,3,2,2,46.5
27,82,41,3,2,2,46.5
64,2,70,5,2,3,87.0
30,23,0,3,1,3,46.5
63,54,75,5,2,1,87.0
30,83,42,3,1,3,46.5
33,6,0,3,3,3,46.5
33,9,28,3,3,2,46.5
62,47,31,5,2,3,87.0
59,74,68,5,2,2,87.0
34,1,52,3,2,2,46.5
34,98,63,3,2,2,46.5
35,7,8,3,2,2,46.5
35,96,29,3,2,3,46.5
59,70,33,5,2,4,87.0
38,67,49,3,2,2,46.5
39,17,27,3,2,1,46.5
40,29,53,3,2,3,46.5
43,71,33,3,2,2,46.5
59,40,64,5,3,2,87.0
58,52,26,5,3,2,87.0
43,73,30,3,2,2,46.5
44,13,46,3,2,3,46.5
44,78,73,3,2,1,46.5
46,36,17,3,2,2,46.5
46,75,27,3,2,2,46.5
48,87,49,3,2,2,46.5
50,17,49,3,3,1,46.5
50,87,40,3,3,2,46.5
53,87,75,3,2,2,46.5
56,65,77,3,2,2,46.5
58,3,46,5,3,2,87.0
57,91,77,3,2,2,46.5
58,6,14,3,3,3,46.5
57,31,51,5,2,4,87.0
58,46,22,3,3,2,46.5
58,90,32,3,3,2,46.5
53,90,5,5,2,2,87.0
58,98,51,3,3,2,46.5
59,11,61,3,2,2,46.5
53,38,20,5,2,3,87.0
59,73,73,3,2,2,46.5
59,92,38,3,2,3,46.5
62,2,3,3,2,3,46.5
62,13,27,3,2,3,46.5
62,38,6,3,2,3,46.5
62,39,36,3,2,2,46.5
63,4,57,3,2,2,46.5
64,94,64,3,2,2,46.5
65,21,61,3,2,2,46.5
66,70,21,3,3,3,46.5
66,71,3,3,3,2,46.5
66,75,38,3,3,2,46.5
66,87,52,3,3,2,46.5
67,14,23,3,2,2,46.5
68,8,9,3,2,2,46.5
51,0,44,5,1,2,87.0
46,25,52,5,2,1,87.0
68,37,19,3,2,2,46.5
69,47,22,3,2,4,46.5
69,49,20,3,3,1,46.5
69,88,6,3,3,2,46.5
70,24,43,3,3,2,46.5
43,78,68,5,2,2,87.0
70,89,76,3,3,2,46.5
71,11,49,3,2,2,46.5
43,56,73,5,2,3,87.0
73,69,25,3,2,3,46.5
75,19,71,3,2,2,46.5
76,63,27,3,2,2,46.5
80,19,3,3,2,3,46.5
80,75,47,3,2,2,46.5
81,22,49,3,1,2,46.5
81,65,52,3,1,2,46.5
83,17,60,3,2,1,46.5
83,21,18,3,2,2,46.5
83,68,53,3,2,3,46.5
84,31,31,3,2,3,46.5
86,26,22,3,3,3,46.5
42,60,0,5,3,3,87.0
87,76,72,3,2,3,46.5
41,57,61,5,2,3,87.0
89,49,8,3,2,2,46.5
36,13,0,5,2,3,87.0
89,62,18,3,3,2,46.5
89,91,25,3,3,2,46.5
91,60,28,3,2,3,46.5
93,3,34,3,1,3,46.5
93,21,67,3,2,2,46.5
94,35,57,3,2,2,46.5
95,94,17,3,3,2,46.5
96,58,41,3,3,3,46.5
96,64,75,3,3,2,46.5
0,1,0,3,2,2,48.0
0,33,3,3,2,3,48.0
0,43,6,3,2,3,48.0
3,35,51,3,2,2,48.0
4,16,77,3,2,2,48.0
35,24,32,5,2,3,87.0
5,19,74,3,2,2,48.0
27,48,63,5,2,2,87.0
6,62,21,3,3,2,48.0
6,96,24,3,3,3,48.0
26,85,63,5,3,1,87.0
7,14,49,3,2,2,48.0
7,19,43,3,2,3,48.0
7,51,56,3,2,2,48.0
11,17,64,3,2,1,48.0
11,60,58,3,2,3,48.0
11,76,67,3,2,3,48.0
11,95,8,3,3,3,48.0
12,6,5,3,2,3,48.0
17,12,52,3,1,2,48.0
25,63,67,5,1,2,87.0
23,45,66,5,2,2,87.0
17,29,74,3,1,3,48.0
17,56,0,3,1,3,48.0
18,16,43,3,2,3,48.0
18,29,71,3,2,4,48.0
20,93,5,3,3,2,48.0
21,4,3,3,2,3,48.0
21,18,15,3,2,3,48.0
21,47,64,3,2,3,48.0
21,69,28,3,2,3,48.0
22,98,54,3,2,2,48.0
21,75,70,5,2,3,87.0
26,40,49,3,3,2,48.0
27,47,60,3,2,3,48.0
28,74,39,3,1,2,48.0
29,67,26,3,3,2,48.0
40,70,0,3,3,3,48.0
42,40,38,3,2,3,48.0
43,79,7,3,2,2,48.0
21,52,31,5,3,2,87.0
21,32,25,5,3,2,87.0
43,87,61,3,2,3,48.0
44,10,49,3,2,2,48.0
21,10,64,5,3,1,87.0
44,38,52,3,2,2,48.0
18,96,9,5,3,3,87.0
45,58,55,3,2,3,48.0
48,28,76,3,2,1,48.0
50,12,8,3,3,2,48.0
18,91,34,5,3,2,87.0
18,8,39,5,3,2,87.0
53,96,61,3,2,3,48.0
55,21,50,3,2,3,48.0
55,47,68,3,2,4,48.0
55,52,8,3,3,2,48.0
59,71,41,3,3,2,48.0
59,80,14,3,3,2,48.0
61,78,61,3,2,1,48.0
61,84,47,3,2,2,48.0
63,21,3,3,2,3,48.0
16,82,52,5,3,2,87.0
14,4,26,5,2,3,87.0
63,96,52,3,2,3,48.0
65,78,41,3,2,2,48.0
66,97,42,3,3,3,48.0
68,50,26,3,2,3,48.0
69,78,14,3,3,2,48.0
71,5,58,3,2,2,48.0
71,62,44,3,2,2,48.0
71,80,61,3,2,2,48.0
73,2,61,3,2,2,48.0
73,9,56,3,2,2,48.0
73,82,64,3,2,2,48.0
76,75,50,3,2,2,48.0
78,3,27,3,1,3,48.0
12,58,58,5,2,3,87.0
12,9,23,5,2,3,87.0
78,55,0,3,2,3,48.0
11,53,64,5,3,2,87.0
9,74,0,5,3,2,87.0
79,54,69,3,2,1,48.0
6,76,30,5,3,2,87.0
80,7,68,3,2,2,48.0
82,10,0,3,2,2,48.0
82,19,77,3,2,2,48.0
6,73,47,5,3,2,87.0
83,57,72,3,2,3,48.0
83,58,75,3,2,3,48.0
84,45,71,3,2,2,48.0
84,52,50,3,2,2,48.0
91,18,44,3,2,3,48.0
91,27,47,3,2,3,48.0
2,86,6,5,3,3,87.0
1,0,67,5,2,2,87.0
91,71,64,3,2,2,48.0
92,67,9,3,3,2,48.0
92,80,41,3,3,2,48.0
0,30,75,5,2,2,87.0
97,8,31,5,3,2,85.5
95,78,20,5,3,2,85.5
94,88,67,5,2,2,85.5
93,17,70,3,2,1,48.0
94,4,60,3,2,3,48.0
94,14,72,3,2,2,48.0
94,40,3,3,2,3,48.0
97,59,28,3,3,3,48.0
97,62,54,3,3,2,48.0
94,16,75,5,2,3,85.5
99,70,24,3,2,3,48.0
0,75,14,3,2,3,49.5
2,0,23,3,3,2,49.5
3,25,72,3,2,1,49.5
3,58,69,3,2,3,49.5
3,69,59,3,2,3,49.5
4,22,67,3,2,2,49.5
5,75,53,3,2,2,49.5
8,17,12,3,2,2,49.5
11,8,36,3,3,2,49.5
11,81,55,3,3,1,49.5
11,83,0,3,3,3,49.5
11,84,3,3,3,3,49.5
12,2,11,3,2,3,49.5
12,13,30,3,2,3,49.5
93,44,16,5,2,3,85.5
13,46,12,3,3,2,49.5
13,50,37,3,3,3,49.5
13,65,49,3,3,2,49.5
16,6,54,3,2,3,49.5
92,61,64,5,3,2,85.5
17,7,77,3,1,4,49.5
91,58,58,5,2,4,85.5
19,8,46,3,3,2,49.5
20,91,50,3,3,2,49.5
90,20,10,5,2,3,85.5
87,93,33,5,3,2,85.5
22,39,32,3,2,2,49.5
87,42,5,5,3,3,85.5
86,16,11,5,3,3,85.5
84,91,53,5,2,3,85.5
83,99,27,5,3,2,85.5
22,84,18,3,2,3,49.5
23,54,27,3,2,2,49.5
23,66,71,3,2,3,49.5
23,82,77,3,2,3,49.5
23,86,25,3,3,3,49.5
23,87,10,3,3,3,49.5
26,30,15,3,3,2,49.5
27,51,74,3,2,2,49.5
29,84,15,3,3,3,49.5
29,91,29,3,3,3,49.5
33,41,34,3,3,2,49.5
35,12,37,3,2,2,49.5
36,54,72,3,2,1,49.5
39,35,16,3,2,2,49.5
83,93,45,5,3,2,85.5
41,4,40,3,2,3,49.5
41,9,51,3,2,3,49.5
41,50,3,3,3,3,49.5
83,37,11,5,3,1,85.5
80,82,50,5,2,3,85.5
79,43,31,5,2,3,85.5
76,94,35,5,2,3,85.5
42,21,49,3,2,4,49.5
42,27,55,3,2,3,49.5
42,44,76,3,3,2,49.5
43,20,0,3,3,3,49.5
43,74,9,3,3,2,49.5
44,40,6,3,3,3,49.5
45,32,49,3,2,2,49.5
76,2,40,5,2,3,85.5
48,45,68,3,2,3,49.5
48,80,71,3,2,3,49.5
71,90,68,5,2,2,85.5
53,58,69,3,2,4,49.5
69,60,9,5,3,3,85.5
54,47,5,3,2,3,49.5
55,34,66,3,3,2,49.5
55,90,15,3,3,2,49.5
56,74,19,3,2,3,49.5
60,32,8,3,2,3,49.5
62,33,24,3,2,3,49.5
62,54,39,3,2,2,49.5
64,29,32,3,3,3,49.5
64,32,42,3,3,2,49.5
64,34,69,3,3,2,49.5
64,37,28,3,3,1,49.5
65,47,44,3,2,3,49.5
65,93,55,3,2,2,49.5
71,4,73,3,2,3,49.5
71,10,76,3,2,2,49.5
71,25,24,3,3,1,49.5
69,23,31,5,3,3,85.5
72,15,59,3,1,2,49.5
73,54,42,3,2,2,49.5
74,84,65,3,2,2,49.5
76,14,55,3,2,2,49.5
81,55,58,3,1,3,49.5
83,94,3,3,3,3,49.5
84,12,68,3,2,2,49.5
84,53,0,3,3,3,49.5
85,83,75,3,1,3,49.5
87,26,18,3,3,3,49.5
89,81,0,3,3,2,49.5
91,38,67,3,2,3,49.5
91,73,70,3,3,2,49.5
69,0,36,5,3,3,85.5
92,2,0,3,3,3,49.5
92,16,3,3,3,3,49.5
92,24,46,3,3,2,49.5
68,22,57,5,2,2,85.5
93,12,40,3,2,2,49.5
93,31,58,3,2,3,49.5
94,44,0,3,3,3,49.5
94,75,68,3,3,2,49.5
95,54,11,3,3,2,49.5
65,85,64,5,2,2,85.5
95,63,46,3,3,2,49.5
95,93,73,3,3,2,49.5
96,14,36,3,3,2,49.5
96,17,32,3,3,2,49.5
64,85,0,5,3,2,85.5
96,35,66,3,3,2,49.5
0,63,54,4,2,3,51.0
0,72,41,4,3,1,51.0
64,13,52,5,3,3,85.5
63,6,35,5,3,3,85.5
1,63,17,4,2,2,51.0
2,91,14,4,3,3,51.0
61,65,39,5,2,3,85.5
4,6,17,4,3,3,51.0
4,74,31,4,3,2,51.0
5,66,61,4,2,3,51.0
6,25,57,4,3,1,51.0
6,98,66,4,3,2,51.0
11,85,27,4,3,1,51.0
14,25,64,4,2,2,51.0
15,51,62,4,2,3,51.0
15,85,5,4,3,2,51.0
60,59,17,5,3,3,85.5
16,71,6,4,3,3,51.0
16,98,47,4,3,2,51.0
18,75,0,4,3,3,51.0
56,95,25,5,3,3,85.5
19,44,9,4,3,3,51.0
20,29,35,4,3,3,51.0
20,74,24,4,3,2,51.0
21,53,21,4,2,3,51.0
21,73,76,4,3,2,51.0
22,57,42,4,2,2,51.0
55,35,44,5,3,2,85.5
23,83,6,4,3,3,51.0
26,35,69,4,3,2,51.0
55,29,39,5,3,3,85.5
26,46,36,4,3,2,51.0
27,95,36,4,3,3,51.0
29,95,58,4,3,3,51.0
55,14,75,5,3,2,85.5
54,79,49,5,2,2,85.5
30,53,6,4,2,3,51.0
31,35,18,4,3,3,51.0
53,40,10,5,3,3,85.5
31,95,40,4,3,3,51.0
33,29,44,4,3,3,51.0
33,38,9,4,3,3,51.0
35,31,34,4,3,3,51.0
37,29,31,4,1,4,51.0
38,51,28,4,3,1,51.0
38,83,16,4,3,3,51.0
48,39,9,5,3,2,85.5
48,1,3,5,3,2,85.5
40,0,15,4,3,3,51.0
40,8,58,4,3,2,51.0
43,61,57,4,3,2,51.0
45,11,58,4,2,3,51.0
45,86,62,4,2,3,51.0
46,1,40,4,2,2,51.0
46,73,44,4,2,3,51.0
46,97,57,4,2,3,51.0
47,21,12,4,3,3,51.0
49,6,23,4,1,4,51.0
49,94,11,4,2,3,51.0
50,22,70,4,3,2,51.0
53,70,27,4,3,3,51.0
55,53,31,4,3,3,51.0
57,2,34,4,3,3,51.0
58,76,63,4,3,2,51.0
59,90,22,4,3,2,51.0
60,39,14,4,2,3,51.0
62,3,47,4,2,3,51.0
62,12,71,4,2,2,51.0
62,81,67,4,2,2,51.0
63,72,45,4,3,1,51.0
68,1,8,4,3,2,51.0
69,48,41,4,3,3,51.0
46,47,72,5,2,3,85.5
46,34,61,5,2,3,85.5
70,78,31,4,3,2,51.0
70,82,57,4,3,2,51.0
71,8,66,4,3,2,51.0
71,34,0,4,3,3,51.0
71,70,46,4,3,3,51.0
71,97,61,4,3,3,51.0
73,0,52,4,2,3,51.0
43,6,61,5,3,3,85.5
76,15,23,4,2,3,51.0
76,57,45,4,2,3,51.0
76,84,70,4,2,3,51.0
76,89,3,4,3,3,51.0
76,90,51,4,3,2,51.0
79,6,72,4,2,3,51.0
80,23,13,4,3,3,51.0
81,86,28,4,2,3,51.0
82,48,37,4,2,3,51.0
84,28,42,4,3,1,51.0
87,15,0,4,3,3,51.0
87,38,38,4,3,3,51.0
87,79,42,4,3,2,51.0
89,69,45,4,3,3,51.0
40,74,48,5,3,2,85.5
37,82,35,5,1,3,85.5
91,26,3,4,3,3,51.0
91,40,19,4,3,3,51.0
94,78,25,4,3,2,51.0
96,61,55,4,3,3,51.0
35,33,13,5,3,3,85.5
96,79,69,4,3,3,51.0
97,79,65,4,3,2,51.0
0,47,47,4,3,3,52.5
0,96,0,4,3,4,52.5
1,9,12,4,2,3,52.5
3,97,69,4,3,3,52.5
4,24,76,4,3,2,52.5
7,49,71,4,2,2,52.5
11,20,15,4,3,3,52.5
11,22,74,4,3,2,52.5
11,23,19,4,3,3,52.5
13,17,40,4,3,2,52.5
16,99,38,4,3,2,52.5
34,6,4,5,3,4,85.5
30,54,18,5,2,2,85.5
29,21,6,5,4,3,85.5
27,74,60,5,3,2,85.5
18,89,21,4,3,3,52.5
20,11,31,4,3,3,52.5
20,48,19,4,3,3,52.5
20,58,39,4,3,4,52.5
26,12,43,5,3,2,85.5
23,14,36,5,3,3,85.5
20,78,44,4,3,2,52.5
21,23,41,4,3,3,52.5
21,30,70,4,3,2,52.5
23,61,45,4,3,3,52.5
23,92,49,4,3,3,52.5
25,68,0,4,2,3,52.5
22,70,62,5,2,3,85.5
26,24,25,4,3,3,52.5
27,72,50,4,3,1,52.5
28,18,52,4,1,3,52.5
28,62,56,4,1,3,52.5
22,20,53,5,3,3,85.5
28,94,6,4,2,3,52.5
29,63,0,4,4,3,52.5
20,77,58,5,3,2,85.5
18,0,4,5,3,3,85.5
31,63,61,4,3,3,52.5
16,35,27,5,3,3,85.5
32,1,45,4,2,2,52.5
32,82,55,4,2,3,52.5
32,94,15,4,3,3,52.5
34,81,9,4,3,2,52.5
6,59,9,5,4,3,85.5
35,59,0,4,3,3,52.5
4,96,6,5,3,4,85.5
4,65,11,5,3,3,85.5
35,94,40,4,3,3,52.5
42,45,10,4,3,3,52.5
42,82,14,4,3,3,52.5
4,40,43,5,3,3,85.5
42,85,18,4,3,2,52.5
44,70,50,4,3,3,52.5
44,92,21,4,3,3,52.5
44,97,45,4,3,3,52.5
44,99,54,4,3,2,52.5
45,12,48,4,3,2,52.5
45,65,73,4,3,2,52.5
46,24,48,4,2,3,52.5
46,67,66,4,2,2,52.5
48,10,23,4,3,1,52.5
53,46,15,4,3,3,52.5
55,26,52,4,3,3,52.5
55,50,18,4,3,3,52.5
55,68,4,4,3,3,52.5
2,80,18,5,3,3,85.5
97,83,20,5,4,3,84.0
56,31,44,4,3,3,52.5
56,53,40,4,3,3,52.5
58,21,0,4,3,4,52.5
93,26,29,5,3,3,84.0
58,68,12,4,4,3,52.5
92,21,16,5,3,3,84.0
59,65,4,4,3,3,52.5
61,20,63,4,3,3,52.5
90,99,58,5,2,2,84.0
61,53,35,4,3,3,52.5
62,0,75,4,2,3,52.5
62,37,51,4,3,1,52.5
88,57,9,5,2,3,84.0
62,88,19,4,3,2,52.5
64,5,65,4,3,2,52.5
66,41,74,4,3,3,52.5
66,82,65,4,3,3,52.5
67,93,76,4,2,2,52.5
87,58,21,5,3,4,84.0
69,64,72,4,3,3,52.5
70,54,67,4,3,2,52.5
71,45,14,4,3,3,52.5
84,54,30,5,3,2,84.0
83,10,69,5,3,1,84.0
73,43,12,4,3,3,52.5
80,73,0,5,3,3,84.0
73,46,5,4,3,3,52.5
74,45,5,4,2,3,52.5
80,57,23,5,3,3,84.0
75,80,5,4,3,3,52.5
76,8,7,4,3,3,52.5
74,6,73,5,2,4,84.0
70,7,71,5,3,3,84.0
69,33,49,5,3,3,84.0
76,41,11,4,3,3,52.5
68,89,28,5,3,3,84.0
78,87,48,4,2,3,52.5
80,9,28,4,3,3,52.5
80,62,9,4,3,3,52.5
80,72,37,4,3,1,52.5
83,56,32,4,3,3,52.5
83,78,36,4,3,2,52.5
84,7,9,4,3,3,52.5
84,20,74,4,3,3,52.5
87,8,13,4,3,3,52.5
68,60,22,5,3,3,84.0
87,86,52,4,3,3,52.5
89,16,33,4,3,3,52.5
66,16,16,5,4,3,84.0
89,73,37,4,3,3,52.5
89,82,7,4,3,3,52.5
89,96,11,4,3,4,52.5
64,90,5,5,3,3,84.0
64,61,10,5,3,3,84.0
91,30,10,4,3,2,52.5
92,10,12,4,3,2,52.5
93,25,4,4,3,2,52.5
63,88,23,5,3,2,84.0
93,74,0,4,3,3,52.5
94,97,73,4,3,3,52.5
95,21,62,4,3,4,52.5
95,49,49,4,3,2,52.5
98,8,70,4,2,3,52.5
63,25,8,5,3,2,84.0
62,94,29,5,3,3,84.0
98,12,14,4,2,3,52.5
1,99,63,4,2,2,54.0
2,53,45,4,3,3,54.0
3,14,0,4,3,3,54.0
3,57,4,4,3,3,54.0
4,19,21,4,3,3,54.0
4,27,65,4,3,3,54.0
4,57,49,4,3,3,54.0
59,3,51,5,3,3,84.0
58,94,44,5,4,3,84.0
6,10,76,4,3,3,54.0
56,61,3,5,3,3,84.0
55,65,22,5,3,3,84.0
7,11,23,4,3,3,54.0
53,23,53,5,3,3,84.0
52,44,58,5,2,3,84.0
8,84,21,4,3,3,54.0
11,25,39,4,3,2,54.0
11,36,11,4,3,3,54.0
12,21,21,4,3,3,54.0
12,54,63,4,2,2,54.0
49,10,3,5,2,2,84.0
13,73,33,4,3,3,54.0
48,77,63,5,3,2,84.0
44,68,33,5,3,3,84.0
15,20,67,4,3,3,54.0
16,59,57,4,3,3,54.0
18,70,25,4,3,4,54.0
18,85,29,4,3,2,54.0
19,41,15,4,3,3,54.0
21,92,59,4,3,3,54.0
28,32,0,4,2,3,54.0
29,20,11,4,4,4,54.0
29,96,15,4,4,4,54.0
43,80,41,5,3,3,84.0
32,7,4,4,3,3,54.0
32,81,19,4,3,2,54.0
33,82,40,4,3,3,54.0
43,51,36,5,3,1,84.0
35,1,55,4,3,2,54.0
36,55,61,4,2,3,54.0
41,62,23,5,3,3,84.0
37,88,28,4,2,2,54.0
38,4,53,4,3,3,54.0
41,84,35,4,3,3,54.0
40,89,53,5,3,3,84.0
42,56,48,4,3,3,54.0
43,19,25,4,3,3,54.0
43,22,16,4,3,3,54.0
43,97,46,4,3,4,54.0
44,28,25,4,3,2,54.0
45,46,0,4,3,3,54.0
46,83,50,4,3,3,54.0
40,77,23,5,3,3,84.0
38,34,32,5,3,3,84.0
37,94,49,5,2,3,84.0
47,2,56,4,3,3,54.0
51,94,32,4,1,4,54.0
52,3,43,4,2,3,54.0
53,10,58,4,3,2,54.0
59,10,31,4,3,2,54.0
59,57,75,4,3,3,54.0
61,19,29,4,3,3,54.0
62,63,4,4,3,3,54.0
35,58,4,5,3,4,84.0
63,2,49,4,3,3,54.0
35,45,22,5,3,3,84.0
63,5,40,4,3,2,54.0
32,90,23,5,3,3,84.0
31,40,65,5,3,3,84.0
63,80,65,4,3,3,54.0
28,95,10,5,2,4,84.0
70,16,61,4,4,3,54.0
70,53,49,4,4,3,54.0
28,82,18,5,2,3,84.0
70,94,19,4,4,3,54.0
71,60,31,4,3,3,54.0
76,35,44,4,3,3,54.0
22,92,33,5,3,3,84.0
76,67,18,4,3,2,54.0
20,32,28,5,4,3,84.0
12,61,39,5,3,3,84.0
77,81,42,4,2,2,54.0
82,28,29,4,3,2,54.0
82,83,59,4,3,3,54.0
83,97,54,4,3,4,54.0
84,85,25,4,3,2,54.0
87,50,29,4,3,3,54.0
87,83,64,4,3,3,54.0
12,52,53,5,3,2,84.0
88,39,32,4,2,3,54.0
89,29,41,4,3,4,54.0
89,32,49,4,3,3,54.0
89,85,58,4,3,2,54.0
90,43,50,4,3,3,54.0
90,62,0,4,3,3,54.0
91,94,58,4,3,3,54.0
94,17,54,4,3,2,54.0
95,16,66,4,3,3,54.0
96,15,19,4,4,3,54.0
12,39,66,5,3,2,84.0
12,7,27,5,3,3,84.0
7,85,13,5,3,2,84.0
7,76,32,5,3,3,84.0
0,28,56,4,3,2,55.5
6,31,14,5,4,4,84.0
3,22,8,4,3,3,55.5
5,32,69,4,2,3,55.5
7,88,41,4,3,2,55.5
10,48,27,4,1,3,55.5
17,5,0,4,2,3,55.5
17,26,73,4,2,3,55.5
20,95,76,4,4,3,55.5
4,86,35,5,3,3,84.0
4,81,3,5,4,2,84.0
21,85,36,4,3,2,55.5
23,26,58,4,3,4,55.5
0,32,60,5,3,3,84.0
98,73,74,5,2,3,82.5
26,15,9,4,4,3,55.5
98,31,70,5,3,3,82.5
26,33,54,4,4,3,55.5
95,22,0,5,4,3,82.5
28,91,33,4,2,3,55.5
93,27,8,5,3,3,82.5
29,55,27,4,4,3,55.5
92,25,53,5,3,2,82.5
29,72,54,4,4,1,55.5
91,17,23,5,3,2,82.5
31,72,75,4,3,1,55.5
32,28,37,4,3,2,55.5
90,36,65,5,3,2,82.5
32,41,41,4,3,3,55.5
89,93,62,5,3,3,82.5
87,90,56,5,3,3,82.5
85,59,44,5,2,3,82.5
33,28,61,4,3,2,55.5
33,52,65,4,3,2,55.5
36,91,75,4,2,3,55.5
83,85,49,5,4,2,82.5
38,0,70,4,3,3,55.5
38,59,0,4,3,4,55.5
39,11,71,4,2,4,55.5
39,41,6,4,3,3,55.5
41,11,45,4,3,3,55.5
42,64,22,4,3,3,55.5
43,45,20,4,3,4,55.5
46,22,20,4,3,3,55.5
80,43,74,5,3,3,82.5
80,5,32,5,3,3,82.5
46,57,28,4,3,3,55.5
46,77,9,4,3,3,55.5
46,82,24,4,3,3,55.5
79,93,36,5,2,3,82.5
46,84,46,4,3,3,55.5
46,85,40,4,3,2,55.5
48,17,15,4,3,2,55.5
79,45,54,5,2,3,82.5
48,46,32,4,3,3,55.5
74,77,4,5,3,3,82.5
48,55,69,4,3,3,55.5
73,13,57,5,3,3,82.5
53,71,70,4,3,3,55.5
56,45,18,4,3,3,55.5
56,88,52,4,3,2,55.5
57,93,41,4,3,3,55.5
72,55,69,5,1,4,82.5
62,55,35,4,3,3,55.5
63,53,74,4,3,3,55.5
63,64,15,4,3,3,55.5
70,18,56,5,4,3,82.5
64,56,57,4,3,3,55.5
64,60,45,4,3,3,55.5
69,42,62,5,3,3,82.5
69,10,67,5,3,2,82.5
65,48,45,4,3,3,55.5
65,75,17,4,3,3,55.5
66,94,62,5,4,3,82.5
68,5,16,4,3,3,55.5
64,79,35,5,3,3,82.5
69,29,76,4,3,4,55.5
71,53,10,4,3,4,55.5
63,34,69,5,3,3,82.5
74,49,15,4,3,2,55.5
76,38,57,4,3,3,55.5
59,2,35,5,3,4,82.5
56,67,61,5,3,2,82.5
77,25,19,4,2,2,55.5
79,42,59,4,2,4,55.5
80,36,57,4,3,2,55.5
81,1,32,4,2,2,55.5
82,49,44,4,3,2,55.5
83,0,9,4,4,3,55.5
55,72,0,5,4,2,82.5
51,68,49,5,1,4,82.5
83,40,28,4,4,3,55.5
84,57,53,4,3,3,55.5
84,66,57,4,3,4,55.5
50,93,52,5,3,3,82.5
48,92,73,5,3,3,82.5
86,44,40,4,3,3,55.5
86,90,44,4,3,3,55.5
48,88,56,5,3,2,82.5
48,5,49,5,3,3,82.5
87,22,68,4,3,3,55.5
46,74,54,5,3,3,82.5
87,80,72,4,3,4,55.5
92,7,69,4,3,4,55.5
93,91,45,4,3,3,55.5
94,66,0,4,4,4,55.5
95,39,18,4,4,3,55.5
96,0,23,4,4,3,55.5
0,2,19,4,3,4,57.0
0,36,31,4,3,2,57.0
2,47,60,4,3,4,57.0
3,7,18,4,3,3,57.0
3,17,58,4,3,2,57.0
3,95,22,4,3,4,57.0
45,38,42,5,3,3,82.5
43,1,66,5,3,3,82.5
4,49,69,4,3,3,57.0
4,97,8,4,4,4,57.0
42,12,32,5,3,3,82.5
7,40,0,4,3,4,57.0
42,2,26,5,3,4,82.5
7,72,37,4,3,2,57.0
9,68,5,4,2,4,57.0
11,57,49,4,3,4,57.0
38,46,61,5,3,3,82.5
12,98,0,4,3,3,57.0
13,37,62,4,3,2,57.0
38,18,47,5,3,3,82.5
13,92,66,4,3,4,57.0
13,99,73,4,3,2,57.0
19,39,36,4,3,3,57.0
19,68,49,4,3,3,57.0
19,88,61,4,3,2,57.0
35,44,63,5,3,3,82.5
22,21,45,4,3,3,57.0
34,47,13,5,3,4,82.5
22,95,26,4,3,4,57.0
27,4,13,4,3,4,57.0
27,98,4,4,3,3,57.0
28,5,41,4,2,3,57.0
28,52,74,4,2,2,57.0
29,86,48,4,4,3,57.0
34,37,22,5,3,2,82.5
30,17,30,4,2,3,57.0
31,18,61,4,4,3,57.0
34,25,27,5,3,2,82.5
32,60,53,4,3,3,57.0
33,55,74,4,3,4,57.0
33,8,69,5,3,4,82.5
33,87,76,4,4,3,57.0
33,88,45,4,4,2,57.0
35,16,70,4,3,3,57.0
35,61,49,4,3,3,57.0
35,65,59,4,3,3,57.0
35,72,9,4,3,2,57.0
37,13,0,4,2,4,57.0
38,72,74,4,3,2,57.0
41,49,19,4,3,2,57.0
42,14,52,4,3,3,57.0
42,84,37,4,3,4,57.0
32,95,73,5,3,4,82.5
31,28,45,5,4,2,82.5
43,77,0,4,4,3,57.0
44,9,68,4,3,3,57.0
27,49,23,5,3,2,82.5
44,47,29,4,3,4,57.0
26,72,13,5,4,2,82.5
23,90,70,5,3,3,82.5
44,58,72,4,3,4,57.0
23,32,62,5,3,4,82.5
45,17,28,4,3,2,57.0
45,27,32,4,3,3,57.0
46,12,71,4,3,3,57.0
21,67,29,5,4,2,82.5
46,72,66,4,3,2,57.0
17,76,62,5,2,3,82.5
55,80,11,4,3,4,57.0
59,36,69,4,3,3,57.0
63,38,19,4,3,4,57.0
63,44,28,4,3,4,57.0
12,0,4,5,3,4,82.5
11,39,69,5,3,3,82.5
67,45,36,4,2,3,57.0
68,6,56,4,3,4,57.0
68,42,63,4,3,4,57.0
69,38,54,4,3,4,57.0
8,55,25,5,3,4,82.5
71,1,36,4,3,2,57.0
71,35,74,4,3,3,57.0
71,89,18,4,3,4,57.0
74,23,75,4,3,3,57.0
76,24,37,4,3,3,57.0
76,39,22,4,3,3,57.0
76,87,26,4,3,4,57.0
7,52,45,5,3,3,82.5
76,99,75,4,3,3,57.0
77,35,13,4,3,4,57.0
79,80,46,4,3,3,57.0
80,30,52,4,3,2,57.0
3,92,12,5,3,4,82.5
2,78,75,5,3,2,82.5
82,7,0,4,3,4,57.0
82,17,69,4,3,2,57.0
82,39,73,4,3,4,57.0
83,22,38,4,4,3,57.0
0,68,65,5,3,4,82.5
84,73,62,4,3,3,57.0
88,22,12,4,3,3,57.0
88,49,28,4,3,2,57.0
89,20,67,4,3,4,57.0
97,41,28,5,4,3,81.0
90,26,18,4,3,4,57.0
93,81,13,4,3,2,57.0
96,88,32,4,4,3,57.0
3,30,30,4,3,3,58.5
4,0,27,4,4,3,58.5
7,16,50,4,3,4,58.5
7,62,60,4,3,3,58.5
7,65,54,4,3,3,58.5
7,73,66,4,3,3,58.5
96,81,36,5,4,2,81.0
94,48,4,5,4,4,81.0
9,61,16,4,3,3,58.5
11,70,0,4,4,4,58.5
12,8,44,4,3,3,58.5
14,43,68,4,2,4,58.5
16,63,0,4,4,4,58.5
91,70,38,5,3,4,81.0
18,25,68,4,3,2,58.5
18,38,76,4,3,4,58.5
89,61,22,5,4,3,81.0
89,28,50,5,4,2,81.0
20,16,4,4,4,4,58.5
20,55,15,4,4,4,58.5
86,82,56,5,3,4,81.0
84,79,0,5,4,3,81.0
21,19,53,4,4,3,58.5
22,9,58,4,3,3,58.5
22,73,49,4,3,3,58.5
23,22,62,4,4,3,58.5
23,57,0,4,4,3,58.5
83,25,13,5,4,2,81.0
27,38,0,4,3,4,58.5
29,60,61,4,4,3,58.5
31,0,0,4,4,4,58.5
32,15,33,4,3,3,58.5
32,79,11,4,3,3,58.5
34,97,37,4,3,4,58.5
37,36,4,4,2,3,58.5
37,41,8,4,2,4,58.5
82,22,72,5,4,3,81.0
80,50,43,5,4,3,81.0
79,71,40,5,3,3,81.0
37,79,73,4,2,3,58.5
38,74,9,4,4,3,58.5
78,95,52,5,2,4,81.0
39,9,40,4,3,3,58.5
40,98,32,4,3,3,58.5
41,28,49,4,3,3,58.5
41,60,53,4,3,4,58.5
41,87,57,4,3,4,58.5
42,6,0,4,4,4,58.5
42,75,9,4,4,3,58.5
45,50,59,4,3,3,58.5
46,30,36,4,3,3,58.5
50,70,4,4,4,4,58.5
54,83,0,4,2,4,58.5
55,66,5,4,4,4,58.5
56,11,8,4,3,4,58.5
58,32,65,4,4,3,58.5
58,85,54,4,4,2,58.5
59,29,19,4,4,4,58.5
59,49,32,4,4,2,58.5
61,24,59,4,3,3,58.5
61,43,72,4,3,4,58.5
61,52,67,4,3,3,58.5
62,28,65,4,3,2,58.5
63,49,36,4,4,2,58.5
64,4,61,4,3,4,58.5
64,87,76,4,3,4,58.5
66,73,21,4,4,3,58.5
75,13,21,5,3,4,81.0
68,47,71,4,3,4,58.5
73,36,16,5,3,3,81.0
70,57,66,4,4,3,58.5
73,12,25,5,3,4,81.0
69,6,27,5,4,4,81.0
75,77,28,4,3,3,58.5
76,72,5,4,4,2,58.5
62,15,13,5,3,3,81.0
79,34,18,4,3,3,58.5
79,37,5,4,3,3,58.5
82,76,0,4,4,4,58.5
61,22,0,5,4,4,81.0
82,87,4,4,4,4,58.5
84,65,66,4,3,3,58.5
60,81,65,5,3,3,81.0
84,72,18,4,4,2,58.5
84,98,8,4,4,3,58.5
85,15,71,4,2,3,58.5
87,12,9,4,4,3,58.5
89,23,4,4,4,4,58.5
94,84,12,4,4,4,58.5
96,2,41,4,4,4,58.5
96,59,27,4,4,4,58.5
59,42,4,5,4,4,81.0
59,6,36,5,4,4,81.0
2,72,31,4,4,2,60.0
3,87,37,4,3,4,60.0
5,35,4,4,3,4,60.0
6,28,19,4,4,3,60.0
50,7,8,5,4,4,81.0
48,91,62,5,4,3,81.0
9,35,8,4,3,4,60.0
9,91,32,4,3,4,60.0
11,58,16,4,4,4,60.0
12,48,48,4,3,4,60.0
14,62,41,4,3,3,60.0
20,85,0,4,4,3,60.0
21,3,73,4,4,3,60.0
22,19,57,4,4,3,60.0
24,88,0,4,3,3,60.0
27,12,75,4,3,3,60.0
34,22,41,4,3,4,60.0
39,16,10,4,3,4,60.0
39,71,27,4,3,3,60.0
41,90,61,4,3,3,60.0
42,49,40,4,4,2,60.0
47,79,16,4,3,4,60.0
53,0,62,4,3,4,60.0
53,47,0,4,4,4,60.0
46,69,75,5,3,4,81.0
53,80,66,4,3,4,60.0
54,2,14,4,2,4,60.0
55,61,9,4,4,4,60.0
55,86,19,4,4,4,60.0
44,91,0,5,4,4,81.0
56,59,12,4,3,4,60.0
59,64,23,4,4,4,60.0
59,93,57,4,4,3,60.0
59,98,41,4,4,3,60.0
61,35,76,4,3,4,60.0
43,98,12,5,4,3,81.0
63,36,21,4,4,3,60.0
63,62,45,4,4,3,60.0
43,32,4,5,4,4,81.0
63,99,12,4,4,2,60.0
64,30,56,4,4,2,60.0
73,41,53,4,3,4,60.0
73,52,70,4,3,2,60.0
41,82,12,5,4,4,81.0
73,87,0,4,4,4,60.0
74,54,23,4,3,2,60.0
75,68,75,4,3,3,60.0
39,65,74,5,3,3,81.0
76,19,65,4,4,3,60.0
76,56,69,4,4,3,60.0
76,82,17,4,4,4,60.0
80,52,61,4,3,3,60.0
82,21,8,4,4,4,60.0
83,88,4,4,4,3,60.0
89,30,0,4,4,3,60.0
89,66,9,4,4,4,60.0
92,64,0,4,4,4,60.0
94,5,20,4,4,3,60.0
94,24,16,4,4,3,60.0
36,74,27,5,3,3,81.0
94,92,24,4,4,4,60.0
95,82,30,4,4,4,60.0
33,14,4,5,4,3,81.0
96,50,45,4,4,4,60.0
96,93,67,4,4,3,60.0
97,86,66,4,4,3,60.0
98,28,23,4,3,3,60.0
30,89,13,5,3,4,81.0
0,17,19,4,4,2,61.5
0,88,23,4,4,3,61.5
3,79,62,4,3,3,61.5
5,17,8,4,3,2,61.5
7,54,35,4,4,2,61.5
9,19,72,4,3,3,61.5
9,34,45,4,3,3,61.5
9,69,36,4,3,4,61.5
9,95,62,4,3,4,61.5
26,81,23,5,4,2,81.0
11,52,36,4,4,2,61.5
12,5,58,4,3,3,61.5
12,34,62,4,3,4,61.5
12,53,4,4,4,4,61.5
24,31,4,5,3,4,81.0
12,90,10,4,4,3,61.5
13,5,12,4,4,3,61.5
13,16,16,4,4,4,61.5
22,72,22,5,4,2,81.0
17,18,4,4,2,4,61.5
17,78,35,4,2,3,61.5
18,93,17,4,4,3,61.5
17,60,44,5,2,4,81.0
20,38,23,4,4,4,61.5
20,39,44,4,4,3,61.5
21,15,37,4,4,3,61.5
15,47,41,5,3,4,81.0
14,58,26,5,3,4,81.0
22,24,9,4,4,3,61.5
22,35,17,4,4,4,61.5
22,71,50,4,4,3,61.5
23,51,8,4,4,2,61.5
23,94,28,4,4,4,61.5
27,36,40,4,3,3,61.5
29,32,23,4,4,4,61.5
29,76,35,4,4,4,61.5
30,77,18,4,3,3,61.5
30,98,45,4,3,3,61.5
33,59,49,4,4,4,61.5
33,93,21,4,4,3,61.5
34,57,57,4,3,3,61.5
35,34,49,4,4,3,61.5
37,69,32,4,2,4,61.5
13,51,26,5,4,2,81.0
39,22,61,4,3,4,61.5
39,75,53,4,3,3,61.5
40,16,70,4,3,4,61.5
40,35,21,4,4,4,61.5
12,86,70,5,4,3,81.0
41,74,32,4,4,3,61.5
12,67,14,5,4,3,81.0
9,60,70,5,4,3,81.0
42,30,22,4,4,3,61.5
42,95,34,4,4,4,61.5
7,82,21,5,4,4,81.0
45,52,63,4,3,4,61.5
46,40,4,4,4,4,61.5
46,45,0,4,4,4,61.5
46,86,75,4,4,3,61.5
6,92,41,5,4,4,81.0
47,4,18,4,4,4,61.5
48,26,0,4,4,4,61.5
50,75,22,4,3,4,61.5
53,91,49,4,4,3,61.5
57,79,22,4,4,3,61.5
57,86,0,4,4,4,61.5
59,50,53,4,4,4,61.5
59,55,45,4,4,4,61.5
59,94,61,4,4,4,61.5
61,0,13,4,4,4,61.5
61,54,54,4,4,2,61.5
4,98,36,5,4,3,81.0
61,56,5,4,4,4,61.5
61,68,67,4,4,3,61.5
63,58,31,4,4,4,61.5
64,15,27,4,4,3,61.5
3,59,65,5,4,4,81.0
64,83,18,4,4,4,61.5
64,99,49,4,4,2,61.5
66,45,25,4,4,4,61.5
66,58,35,4,4,4,61.5
66,68,29,4,4,4,61.5
66,85,75,4,4,2,61.5
66,93,71,4,4,3,61.5
67,16,57,4,2,4,61.5
68,74,36,4,4,3,61.5
68,94,40,4,4,4,61.5
69,3,0,4,4,4,61.5
69,93,4,4,4,4,61.5
2,33,9,5,4,4,81.0
69,97,12,4,4,4,61.5
0,58,49,5,4,4,81.0
71,36,54,4,3,3,61.5
75,28,32,4,3,3,61.5
77,68,44,4,3,4,61.5
80,41,0,4,4,4,61.5
97,71,0,5,4,4,79.5
95,77,38,5,4,3,79.5
95,66,43,5,4,4,79.5
80,42,15,4,4,4,61.5
80,98,19,4,4,3,61.5
95,57,5,5,4,4,79.5
81,14,46,4,2,3,61.5
90,48,28,5,3,4,79.5
81,77,50,4,2,3,61.5
83,4,22,4,4,4,61.5
83,36,32,4,4,3,61.5
83,70,43,4,4,4,61.5
85,88,9,4,2,4,61.5
89,94,44,5,4,4,79.5
86,15,46,4,4,3,61.5
86,43,23,4,4,4,61.5
90,60,75,4,3,3,61.5
90,67,33,4,3,3,61.5
91,13,5,4,4,4,61.5
91,51,12,4,4,2,61.5
94,15,50,4,4,3,61.5
89,83,55,5,4,4,79.5
94,79,54,4,4,3,61.5
0,24,41,4,4,3,63.0
4,3,31,4,4,4,63.0
7,9,54,4,4,3,63.0
9,55,30,4,4,4,63.0
11,44,76,4,4,3,63.0
12,24,20,4,4,3,63.0
13,21,41,4,4,4,63.0
13,66,48,4,4,4,63.0
13,67,70,4,4,2,63.0
13,70,74,4,4,4,63.0
16,8,30,4,4,3,63.0
19,12,76,4,3,4,63.0
19,64,4,4,4,4,63.0
19,85,8,4,4,3,63.0
20,24,52,4,4,3,63.0
20,44,19,4,4,4,63.0
21,76,12,4,4,4,63.0
22,37,36,4,4,2,63.0
26,51,4,4,4,2,63.0
27,53,17,4,3,4,63.0
27,79,28,4,3,3,63.0
89,46,27,5,4,4,79.5
28,72,27,4,3,2,63.0
28,76,39,4,3,4,63.0
87,72,41,5,4,2,79.5
31,22,27,4,4,4,63.0
31,85,19,4,4,3,63.0
33,34,53,4,4,3,63.0
79,87,20,5,4,4,79.5
79,16,25,5,4,4,79.5
34,54,74,4,3,2,63.0
35,63,25,4,4,4,63.0
35,82,34,4,4,4,63.0
76,9,21,5,4,4,79.5
36,64,36,4,3,4,63.0
37,25,44,4,2,2,63.0
38,55,34,4,4,4,63.0
39,30,57,4,3,3,63.0
40,58,76,4,4,4,63.0
41,83,60,4,4,4,63.0
44,73,5,4,4,4,63.0
45,15,54,4,4,3,63.0
71,75,36,5,4,3,79.5
47,69,8,4,4,4,63.0
48,14,9,4,4,3,63.0
50,43,17,4,4,4,63.0
53,9,76,4,4,3,63.0
53,99,21,4,4,3,63.0
54,50,58,4,2,4,63.0
55,33,38,4,4,4,63.0
56,21,16,4,4,4,63.0
59,0,70,4,4,4,63.0
59,54,74,4,4,3,63.0
61,74,40,4,4,3,63.0
69,16,20,5,4,4,79.5
62,98,75,4,3,3,63.0
63,14,16,4,4,3,63.0
63,31,40,4,4,4,63.0
65,19,0,4,3,4,63.0
66,33,67,4,4,4,63.0
64,38,13,5,4,4,79.5
66,40,39,4,4,4,63.0
67,2,0,4,3,4,63.0
67,11,4,4,3,4,63.0
68,0,9,4,4,4,63.0
62,72,69,5,3,3,79.5
56,26,28,5,4,4,79.5
68,25,23,4,4,2,63.0
55,77,54,5,4,3,79.5
69,14,56,4,4,3,63.0
70,92,8,4,4,4,63.0
72,64,60,4,2,4,63.0
73,49,53,4,4,2,63.0
54,56,0,5,3,4,79.5
48,41,17,5,4,4,79.5
73,81,57,4,4,2,63.0
75,54,41,4,3,3,63.0
76,20,48,4,4,4,63.0
77,99,32,4,3,3,63.0
80,10,23,4,4,2,63.0
84,10,27,4,4,2,63.0
84,23,22,4,4,4,63.0
87,16,46,4,4,4,63.0
48,27,69,5,4,3,79.5
87,28,13,4,4,3,63.0
92,15,58,4,4,3,63.0
93,2,75,4,3,4,63.0
48,20,33,5,4,4,79.5
46,79,8,5,4,4,79.5
93,52,25,4,3,3,63.0
93,65,27,4,4,3,63.0
97,49,58,4,4,2,63.0
97,51,16,4,4,2,63.0
98,77,59,4,3,3,63.0
99,9,0,4,3,4,63.0
99,15,62,4,3,3,63.0
3,2,4,4,4,4,64.5
3,10,8,4,4,2,64.5
3,56,12,4,4,4,64.5
4,73,41,4,4,4,64.5
46,54,13,5,4,3,79.5
7,25,48,4,4,2,64.5
7,44,13,4,4,4,64.5
7,48,39,4,4,4,64.5
11,28,43,4,4,3,64.5
46,0,32,5,4,4,79.5
11,37,66,4,4,2,64.5
44,96,49,5,4,4,79.5
11,42,26,4,4,4,64.5
13,2,52,4,4,4,64.5
15,81,75,4,3,3,64.5
16,87,61,4,4,4,64.5
18,42,30,4,4,4,64.5
18,71,8,4,4,4,64.5
19,46,18,4,4,4,64.5
19,63,49,4,4,4,64.5
19,93,12,4,4,4,64.5
20,25,58,4,4,2,64.5
20,53,38,4,4,4,64.5
44,2,56,5,4,4,79.5
43,5,27,5,4,3,79.5
21,16,66,4,4,4,64.5
21,91,20,4,4,4,64.5
22,1,72,4,4,2,64.5
41,36,44,5,4,3,79.5
22,13,31,4,4,4,64.5
40,68,13,5,4,4,79.5
26,44,33,4,4,4,64.5
40,37,25,5,4,3,79.5
40,15,8,5,4,4,79.5
38,11,47,5,4,4,79.5
31,69,65,5,4,4,79.5
26,91,37,5,4,4,79.5
27,81,61,4,4,2,64.5
28,24,63,4,3,3,64.5
28,86,4,4,3,4,64.5
29,94,65,4,4,4,64.5
30,73,9,4,3,4,64.5
26,90,42,5,4,4,79.5
31,11,31,4,4,4,64.5
26,78,62,5,4,2,79.5
32,17,45,4,3,3,64.5
32,98,27,4,4,3,64.5
33,46,57,4,4,4,64.5
33,51,0,4,4,2,64.5
34,9,4,4,4,4,64.5
35,40,30,4,4,4,64.5
41,22,65,4,4,4,64.5
42,28,53,4,4,3,64.5
43,68,54,4,4,4,64.5
44,56,23,4,4,4,64.5
46,64,40,4,4,4,64.5
48,19,22,4,4,4,64.5
26,8,48,5,4,3,79.5
26,3,70,5,4,4,79.5
49,92,62,4,2,4,64.5
23,18,12,5,4,4,79.5
51,15,20,4,2,4,64.5
54,71,18,4,3,4,64.5
23,12,32,5,4,4,79.5
61,63,58,4,4,4,64.5
20,89,62,5,4,4,79.5
63,37,53,4,4,3,64.5
64,1,76,4,4,2,64.5
65,16,34,4,3,4,64.5
19,89,32,5,4,4,79.5
65,82,49,4,3,4,64.5
66,3,52,4,4,4,64.5
19,74,44,5,4,3,79.5
17,20,71,5,3,4,79.5
67,37,9,4,3,3,64.5
68,14,60,4,4,3,64.5
16,30,40,5,4,3,79.5
68,80,76,4,4,4,64.5
68,81,71,4,4,2,64.5
69,67,40,4,4,3,64.5
71,56,41,4,4,4,64.5
13,64,64,5,4,4,79.5
73,78,13,4,4,3,64.5
12,69,44,5,4,4,79.5
74,51,49,4,3,2,64.5
74,63,62,4,3,4,64.5
74,93,66,4,3,4,64.5
75,48,57,4,3,4,64.5
75,72,46,4,3,2,64.5
12,65,37,5,4,4,79.5
76,23,43,4,4,4,64.5
76,65,26,4,4,4,64.5
78,62,3,4,2,4,64.5
80,8,34,4,4,3,64.5
12,23,49,5,4,4,79.5
81,41,4,4,3,4,64.5
82,12,61,4,4,4,64.5
11,99,52,5,4,3,79.5
11,19,57,5,4,4,79.5
82,80,38,4,4,4,64.5
82,95,66,4,4,4,64.5
83,23,66,4,4,4,64.5
83,98,70,4,4,4,64.5
89,25,72,4,4,2,64.5
90,63,4,4,4,4,64.5
91,32,16,4,4,4,64.5
91,81,24,4,4,3,64.5
9,12,54,5,4,4,79.5
92,76,30,4,4,4,64.5
95,72,48,4,4,3,64.5
9,10,16,5,4,2,79.5
96,22,76,4,4,4,64.5
96,65,54,4,4,4,64.5
96,77,63,4,4,3,64.5
98,51,49,4,3,3,64.5
98,56,53,4,3,4,64.5
4,93,45,4,4,4,66.0
7,80,4,4,4,4,66.0
7,81,17,4,4,3,66.0
7,95,58,4,4,4,66.0
8,54,53,4,3,3,66.0
9,57,10,4,4,4,66.0
9,4,49,5,4,4,79.5
12,88,65,4,4,3,66.0
13,77,35,4,4,4,66.0
7,32,43,5,4,4,79.5
3,32,35,5,4,4,79.5
14,7,31,4,3,4,66.0
15,10,35,4,4,2,66.0
16,41,74,4,4,4,66.0
23,33,17,4,4,4,66.0
26,19,75,4,4,4,66.0
27,15,0,4,4,4,66.0
27,69,16,4,4,4,66.0
31,15,56,4,4,4,66.0
31,34,9,4,4,4,66.0
31,39,23,4,4,4,66.0
31,41,36,4,4,4,66.0
32,76,52,4,4,4,66.0
33,24,71,4,4,3,66.0
33,35,61,4,4,4,66.0
33,72,25,4,4,3,66.0
35,73,45,4,4,4,66.0
35,86,38,4,4,4,66.0
35,91,53,4,4,4,66.0
0,80,27,5,4,4,79.5
36,14,64,4,3,3,66.0
37,2,45,4,3,4,66.0
37,86,13,4,3,4,66.0
40,6,46,4,4,4,66.0
40,55,50,4,4,4,66.0
0,71,54,5,4,4,79.5
41,32,69,4,4,4,66.0
42,78,44,4,4,3,66.0
44,51,37,4,4,2,66.0
44,72,70,4,4,2,66.0
45,6,32,4,4,4,66.0
46,62,22,4,4,4,66.0
47,51,33,4,4,2,66.0
48,4,74,4,4,4,66.0
56,71,45,4,4,4,66.0
91,89,67,5,4,4,78.0
57,83,74,4,4,4,66.0
90,71,12,5,4,4,78.0
89,1,37,5,4,3,78.0
84,56,57,5,4,4,78.0
64,45,8,4,4,4,66.0
65,15,70,4,3,4,66.0
67,75,61,4,3,3,66.0
68,51,0,4,4,3,66.0
69,77,70,4,4,3,66.0
70,34,13,4,4,4,66.0
71,98,63,4,4,3,66.0
81,67,28,5,3,3,78.0
73,92,17,4,4,4,66.0
75,50,65,4,3,4,66.0
75,55,59,4,4,4,66.0
76,60,57,4,4,4,66.0
76,88,61,4,4,3,66.0
77,57,14,4,4,4,66.0
82,25,26,4,4,3,66.0
82,61,44,4,4,4,66.0
84,24,67,4,4,3,66.0
84,96,71,4,4,4,66.0
87,74,70,4,4,3,66.0
88,56,36,4,3,4,66.0
89,88,76,4,4,3,66.0
90,61,17,4,4,4,66.0
92,1,4,4,4,3,66.0
92,57,34,4,4,4,66.0
74,28,8,5,4,3,78.0
72,96,58,5,3,4,78.0
93,47,37,4,4,4,66.0
71,86,27,5,4,4,78.0
93,72,50,4,4,2,66.0
94,2,69,4,4,4,66.0
0,52,37,4,4,3,67.5
3,4,56,4,4,4,67.5
5,21,45,4,3,4,67.5
67,19,65,5,3,4,78.0
5,61,62,4,3,4,67.5
7,74,26,4,4,4,67.5
11,73,21,4,4,4,67.5
12,49,0,4,4,3,67.5
13,25,56,4,4,3,67.5
13,93,60,4,4,4,67.5
64,53,31,5,4,4,78.0
18,10,39,4,4,2,67.5
21,81,57,4,4,3,67.5
23,71,70,4,4,4,67.5
63,45,66,5,4,4,78.0
27,91,28,4,4,4,67.5
31,14,70,4,4,3,67.5
36,62,49,4,3,4,67.5
38,80,58,4,4,4,67.5
39,87,65,4,3,4,67.5
41,81,40,4,4,3,67.5
63,18,71,5,4,4,78.0
44,18,43,4,4,4,67.5
62,60,7,5,4,4,78.0
61,91,48,5,4,4,78.0
45,1,59,4,4,2,67.5
45,98,4,4,4,4,67.5
46,48,44,4,4,4,67.5
61,3,21,5,4,4,78.0
56,63,76,4,4,4,67.5
60,43,49,4,3,4,67.5
60,44,61,4,4,4,67.5
62,31,74,4,4,4,67.5
62,93,16,4,4,4,67.5
55,99,63,5,4,4,78.0
64,65,44,4,4,4,67.5
65,8,0,4,4,3,67.5
71,17,49,4,4,2,67.5
76,47,75,4,4,4,67.5
53,3,26,5,4,4,78.0
84,15,31,4,4,4,67.5
84,40,62,4,4,4,67.5
87,49,30,4,4,3,67.5
94,45,36,4,4,4,67.5
97,32,73,4,4,4,67.5
98,15,13,4,4,4,67.5
98,86,8,4,4,4,67.5
0,46,66,4,4,4,69.0
3,74,16,4,4,4,69.0
4,35,65,4,4,4,69.0
7,67,73,4,4,3,69.0
11,7,62,4,4,4,69.0
22,49,5,4,4,3,69.0
43,3,40,5,4,4,78.0
41,88,22,5,4,4,78.0
27,65,4,4,4,4,69.0
34,90,37,4,4,3,69.0
35,36,0,4,4,3,69.0
41,67,27,5,4,4,78.0
37,97,33,4,3,4,69.0
40,65,66,5,4,4,78.0
38,90,27,4,4,4,69.0
38,8,38,5,4,3,78.0
38,92,70,4,4,4,69.0
42,57,67,4,4,4,69.0
43,52,32,4,4,3,69.0
43,85,36,4,4,3,69.0
43,93,76,4,4,4,69.0
44,98,65,4,4,4,69.0
35,90,69,5,4,4,78.0
46,91,61,4,4,4,69.0
48,52,13,4,4,3,69.0
48,99,52,4,4,4,69.0
51,24,41,4,2,4,69.0
58,67,0,4,4,4,69.0
60,30,5,4,3,3,69.0
62,45,12,4,4,4,69.0
62,75,26,4,4,4,69.0
64,77,69,4,4,4,69.0
72,51,54,4,2,3,69.0
73,1,28,4,4,2,69.0
75,84,41,4,4,4,69.0
27,90,21,5,4,4,78.0
77,43,45,4,4,4,69.0
79,30,50,4,3,3,69.0
79,35,57,4,4,4,69.0
79,88,58,4,3,4,69.0
81,73,33,4,3,4,69.0
84,51,45,4,4,2,69.0
86,80,50,4,4,4,69.0
90,86,32,4,4,4,69.0
90,91,57,4,4,4,69.0
94,73,73,4,4,4,69.0
1,4,69,4,4,4,70.5
1,67,21,4,2,3,70.5
18,54,22,5,4,3,78.0
6,72,52,4,4,3,70.5
14,85,74,4,3,3,70.5
18,15,47,4,4,4,70.5
21,36,4,4,4,4,70.5
23,34,54,4,4,4,70.5
34,51,17,4,4,3,70.5
38,79,4,4,4,4,70.5
39,68,18,4,4,4,70.5
43,47,64,4,4,4,70.5
43,65,58,4,4,4,70.5
45,10,43,4,4,2,70.5
50,34,0,4,4,4,70.5
50,44,74,4,4,4,70.5
97,78,41,5,4,4,76.5
53,25,42,4,4,3,70.5
56,91,72,4,4,4,70.5
57,84,53,4,4,4,70.5
62,32,31,4,4,4,70.5
62,61,35,4,4,4,70.5
62,99,39,4,4,3,70.5
93,99,70,5,4,3,76.5
73,51,37,4,4,3,70.5
90,39,36,5,4,4,76.5
75,45,16,4,4,4,70.5
75,62,45,4,4,4,70.5
79,53,53,4,4,4,70.5
87,85,50,5,4,3,76.5
80,53,62,4,4,4,70.5
80,86,54,4,4,4,70.5
93,79,0,4,4,4,70.5
93,85,23,4,4,3,70.5
1,92,46,4,3,4,72.0
2,54,61,4,4,3,72.0
9,6,60,4,4,4,72.0
9,18,34,4,4,4,72.0
17,38,62,4,3,4,72.0
18,46,51,4,4,4,72.0
21,5,24,4,4,4,72.0
22,10,13,4,4,3,72.0
81,23,37,5,4,4,76.5
22,54,45,4,4,3,72.0
23,15,74,4,4,4,72.0
27,9,38,4,4,4,72.0
79,65,30,5,4,4,76.5
36,2,65,4,4,4,72.0
36,32,58,4,3,4,72.0
37,30,61,4,3,3,72.0
75,90,49,5,4,4,76.5
75,47,54,5,4,4,76.5
45,77,74,4,4,3,72.0
71,78,22,5,4,3,76.5
50,6,69,4,4,4,72.0
61,88,71,4,4,3,72.0
62,10,53,4,4,2,72.0
62,14,57,4,4,4,72.0
65,11,12,4,4,4,72.0
71,61,75,5,4,4,76.5
69,72,49,4,4,4,72.0
70,8,29,4,4,4,72.0
73,39,49,4,4,4,72.0
73,86,61,4,4,4,72.0
74,25,32,4,4,2,72.0
77,37,0,4,4,3,72.0
79,5,37,4,4,3,72.0
79,57,41,4,4,4,72.0
79,75,63,4,4,4,72.0
84,34,49,4,4,4,72.0
84,42,75,4,4,4,72.0
90,85,14,4,3,3,72.0
99,25,4,4,3,3,72.0
0,57,45,4,4,4,73.5
65,37,17,5,4,3,76.5
5,45,47,4,4,4,73.5
5,77,54,4,3,4,73.5
9,62,64,4,4,4,73.5
10,1,62,4,2,3,73.5
62,73,68,5,4,4,76.5
15,14,4,4,4,4,73.5
19,5,70,4,4,3,73.5
19,49,26,4,4,3,73.5
19,78,39,4,4,3,73.5
33,71,32,4,4,4,73.5
37,28,57,4,3,3,73.5
37,38,66,4,3,4,73.5
39,85,0,4,3,4,73.5
40,14,34,4,4,4,73.5
50,42,49,4,4,4,73.5
49,47,46,5,3,4,76.5
60,41,49,4,4,4,73.5
60,79,67,4,4,4,73.5
72,74,0,4,3,4,73.5
74,86,42,4,4,4,73.5
75,14,0,4,4,4,73.5
75,25,76,4,4,2,73.5
99,92,74,4,4,4,73.5
1,36,73,4,3,3,75.0
5,38,43,4,4,4,75.0
14,42,71,4,4,4,75.0
23,39,58,4,4,4,75.0
24,18,76,4,3,4,75.0
27,57,57,4,4,4,75.0
30,28,67,4,3,3,75.0
30,51,71,5,3,3,76.5
28,65,48,5,4,4,76.5
46,5,70,4,4,4,75.0
61,15,26,4,4,4,75.0
61,49,30,4,4,4,75.0
63,10,8,4,4,3,75.0
65,86,71,4,4,4,75.0
15,18,60,5,4,4,76.5
69,1,60,4,4,4,75.0
10,27,32,5,3,4,76.5
93,34,31,4,4,4,75.0
98,49,75,4,4,2,75.0
98,99,17,4,4,3,75.0
0,8,74,5,4,3,76.5
