src,dst,spec,slots_used,core_src,core_dst,tfk_slot
0,1,0,3,0,0,50.0
99,68,0,17,0,0,400.0
0,2,3,3,0,0,50.0
99,49,17,17,0,0,400.0
99,29,34,17,0,0,400.0
0,3,6,3,0,0,50.0
99,14,51,17,0,0,400.0
0,4,9,3,0,0,50.0
0,5,12,3,0,0,50.0
99,2,6,17,1,0,400.0
0,6,15,3,0,0,50.0
98,71,0,17,0,0,400.0
0,8,18,3,0,0,50.0
98,47,17,17,0,0,400.0
97,83,0,17,0,0,400.0
0,10,21,3,0,0,50.0
96,62,0,17,0,0,400.0
96,21,17,17,0,0,400.0
95,48,0,17,0,0,400.0
0,11,24,3,0,0,50.0
94,82,0,17,0,0,400.0
0,12,27,3,0,0,50.0
94,58,17,17,0,0,400.0
0,13,30,3,0,0,50.0
94,51,34,17,0,0,400.0
94,0,51,17,0,0,400.0
93,73,0,17,0,0,400.0
93,36,17,17,0,0,400.0
0,14,33,3,0,0,50.0
92,87,0,17,0,0,400.0
0,17,36,3,0,0,50.0
92,58,34,17,0,0,400.0
0,18,39,3,0,0,50.0
0,22,42,3,0,0,50.0
92,52,17,17,0,0,400.0
92,41,51,17,0,0,400.0
91,96,34,17,0,0,400.0
91,90,0,17,0,0,400.0
91,79,17,17,0,0,400.0
91,49,51,17,0,0,400.0
90,89,17,17,0,0,400.0
90,87,34,17,0,0,400.0
90,61,51,17,0,0,400.0
0,28,45,3,0,0,50.0
0,29,68,3,0,0,50.0
90,32,0,17,1,0,400.0
89,96,51,17,0,0,400.0
0,30,48,3,0,0,50.0
89,92,0,17,0,1,400.0
89,56,34,17,0,0,400.0
89,29,0,17,1,0,400.0
0,31,71,3,0,0,50.0
88,83,17,17,0,0,400.0
88,70,0,17,0,0,400.0
88,46,34,17,0,0,400.0
0,32,74,3,0,0,50.0
88,44,51,17,0,0,400.0
0,34,77,3,0,0,50.0
0,35,0,3,1,0,50.0
88,9,0,17,1,0,400.0
0,36,3,3,1,0,50.0
87,57,17,17,0,0,400.0
87,19,51,17,0,0,400.0
86,87,0,17,0,1,400.0
86,80,17,17,0,0,400.0
0,37,6,3,1,0,50.0
0,38,9,3,1,0,50.0
86,61,34,17,0,0,400.0
86,58,51,17,0,0,400.0
86,49,0,17,1,0,400.0
0,39,12,3,1,0,50.0
86,45,17,17,1,0,400.0
85,63,0,17,0,0,400.0
85,47,34,17,0,0,400.0
85,46,17,17,0,0,400.0
85,20,51,17,0,0,400.0
0,40,15,3,1,0,50.0
84,45,0,17,0,0,400.0
84,34,17,17,0,0,400.0
0,41,18,3,1,0,50.0
84,22,45,17,0,0,400.0
0,43,21,3,1,0,50.0
84,13,62,17,0,0,400.0
83,56,51,17,0,0,400.0
83,28,34,17,0,1,400.0
83,11,0,17,1,0,400.0
82,56,17,17,0,0,400.0
82,46,51,17,0,0,400.0
0,44,24,3,1,0,50.0
0,45,34,3,1,0,50.0
81,93,34,17,0,0,400.0
81,3,9,17,0,0,400.0
80,66,0,17,0,0,400.0
80,0,37,17,0,1,400.0
79,90,34,17,0,1,400.0
0,47,54,3,1,0,50.0
79,15,0,17,0,0,400.0
78,96,0,17,0,1,400.0
78,5,17,17,0,0,400.0
0,48,27,3,1,0,50.0
77,97,17,17,0,0,400.0
77,63,34,17,0,0,400.0
77,36,51,17,0,0,400.0
0,49,68,3,1,0,50.0
0,50,30,3,1,0,50.0
77,20,0,17,0,0,400.0
76,93,51,17,0,0,400.0
76,89,17,17,0,1,400.0
76,71,34,17,0,0,400.0
0,53,57,3,1,0,50.0
75,79,51,17,0,0,400.0
75,0,0,17,0,2,400.0
74,67,0,17,0,0,400.0
0,54,60,3,1,0,50.0
0,55,63,3,1,0,50.0
73,88,17,17,0,1,400.0
73,80,54,17,0,0,400.0
73,74,34,17,0,0,400.0
72,89,34,17,0,1,400.0
0,56,71,3,1,0,50.0
0,60,74,3,1,0,50.0
72,67,17,17,0,0,400.0
72,29,51,17,0,0,400.0
72,22,0,17,0,0,400.0
72,21,0,17,1,0,400.0
72,4,17,17,1,0,400.0
71,98,51,17,0,0,400.0
0,62,77,3,1,0,50.0
71,38,17,17,0,0,400.0
0,63,17,3,2,0,50.0
71,34,0,17,1,0,400.0
70,85,17,17,0,1,400.0
0,65,20,3,2,0,50.0
70,66,34,17,0,0,400.0
0,66,23,3,2,0,50.0
70,40,51,17,0,0,400.0
0,67,34,3,2,0,50.0
70,16,0,17,1,0,400.0
69,82,34,17,0,0,400.0
69,57,0,17,0,0,400.0
0,69,26,3,2,0,50.0
69,47,57,17,0,0,400.0
69,46,0,17,1,0,400.0
69,12,30,17,1,0,400.0
0,76,68,3,2,0,50.0
68,66,51,17,0,0,400.0
68,51,17,17,0,0,400.0
68,49,34,17,0,0,400.0
0,78,37,3,2,0,50.0
67,25,37,17,0,0,400.0
66,80,0,17,1,1,400.0
66,44,27,17,1,0,400.0
65,96,23,17,0,1,400.0
65,74,51,17,0,0,400.0
0,79,71,3,2,0,50.0
65,64,0,17,0,0,400.0
0,81,29,3,2,0,50.0
0,82,74,3,2,0,50.0
64,68,17,17,0,1,400.0
64,39,34,17,0,0,400.0
64,30,51,17,0,0,400.0
0,84,40,3,2,0,50.0
0,85,77,3,2,0,50.0
64,17,0,17,1,0,400.0
0,86,43,3,2,1,50.0
0,87,46,3,2,1,50.0
64,4,34,17,1,0,400.0
63,55,51,17,0,1,400.0
62,76,17,17,0,1,400.0
62,75,34,17,0,0,400.0
62,54,51,17,0,1,400.0
62,37,9,17,1,0,400.0
62,31,26,17,1,0,400.0
61,97,0,17,0,1,400.0
61,37,17,17,0,1,400.0
61,10,0,17,1,0,400.0
61,8,21,17,1,0,400.0
61,1,38,17,1,0,400.0
0,88,49,3,2,1,50.0
60,98,34,17,0,0,400.0
0,91,52,3,2,1,50.0
60,52,0,17,0,0,400.0
0,92,55,3,2,1,50.0
0,93,58,3,2,1,50.0
60,49,17,17,0,1,400.0
0,94,61,3,2,1,50.0
0,96,64,3,2,1,50.0
60,15,51,17,0,0,400.0
0,97,34,3,3,0,50.0
0,98,68,3,3,0,50.0
1,0,3,3,0,3,50.0
59,67,54,17,0,0,400.0
59,52,34,17,0,0,400.0
59,45,0,17,0,1,400.0
1,2,23,3,0,0,50.0
59,12,17,17,0,1,400.0
58,44,0,17,0,0,400.0
1,3,26,3,0,0,50.0
58,35,3,17,1,0,400.0
57,73,34,17,0,1,400.0
1,4,6,3,0,0,50.0
1,5,9,3,0,0,50.0
57,29,51,17,0,1,400.0
57,2,26,17,1,0,400.0
1,6,12,3,0,0,50.0
56,73,0,17,0,1,400.0
56,11,27,17,1,0,400.0
55,42,0,17,0,0,400.0
1,7,15,3,0,0,50.0
55,19,17,17,0,0,400.0
55,0,37,17,0,3,400.0
54,95,17,17,0,0,400.0
54,86,63,17,0,1,400.0
54,67,0,17,0,1,400.0
1,8,55,3,0,0,50.0
54,64,34,17,0,2,400.0
53,81,60,17,0,0,400.0
53,79,0,17,0,1,400.0
53,65,17,17,0,1,400.0
53,25,34,17,0,1,400.0
1,11,18,3,0,0,50.0
53,7,18,17,1,0,400.0
52,43,51,17,0,0,400.0
52,17,17,17,1,0,400.0
1,12,58,3,0,0,50.0
51,50,0,17,0,0,400.0
51,19,51,17,0,1,400.0
1,13,33,3,0,0,50.0
1,14,29,3,0,0,50.0
50,79,33,17,0,1,400.0
1,15,68,3,0,0,50.0
1,16,61,3,0,0,50.0
1,17,64,3,0,0,50.0
50,19,50,17,0,2,400.0
49,43,0,17,1,0,400.0
1,18,71,3,0,0,50.0
49,3,34,17,1,0,400.0
48,96,40,17,0,1,400.0
1,20,74,3,0,0,50.0
48,84,57,17,0,1,400.0
48,38,34,17,1,0,400.0
47,78,0,17,0,1,400.0
47,75,17,17,1,0,400.0
46,66,44,17,1,1,400.0
46,22,17,17,1,0,400.0
1,21,77,3,0,0,50.0
46,17,0,17,1,1,400.0
45,91,55,17,0,1,400.0
1,22,34,3,1,0,50.0
1,23,0,3,1,0,50.0
1,24,3,3,1,0,50.0
1,25,6,3,1,0,50.0
45,81,37,17,0,1,400.0
45,74,17,17,1,0,400.0
45,64,51,17,1,1,400.0
45,9,34,17,1,0,400.0
44,66,61,17,1,1,400.0
44,22,0,17,1,1,400.0
1,26,9,3,1,0,50.0
1,27,12,3,1,0,50.0
43,60,24,17,0,1,400.0
43,36,34,17,1,0,400.0
43,27,15,17,1,0,400.0
43,9,51,17,1,0,400.0
42,74,17,17,0,1,400.0
42,41,34,17,0,0,400.0
1,30,15,3,1,0,50.0
42,32,51,17,0,0,400.0
1,31,18,3,1,0,50.0
41,93,0,17,0,1,400.0
41,42,0,17,1,1,400.0
41,0,17,17,1,3,400.0
1,32,21,3,1,0,50.0
40,88,18,17,0,2,400.0
40,71,17,17,1,1,400.0
40,67,34,17,1,1,400.0
40,21,51,17,1,0,400.0
40,12,0,17,1,0,400.0
39,21,15,17,0,1,400.0
1,34,37,3,1,0,50.0
38,43,51,17,0,2,400.0
38,37,26,17,1,0,400.0
38,33,0,17,1,0,400.0
37,97,43,17,0,0,400.0
1,35,24,3,1,0,50.0
37,67,60,17,0,1,400.0
1,36,68,3,1,0,50.0
37,52,0,17,1,1,400.0
36,90,17,17,1,1,400.0
1,38,71,3,1,0,50.0
1,39,51,3,1,0,50.0
1,41,27,3,1,0,50.0
36,85,0,17,1,1,400.0
36,66,34,17,1,2,400.0
1,43,41,3,1,0,50.0
1,44,44,3,1,0,50.0
35,58,27,17,0,1,400.0
35,56,44,17,0,1,400.0
35,18,61,17,0,1,400.0
1,45,74,3,1,0,50.0
34,62,43,17,0,1,400.0
34,9,60,17,0,1,400.0
33,98,17,17,0,1,400.0
1,46,77,3,1,0,50.0
33,12,61,17,0,0,400.0
33,8,38,17,0,0,400.0
1,47,47,3,1,1,50.0
1,48,30,3,1,0,50.0
33,1,0,17,1,2,400.0
1,49,54,3,1,1,50.0
1,50,57,3,1,1,50.0
1,51,60,3,1,1,50.0
32,84,24,17,0,1,400.0
1,52,63,3,1,1,50.0
1,53,51,3,2,0,50.0
31,37,43,17,0,1,400.0
30,78,18,17,0,1,400.0
30,67,17,17,1,1,400.0
30,55,0,17,1,1,400.0
30,12,34,17,1,1,400.0
29,63,17,17,0,1,400.0
29,50,0,17,1,1,400.0
1,54,54,3,2,0,50.0
1,55,34,3,2,0,50.0
29,2,17,17,1,1,400.0
1,56,68,3,2,0,50.0
28,52,0,17,0,2,400.0
27,40,32,17,0,2,400.0
27,33,49,17,0,1,400.0
1,57,71,3,2,0,50.0
27,22,62,17,1,0,400.0
1,59,74,3,2,0,50.0
1,60,77,3,2,0,50.0
27,0,0,17,1,4,400.0
26,86,46,17,0,1,400.0
26,58,63,17,0,1,400.0
26,50,17,17,0,1,400.0
1,61,17,3,2,1,50.0
1,62,60,3,2,1,50.0
26,29,34,17,1,1,400.0
26,10,51,17,1,0,400.0
1,63,20,3,2,0,50.0
25,99,54,17,0,1,400.0
24,16,17,17,0,0,400.0
1,64,23,3,2,1,50.0
23,74,34,17,0,1,400.0
23,48,3,17,0,1,400.0
23,39,54,17,0,0,400.0
23,36,51,17,1,1,400.0
1,65,40,3,2,0,50.0
1,66,26,3,2,0,50.0
1,67,57,3,2,1,50.0
1,68,37,3,2,1,50.0
1,69,29,3,2,0,50.0
1,70,43,3,2,1,50.0
1,71,46,3,2,1,50.0
1,72,63,3,2,1,50.0
23,8,0,17,1,0,400.0
22,52,34,17,1,1,400.0
22,12,51,17,1,1,400.0
21,14,34,17,0,1,400.0
21,2,43,17,1,0,400.0
20,83,17,17,0,1,400.0
20,39,34,17,0,1,400.0
20,8,58,17,1,0,400.0
1,73,51,3,3,0,50.0
1,74,68,3,3,0,50.0
19,62,0,17,0,2,400.0
19,11,34,17,0,1,400.0
1,75,71,3,3,0,50.0
18,48,51,17,0,1,400.0
18,43,0,17,0,2,400.0
18,42,17,17,0,1,400.0
1,76,0,3,3,0,50.0
1,77,74,3,3,0,50.0
1,78,34,3,3,0,50.0
1,79,77,3,3,0,50.0
1,80,17,3,3,1,50.0
1,81,3,3,3,0,50.0
18,26,0,17,1,1,400.0
17,89,39,17,0,2,400.0
17,66,17,17,1,2,400.0
16,76,34,17,0,1,400.0
16,53,0,17,1,1,400.0
16,32,17,17,1,1,400.0
16,25,51,17,1,1,400.0
1,82,6,3,3,1,50.0
16,15,34,17,1,0,400.0
15,48,17,17,0,2,400.0
15,42,34,17,1,1,400.0
15,38,51,17,1,1,400.0
15,28,17,17,1,0,400.0
15,10,0,17,1,1,400.0
14,58,0,17,0,2,400.0
14,30,51,17,1,1,400.0
1,83,37,3,3,1,50.0
1,84,9,3,3,1,50.0
13,83,40,17,0,1,400.0
13,59,0,17,0,1,400.0
13,38,0,17,1,2,400.0
1,85,40,3,3,1,50.0
1,86,12,3,3,2,50.0
13,18,17,17,1,1,400.0
13,6,34,17,1,0,400.0
1,87,20,3,3,1,50.0
12,46,0,17,1,2,400.0
11,10,44,17,0,1,400.0
1,88,43,3,3,1,50.0
1,89,54,3,3,1,50.0
10,85,24,17,0,2,400.0
1,91,23,3,3,1,50.0
1,93,26,3,3,1,50.0
10,45,17,17,1,2,400.0
1,94,29,3,3,1,50.0
10,26,61,17,1,2,400.0
1,95,46,3,3,0,50.0
1,96,57,3,3,1,50.0
10,12,0,17,2,2,400.0
9,23,17,17,0,1,400.0
1,98,60,3,3,1,50.0
9,6,0,17,1,1,400.0
1,99,63,3,3,2,50.0
8,56,0,17,1,1,400.0
8,27,17,17,1,1,400.0
8,13,51,17,1,1,400.0
2,1,0,3,0,4,50.0
7,30,35,17,0,2,400.0
7,27,52,17,0,2,400.0
2,3,60,3,0,0,50.0
7,24,34,17,1,0,400.0
7,10,17,17,1,2,400.0
6,98,63,17,0,1,400.0
6,74,51,17,1,1,400.0
6,49,17,17,1,2,400.0
2,4,63,3,0,0,50.0
2,5,66,3,0,0,50.0
6,19,34,17,1,1,400.0
6,3,63,17,2,0,400.0
2,7,69,3,0,0,50.0
5,93,34,17,0,1,400.0
5,17,34,17,1,1,400.0
2,9,72,3,0,0,50.0
4,78,40,17,1,0,400.0
4,74,0,17,1,1,400.0
2,10,75,3,0,0,50.0
2,11,61,3,1,0,50.0
2,12,47,3,1,0,50.0
4,69,57,17,1,1,400.0
2,13,36,3,1,0,50.0
4,40,17,17,1,3,400.0
3,83,57,17,1,1,400.0
2,14,39,3,1,0,50.0
3,62,17,17,1,2,400.0
3,44,34,17,1,1,400.0
2,16,51,3,1,0,50.0
2,41,0,17,1,2,400.0
2,35,0,17,2,1,400.0
2,17,56,3,1,0,50.0
2,18,42,3,1,0,50.0
2,33,17,17,2,1,400.0
2,21,60,17,2,1,400.0
2,19,34,17,2,3,400.0
2,20,68,3,1,0,50.0
2,8,34,17,3,1,400.0
1,42,51,17,4,1,400.0
0,99,23,17,4,1,400.0
0,70,46,17,4,1,400.0
0,24,63,17,4,0,400.0
2,22,71,3,1,1,50.0
99,97,68,3,0,0,50.0
99,95,71,3,0,0,50.0
2,23,74,3,1,0,50.0
99,94,74,3,0,0,50.0
2,24,64,3,1,1,50.0
99,92,77,3,0,0,50.0
99,91,71,3,1,0,50.0
2,29,77,3,1,0,50.0
2,30,77,3,2,0,50.0
99,90,74,3,1,0,50.0
99,89,77,3,1,0,50.0
2,32,51,3,2,1,50.0
99,88,40,3,1,1,50.0
99,85,43,3,1,1,50.0
99,84,0,3,1,1,50.0
2,34,54,3,2,1,50.0
2,36,57,3,2,2,50.0
2,37,0,3,3,0,50.0
99,83,3,3,1,2,50.0
99,82,46,3,1,1,50.0
2,39,3,3,3,0,50.0
2,43,17,3,3,0,50.0
99,81,51,3,1,0,50.0
2,44,20,3,3,0,50.0
2,45,77,3,3,0,50.0
99,80,34,3,2,0,50.0
2,47,51,3,3,0,50.0
2,48,23,3,3,0,50.0
2,52,68,3,3,0,50.0
99,77,68,3,2,0,50.0
99,76,3,3,2,0,50.0
2,53,54,3,3,0,50.0
99,75,74,3,2,0,50.0
99,74,71,3,2,0,50.0
99,72,77,3,2,0,50.0
99,71,37,3,2,1,50.0
99,70,17,3,2,1,50.0
2,54,57,3,3,0,50.0
99,69,20,3,2,0,50.0
2,56,74,3,3,0,50.0
2,57,6,3,3,1,50.0
99,66,29,3,2,0,50.0
2,59,71,3,3,0,50.0
99,65,43,3,2,0,50.0
99,64,26,3,2,1,50.0
99,62,0,3,2,1,50.0
2,62,63,3,3,1,50.0
99,60,6,3,2,1,50.0
99,59,51,3,2,0,50.0
99,58,23,3,2,1,50.0
99,56,9,3,2,2,50.0
2,63,26,3,3,0,50.0
99,55,54,3,2,0,50.0
2,64,29,3,3,1,50.0
99,53,40,3,2,1,50.0
99,52,57,3,2,1,50.0
99,51,12,3,2,1,50.0
99,50,46,3,2,1,50.0
99,48,60,3,2,2,50.0
2,65,9,3,3,1,50.0
99,47,74,3,3,0,50.0
99,46,68,3,3,0,50.0
99,44,17,3,3,0,50.0
2,68,12,3,3,1,50.0
99,43,44,3,3,0,50.0
99,42,71,3,3,0,50.0
99,39,0,3,3,0,50.0
99,38,3,3,3,0,50.0
99,37,77,3,3,0,50.0
99,36,6,3,3,0,50.0
2,69,60,3,3,2,50.0
99,33,34,3,3,0,50.0
99,32,41,3,3,0,50.0
2,70,68,3,4,0,50.0
2,71,71,3,4,0,50.0
2,72,74,3,4,0,50.0
99,30,9,3,3,0,50.0
99,27,37,3,3,1,50.0
99,26,12,3,3,0,50.0
99,25,20,3,3,0,50.0
2,73,77,3,4,0,50.0
99,24,51,3,3,0,50.0
2,74,0,3,4,2,50.0
99,23,23,3,3,0,50.0
99,22,26,3,3,1,50.0
2,75,3,3,4,1,50.0
2,76,6,3,4,0,50.0
2,77,9,3,4,1,50.0
99,20,29,3,3,1,50.0
99,19,47,3,3,2,50.0
99,18,54,3,3,1,50.0
99,17,59,3,3,0,50.0
2,79,17,3,4,1,50.0
99,13,62,3,3,2,50.0
99,12,65,3,3,2,50.0
99,11,21,3,4,0,50.0
99,9,68,3,4,0,50.0
99,8,75,3,4,0,50.0
2,81,26,3,4,0,50.0
2,83,34,3,4,1,50.0
2,84,37,3,4,0,50.0
99,5,0,3,4,0,50.0
99,3,3,3,4,0,50.0
2,86,40,3,4,1,50.0
99,0,6,3,4,3,50.0
98,97,71,3,0,0,50.0
98,96,74,3,0,0,50.0
98,95,77,3,0,0,50.0
98,92,34,3,1,1,50.0
2,90,51,3,4,1,50.0
98,91,0,3,1,1,50.0
98,89,51,3,1,1,50.0
98,88,37,3,1,1,50.0
98,86,3,3,1,2,50.0
98,85,46,3,1,1,50.0
98,84,6,3,1,1,50.0
2,91,12,3,4,1,50.0
98,83,9,3,1,2,50.0
98,82,12,3,1,1,50.0
2,92,20,3,4,1,50.0
2,95,43,3,4,0,50.0
98,81,54,3,1,0,50.0
98,80,40,3,1,1,50.0
98,79,57,3,1,1,50.0
98,78,43,3,1,1,50.0
98,77,71,3,2,0,50.0
98,76,9,3,2,0,50.0
2,97,60,3,4,0,50.0
2,99,29,3,4,4,50.0
98,75,68,3,2,0,50.0
98,74,74,3,2,0,50.0
3,0,0,3,0,3,50.0
3,1,29,3,0,4,50.0
3,2,54,3,0,4,50.0
3,4,51,3,0,0,50.0
98,73,17,3,2,1,50.0
3,7,57,3,0,1,50.0
98,72,34,3,2,1,50.0
98,68,77,3,2,0,50.0
3,8,74,3,1,1,50.0
3,9,77,3,1,0,50.0
3,10,51,3,1,2,50.0
3,12,54,3,1,0,50.0
98,67,51,3,2,1,50.0
98,65,46,3,2,0,50.0
3,14,0,3,1,1,50.0
3,15,3,3,1,2,50.0
3,16,6,3,1,2,50.0
3,17,9,3,1,2,50.0
3,21,12,3,1,1,50.0
98,60,0,3,2,1,50.0
98,59,20,3,2,1,50.0
3,22,37,3,2,0,50.0
3,24,0,3,2,0,50.0
98,58,54,3,2,1,50.0
3,25,3,3,2,0,50.0
3,26,6,3,2,0,50.0
98,57,3,3,2,1,50.0
98,56,23,3,2,1,50.0
98,51,6,3,2,1,50.0
98,50,26,3,2,0,50.0
3,27,9,3,2,0,50.0
98,49,57,3,2,1,50.0
98,46,37,3,2,1,50.0
3,28,34,3,2,0,50.0
98,45,12,3,2,2,50.0
98,42,29,3,2,2,50.0
98,41,40,3,2,1,50.0
98,40,43,3,2,0,50.0
98,39,60,3,2,1,50.0
98,37,63,3,2,1,50.0
98,35,20,3,3,0,50.0
98,34,34,3,3,0,50.0
98,33,55,3,3,0,50.0
98,32,17,3,3,0,50.0
98,31,0,3,3,0,50.0
3,29,71,3,2,0,50.0
98,30,3,3,3,0,50.0
3,30,12,3,2,0,50.0
98,29,74,3,3,0,50.0
98,28,37,3,3,0,50.0
3,31,15,3,2,0,50.0
98,26,40,3,3,0,50.0
98,24,6,3,3,0,50.0
98,23,26,3,3,0,50.0
98,22,23,3,3,1,50.0
98,19,68,3,3,0,50.0
98,17,71,3,3,0,50.0
98,14,43,3,3,0,50.0
3,32,44,3,2,0,50.0
98,13,58,3,3,0,50.0
98,11,64,3,3,0,50.0
3,33,58,3,2,0,50.0
3,34,40,3,2,0,50.0
3,35,18,3,2,1,50.0
3,36,74,3,2,0,50.0
98,10,46,3,3,0,50.0
98,9,29,3,3,1,50.0
3,38,68,3,2,0,50.0
98,8,77,3,3,1,50.0
98,7,9,3,3,0,50.0
98,4,12,3,3,0,50.0
98,3,49,3,3,2,50.0
3,39,77,3,2,0,50.0
98,2,52,3,3,5,50.0
3,40,21,3,2,2,50.0
98,1,61,3,3,5,50.0
98,0,9,3,4,3,50.0
97,99,37,3,0,4,50.0
97,98,40,3,0,4,50.0
3,43,24,3,2,2,50.0
3,45,52,3,2,2,50.0
97,96,77,3,0,0,50.0
97,95,63,3,0,0,50.0
3,46,61,3,2,1,50.0
97,94,74,3,0,1,50.0
3,47,55,3,2,1,50.0
97,93,68,3,1,0,50.0
97,92,71,3,1,0,50.0
3,48,27,3,2,1,50.0
3,49,64,3,2,1,50.0
97,91,74,3,1,0,50.0
97,90,77,3,1,0,50.0
97,89,57,3,1,1,50.0
97,88,34,3,1,1,50.0
97,87,17,3,1,1,50.0
97,86,37,3,1,1,50.0
97,85,49,3,1,1,50.0
97,84,20,3,1,1,50.0
97,82,23,3,1,1,50.0
97,81,26,3,1,1,50.0
97,80,29,3,1,1,50.0
97,79,52,3,1,1,50.0
97,77,40,3,1,1,50.0
97,76,60,3,1,1,50.0
97,75,43,3,1,1,50.0
97,74,46,3,1,2,50.0
3,50,30,3,2,2,50.0
97,73,63,3,1,1,50.0
97,72,68,3,2,0,50.0
97,71,74,3,2,0,50.0
97,69,17,3,2,0,50.0
3,51,68,3,3,0,50.0
97,68,71,3,2,0,50.0
97,67,77,3,2,0,50.0
97,65,0,3,2,1,50.0
97,62,3,3,2,1,50.0
97,61,55,3,2,1,50.0
3,52,71,3,3,0,50.0
97,60,9,3,2,1,50.0
97,59,23,3,2,1,50.0
97,57,12,3,2,1,50.0
3,53,77,3,3,0,50.0
3,54,51,3,3,0,50.0
97,56,20,3,2,1,50.0
97,55,58,3,2,0,50.0
97,54,6,3,2,1,50.0
97,53,35,3,2,1,50.0
3,55,74,3,3,0,50.0
97,52,51,3,2,1,50.0
3,56,17,3,3,1,50.0
97,51,26,3,2,1,50.0
97,50,38,3,2,1,50.0
97,49,61,3,2,1,50.0
3,58,0,3,3,1,50.0
97,48,30,3,2,1,50.0
97,47,41,3,2,1,50.0
97,46,64,3,2,1,50.0
97,45,44,3,2,2,50.0
3,59,26,3,3,1,50.0
3,61,58,3,3,1,50.0
3,64,20,3,3,1,50.0
3,65,3,3,3,1,50.0
97,44,47,3,2,0,50.0
3,67,54,3,3,1,50.0
97,42,68,3,3,0,50.0
97,41,21,3,3,0,50.0
3,68,6,3,3,1,50.0
3,69,23,3,3,0,50.0
97,40,0,3,3,0,50.0
97,39,6,3,3,0,50.0
97,37,3,3,3,0,50.0
3,70,29,3,3,1,50.0
97,36,9,3,3,0,50.0
97,35,24,3,3,1,50.0
3,71,34,3,3,1,50.0
3,73,9,3,3,2,50.0
97,34,12,3,3,1,50.0
97,32,47,3,3,0,50.0
97,29,71,3,3,1,50.0
3,74,12,3,3,2,50.0
3,75,37,3,3,1,50.0
97,28,40,3,3,0,50.0
3,76,63,3,3,1,50.0
3,77,43,3,3,1,50.0
3,78,40,3,3,1,50.0
97,27,74,3,3,0,50.0
3,79,46,3,3,2,50.0
97,26,34,3,3,0,50.0
97,25,15,3,3,0,50.0
97,24,54,3,3,0,50.0
97,23,29,3,3,0,50.0
97,22,18,3,3,1,50.0
97,20,77,3,3,0,50.0
97,19,37,3,3,2,50.0
97,18,43,3,3,1,50.0
97,17,51,3,3,1,50.0
97,16,57,3,3,0,50.0
3,80,71,3,4,0,50.0
3,81,0,3,4,0,50.0
97,15,60,3,3,2,50.0
97,13,65,3,3,2,50.0
97,12,17,3,4,0,50.0
3,82,68,3,4,0,50.0
97,11,67,3,4,0,50.0
97,10,41,3,4,0,50.0
97,9,20,3,4,1,50.0
3,84,34,3,4,0,50.0
97,8,70,3,4,1,50.0
97,7,0,3,4,0,50.0
3,85,74,3,4,0,50.0
3,86,77,3,4,0,50.0
97,6,3,3,4,0,50.0
97,5,6,3,4,0,50.0
97,4,54,3,4,0,50.0
97,3,9,3,4,4,50.0
97,1,12,3,4,4,50.0
97,0,57,3,4,3,50.0
96,99,71,3,0,4,50.0
3,87,23,3,4,1,50.0
3,89,60,3,4,1,50.0
3,90,54,3,4,1,50.0
3,91,3,3,4,1,50.0
96,98,68,3,0,4,50.0
3,94,6,3,4,1,50.0
96,94,68,3,1,0,50.0
3,95,37,3,4,0,50.0
96,93,71,3,1,0,50.0
96,92,74,3,1,0,50.0
96,91,77,3,1,0,50.0
96,90,60,3,1,1,50.0
96,88,17,3,1,3,50.0
96,87,20,3,1,2,50.0
96,86,68,3,2,0,50.0
3,97,26,3,4,4,50.0
96,84,3,3,2,1,50.0
96,82,71,3,2,0,50.0
3,98,12,3,4,4,50.0
96,81,6,3,2,0,50.0
96,80,74,3,2,0,50.0
96,78,57,3,2,0,50.0
96,77,77,3,2,0,50.0
96,76,12,3,2,0,50.0
3,99,15,3,4,4,50.0
4,1,3,3,0,4,50.0
96,74,9,3,2,2,50.0
96,73,20,3,2,1,50.0
4,3,57,3,0,4,50.0
96,68,0,3,2,1,50.0
96,66,17,3,2,0,50.0
96,64,23,3,2,2,50.0
4,5,60,3,0,0,50.0
4,6,0,3,0,0,50.0
4,7,72,3,0,0,50.0
96,63,29,3,2,0,50.0
4,9,77,3,0,1,50.0
96,61,61,3,2,1,50.0
96,59,32,3,2,1,50.0
4,10,68,3,0,0,50.0
96,58,44,3,2,1,50.0
4,11,74,3,1,0,50.0
96,54,26,3,2,1,50.0
4,13,77,3,1,1,50.0
4,14,36,3,1,0,50.0
96,53,47,3,2,1,50.0
96,51,35,3,2,1,50.0
96,49,51,3,2,1,50.0
96,48,38,3,2,2,50.0
4,15,71,3,2,0,50.0
4,16,54,3,2,0,50.0
96,46,41,3,2,1,50.0
96,43,54,3,2,3,50.0
96,42,64,3,2,2,50.0
96,41,24,3,3,0,50.0
96,40,3,3,3,0,50.0
96,39,9,3,3,0,50.0
4,17,67,3,2,0,50.0
4,20,0,3,2,1,50.0
4,21,74,3,2,0,50.0
4,23,20,3,2,0,50.0
4,24,9,3,2,0,50.0
96,38,0,3,3,0,50.0
96,37,34,3,3,1,50.0
96,35,21,3,3,1,50.0
96,33,37,3,3,1,50.0
96,32,68,3,3,0,50.0
96,29,74,3,3,1,50.0
96,28,48,3,3,0,50.0
96,27,6,3,3,0,50.0
96,26,43,3,3,0,50.0
4,25,12,3,2,0,50.0
96,22,29,3,3,1,50.0
96,20,71,3,3,0,50.0
96,19,77,3,3,0,50.0
96,17,54,3,3,1,50.0
4,26,3,3,2,0,50.0
96,15,12,3,3,2,50.0
4,27,77,3,2,0,50.0
4,28,51,3,2,0,50.0
4,29,6,3,2,2,50.0
4,30,35,3,2,0,50.0
4,33,40,3,2,1,50.0
96,12,51,3,3,0,50.0
96,11,15,3,3,1,50.0
96,9,40,3,3,1,50.0
4,35,27,3,2,1,50.0
96,8,18,3,3,2,50.0
96,6,57,3,3,0,50.0
4,36,15,3,2,2,50.0
4,37,60,3,2,1,50.0
4,39,23,3,2,1,50.0
96,3,63,3,3,4,50.0
96,2,60,3,3,5,50.0
4,43,47,3,2,0,50.0
96,1,6,3,4,4,50.0
96,0,12,3,4,3,50.0
95,99,34,3,0,4,50.0
4,44,30,3,2,1,50.0
4,45,57,3,2,2,50.0
95,98,49,3,0,4,50.0
4,46,43,3,2,2,50.0
95,97,60,3,0,4,50.0
4,47,63,3,2,1,50.0
95,96,40,3,0,4,50.0
95,94,52,3,0,1,50.0
95,93,74,3,0,0,50.0
95,92,68,3,0,0,50.0
95,91,55,3,0,2,50.0
95,90,68,3,1,0,50.0
4,48,17,3,3,0,50.0
4,49,71,3,3,0,50.0
95,89,71,3,1,0,50.0
95,88,74,3,1,0,50.0
95,87,77,3,1,0,50.0
95,83,0,3,1,2,50.0
4,51,74,3,3,0,50.0
95,82,3,3,1,1,50.0
95,81,57,3,1,0,50.0
95,80,20,3,1,1,50.0
95,79,23,3,1,1,50.0
4,52,77,3,3,0,50.0
95,78,60,3,1,0,50.0
95,77,6,3,1,1,50.0
95,75,9,3,1,1,50.0
4,53,43,3,3,1,50.0
95,72,37,3,1,1,50.0
95,71,40,3,1,1,50.0
95,70,26,3,1,1,50.0
95,69,51,3,1,0,50.0
4,55,66,3,3,0,50.0
4,56,61,3,3,1,50.0
95,67,12,3,1,2,50.0
95,66,17,3,1,1,50.0
95,65,34,3,1,1,50.0
4,57,0,3,3,1,50.0
4,58,20,3,3,1,50.0
4,60,3,3,3,1,50.0
95,64,29,3,1,2,50.0
4,62,6,3,3,1,50.0
95,63,43,3,1,1,50.0
4,63,23,3,3,0,50.0
95,61,64,3,1,1,50.0
4,64,9,3,3,2,50.0
95,60,46,3,1,1,50.0
95,59,54,3,1,1,50.0
95,57,68,3,2,0,50.0
95,56,77,3,2,0,50.0
4,68,34,3,3,1,50.0
4,70,37,3,3,1,50.0
95,55,71,3,2,0,50.0
4,71,49,3,3,1,50.0
95,54,0,3,2,1,50.0
95,53,50,3,2,1,50.0
4,72,40,3,3,1,50.0
4,75,12,3,3,1,50.0
95,52,74,3,2,0,50.0
95,51,3,3,2,1,50.0
95,49,6,3,2,2,50.0
95,47,9,3,2,1,50.0
4,76,52,3,3,1,50.0
95,46,34,3,2,1,50.0
4,77,26,3,3,1,50.0
4,79,29,3,3,1,50.0
4,80,46,3,3,1,50.0
95,45,37,3,2,2,50.0
95,44,17,3,2,1,50.0
95,43,12,3,2,1,50.0
95,42,20,3,2,2,50.0
95,39,26,3,2,1,50.0
4,81,55,3,3,1,50.0
95,38,23,3,2,1,50.0
4,84,58,3,3,2,50.0
95,36,29,3,2,2,50.0
95,35,40,3,2,1,50.0
4,85,68,3,4,0,50.0
4,86,71,3,4,0,50.0
95,34,43,3,2,1,50.0
95,33,46,3,2,1,50.0
4,87,74,3,4,0,50.0
4,88,77,3,4,0,50.0
4,90,57,3,4,1,50.0
4,91,6,3,4,1,50.0
95,32,54,3,2,1,50.0
4,93,17,3,4,1,50.0
95,31,60,3,2,0,50.0
95,30,57,3,2,2,50.0
95,29,63,3,2,2,50.0
4,94,0,3,4,1,50.0
4,95,3,3,4,3,50.0
95,28,54,3,3,0,50.0
95,27,0,3,3,0,50.0
4,96,9,3,4,4,50.0
95,26,37,3,3,0,50.0
95,25,9,3,3,0,50.0
95,24,12,3,3,0,50.0
95,23,51,3,3,0,50.0
95,22,68,3,3,1,50.0
95,21,71,3,3,0,50.0
95,20,6,3,3,1,50.0
4,98,20,3,4,4,50.0
95,19,74,3,3,0,50.0
4,99,12,3,4,4,50.0
5,0,54,3,0,3,50.0
95,18,34,3,3,0,50.0
5,1,69,3,0,4,50.0
95,17,77,3,3,0,50.0
5,2,57,3,0,4,50.0
95,16,64,3,3,0,50.0
95,15,15,3,3,2,50.0
95,13,18,3,3,0,50.0
5,3,51,3,0,4,50.0
95,12,21,3,3,0,50.0
5,4,63,3,0,4,50.0
95,11,24,3,3,1,50.0
95,10,40,3,3,1,50.0
95,9,43,3,3,1,50.0
5,7,3,3,0,0,50.0
95,8,27,3,3,2,50.0
5,8,72,3,0,2,50.0
95,7,60,3,3,1,50.0
5,9,75,3,0,2,50.0
95,6,30,3,3,0,50.0
95,5,57,3,3,1,50.0
5,10,17,3,1,0,50.0
5,11,70,3,1,0,50.0
5,12,24,3,1,0,50.0
5,13,21,3,1,0,50.0
95,4,46,3,3,4,50.0
95,3,18,3,4,4,50.0
5,14,73,3,1,0,50.0
95,1,9,3,4,4,50.0
5,15,76,3,1,0,50.0
95,0,60,3,4,3,50.0
5,16,67,3,1,0,50.0
94,98,71,3,0,4,50.0
94,96,77,3,0,4,50.0
5,18,51,3,1,1,50.0
94,95,3,3,1,4,50.0
5,19,0,3,1,1,50.0
5,20,3,3,1,1,50.0
94,93,77,3,1,0,50.0
5,21,6,3,1,1,50.0
5,22,9,3,1,2,50.0
94,91,68,3,1,0,50.0
94,90,71,3,1,0,50.0
5,23,12,3,1,2,50.0
94,89,64,3,1,1,50.0
94,88,46,3,1,1,50.0
94,87,26,3,1,1,50.0
5,24,60,3,1,0,50.0
94,86,34,3,1,1,50.0
5,25,27,3,1,0,50.0
94,85,37,3,1,1,50.0
5,26,30,3,1,1,50.0
5,27,54,3,1,1,50.0
94,84,12,3,1,1,50.0
94,80,23,3,1,1,50.0
5,28,63,3,1,0,50.0
94,79,20,3,1,1,50.0
5,29,68,3,2,1,50.0
5,30,0,3,2,0,50.0
5,31,3,3,2,0,50.0
5,32,71,3,2,0,50.0
5,33,34,3,2,1,50.0
94,77,15,3,1,1,50.0
94,76,9,3,1,1,50.0
94,75,40,3,1,1,50.0
94,74,43,3,1,2,50.0
94,73,55,3,1,1,50.0
94,71,58,3,1,1,50.0
94,70,49,3,1,2,50.0
94,69,54,3,2,0,50.0
94,68,68,3,2,0,50.0
5,34,6,3,2,1,50.0
94,67,71,3,2,0,50.0
5,35,30,3,2,1,50.0
5,36,12,3,2,0,50.0
94,66,20,3,2,0,50.0
5,37,37,3,2,1,50.0
94,64,74,3,2,0,50.0
94,63,77,3,2,0,50.0
94,61,0,3,2,2,50.0
5,38,74,3,2,0,50.0
5,39,9,3,2,1,50.0
94,59,17,3,2,1,50.0
94,57,9,3,2,1,50.0
94,56,64,3,2,1,50.0
5,40,40,3,2,0,50.0
94,55,23,3,2,1,50.0
94,54,3,3,2,1,50.0
94,52,60,3,2,1,50.0
94,50,34,3,2,1,50.0
5,41,77,3,2,0,50.0
5,42,15,3,2,2,50.0
5,43,18,3,2,2,50.0
5,44,21,3,2,1,50.0
5,45,47,3,2,2,50.0
5,46,24,3,2,2,50.0
5,47,44,3,2,1,50.0
94,49,12,3,2,2,50.0
94,48,37,3,2,0,50.0
94,47,6,3,2,1,50.0
5,48,50,3,2,2,50.0
94,46,27,3,2,2,50.0
94,44,51,3,2,1,50.0
5,49,53,3,2,2,50.0
94,42,40,3,2,2,50.0
94,41,30,3,2,0,50.0
94,40,46,3,2,0,50.0
94,39,57,3,2,1,50.0
94,37,43,3,2,2,50.0
94,36,0,3,3,0,50.0
94,35,33,3,3,1,50.0
94,34,3,3,3,1,50.0
94,33,43,3,3,1,50.0
94,32,77,3,3,0,50.0
5,50,60,3,2,1,50.0
5,51,56,3,2,1,50.0
94,31,6,3,3,0,50.0
94,30,38,3,3,0,50.0
94,28,57,3,3,0,50.0
94,27,66,3,3,0,50.0
5,52,27,3,2,2,50.0
94,26,17,3,3,1,50.0
94,25,23,3,3,0,50.0
94,24,9,3,3,1,50.0
5,53,63,3,2,1,50.0
94,23,71,3,3,0,50.0
5,54,9,3,3,1,50.0
94,22,74,3,3,1,50.0
94,21,12,3,3,2,50.0
94,20,20,3,3,1,50.0
5,55,77,3,3,0,50.0
5,56,67,3,3,1,50.0
94,19,26,3,3,1,50.0
94,17,60,3,3,1,50.0
94,16,29,3,3,2,50.0
5,57,74,3,3,0,50.0
5,58,70,3,3,0,50.0
5,59,29,3,3,1,50.0
5,60,12,3,3,1,50.0
5,62,34,3,3,2,50.0
94,15,46,3,3,2,50.0
94,14,49,3,3,2,50.0
94,12,52,3,3,2,50.0
94,11,63,3,3,1,50.0
94,10,71,3,4,0,50.0
94,8,0,3,4,2,50.0
94,6,6,3,4,0,50.0
5,63,0,3,3,1,50.0
94,5,3,3,4,3,50.0
5,64,17,3,3,1,50.0
94,4,23,3,4,4,50.0
94,3,29,3,4,4,50.0
94,1,15,3,4,4,50.0
93,98,23,3,1,4,50.0
93,97,29,3,1,4,50.0
93,95,51,3,1,4,50.0
93,94,20,3,1,4,50.0
93,92,61,3,1,1,50.0
93,91,72,3,1,1,50.0
93,90,64,3,1,1,50.0
5,66,20,3,3,1,50.0
93,89,68,3,1,0,50.0
93,88,54,3,1,1,50.0
93,87,75,3,1,1,50.0
5,68,40,3,3,1,50.0
5,69,23,3,3,1,50.0
93,86,74,3,2,0,50.0
93,83,68,3,2,0,50.0
93,81,77,3,2,0,50.0
93,80,26,3,2,1,50.0
93,79,60,3,2,1,50.0
5,70,63,3,3,1,50.0
93,78,63,3,2,0,50.0
93,77,0,3,2,1,50.0
5,71,43,3,3,1,50.0
93,75,6,3,2,1,50.0
5,73,26,3,3,1,50.0
93,74,71,3,2,1,50.0
5,74,6,3,3,2,50.0
5,75,46,3,3,1,50.0
93,72,43,3,2,1,50.0
5,76,55,3,3,1,50.0
5,77,37,3,3,1,50.0
93,71,52,3,2,1,50.0
5,78,49,3,3,1,50.0
93,69,17,3,2,1,50.0
93,68,3,3,2,1,50.0
5,79,52,3,3,2,50.0
5,81,58,3,3,1,50.0
93,67,9,3,2,2,50.0
93,65,12,3,2,1,50.0
93,64,20,3,2,2,50.0
5,82,77,3,4,0,50.0
93,63,34,3,2,1,50.0
93,62,37,3,2,2,50.0
93,61,23,3,2,2,50.0
5,83,71,3,4,0,50.0
93,60,49,3,2,1,50.0
5,84,15,3,4,1,50.0
5,86,0,3,4,2,50.0
5,87,68,3,4,0,50.0
93,59,40,3,2,1,50.0
93,58,57,3,2,1,50.0
93,57,46,3,2,1,50.0
93,56,29,3,2,2,50.0
93,53,53,3,3,1,50.0
93,52,66,3,3,1,50.0
93,50,17,3,3,0,50.0
93,49,74,3,3,0,50.0
5,88,57,3,4,1,50.0
5,89,74,3,4,0,50.0
93,48,20,3,3,0,50.0
93,45,69,3,3,1,50.0
5,90,3,3,4,2,50.0
93,44,77,3,3,0,50.0
93,43,0,3,3,1,50.0
93,42,3,3,3,2,50.0
93,40,6,3,3,0,50.0
93,39,12,3,3,1,50.0
93,38,43,3,3,1,50.0
5,91,9,3,4,1,50.0
93,37,40,3,3,1,50.0
5,92,23,3,4,1,50.0
93,34,9,3,3,1,50.0
93,32,34,3,3,1,50.0
93,29,23,3,3,2,50.0
93,26,26,3,3,1,50.0
93,25,30,3,3,0,50.0
93,24,57,3,3,0,50.0
5,94,12,3,4,4,50.0
93,23,37,3,3,1,50.0
5,95,6,3,4,4,50.0
93,22,46,3,3,2,50.0
5,96,18,3,4,4,50.0
93,21,49,3,3,2,50.0
93,20,60,3,3,2,50.0
93,19,63,3,3,3,50.0
93,18,45,3,4,0,50.0
5,97,32,3,4,4,50.0
5,98,26,3,4,4,50.0
93,16,70,3,4,0,50.0
93,15,73,3,4,1,50.0
5,99,40,3,4,4,50.0
93,14,17,3,4,0,50.0
93,13,24,3,4,0,50.0
6,0,18,3,0,4,50.0
93,12,76,3,4,1,50.0
6,1,21,3,0,4,50.0
93,11,0,3,4,1,50.0
93,10,34,3,4,1,50.0
6,4,26,3,0,4,50.0
6,5,51,3,0,4,50.0
6,7,9,3,0,1,50.0
93,9,37,3,4,1,50.0
93,8,3,3,4,2,50.0
93,7,6,3,4,0,50.0
93,6,54,3,4,0,50.0
93,5,29,3,4,4,50.0
6,9,60,3,0,2,50.0
6,11,77,3,1,0,50.0
93,4,40,3,4,4,50.0
93,3,48,3,4,4,50.0
6,12,68,3,1,1,50.0
6,13,71,3,1,1,50.0
93,2,63,3,4,4,50.0
93,1,9,3,4,5,50.0
92,99,26,3,1,4,50.0
6,14,74,3,1,1,50.0
92,98,17,3,1,4,50.0
92,97,37,3,1,4,50.0
92,96,29,3,1,4,50.0
92,95,40,3,1,4,50.0
92,94,43,3,1,4,50.0
6,15,0,3,2,2,50.0
92,93,51,3,1,4,50.0
6,16,3,3,2,2,50.0
92,91,46,3,1,1,50.0
92,90,67,3,1,1,50.0
92,89,70,3,1,1,50.0
92,88,64,3,1,1,50.0
92,86,58,3,1,2,50.0
6,17,57,3,2,1,50.0
92,85,73,3,1,1,50.0
6,18,48,3,2,0,50.0
92,83,76,3,1,0,50.0
6,20,9,3,2,1,50.0
6,23,34,3,2,1,50.0
6,24,6,3,2,1,50.0
92,82,0,3,2,1,50.0
92,80,77,3,2,0,50.0
92,79,68,3,2,0,50.0
6,26,20,3,2,1,50.0
6,27,40,3,2,1,50.0
6,28,60,3,2,0,50.0
92,78,71,3,2,0,50.0
92,77,3,3,2,1,50.0
92,76,74,3,2,0,50.0
92,75,15,3,2,1,50.0
92,74,18,3,2,2,50.0
92,73,23,3,2,1,50.0
92,72,46,3,2,1,50.0
92,71,55,3,2,1,50.0
92,70,32,3,2,1,50.0
92,69,26,3,2,1,50.0
92,68,9,3,2,1,50.0
92,67,6,3,2,2,50.0
92,66,12,3,2,2,50.0
92,63,37,3,2,1,50.0
6,29,12,3,2,2,50.0
92,62,40,3,2,2,50.0
92,61,29,3,2,2,50.0
92,60,43,3,2,1,50.0
6,30,43,3,2,0,50.0
92,57,49,3,2,1,50.0
92,56,52,3,2,2,50.0
6,32,37,3,2,1,50.0
92,55,58,3,2,2,50.0
6,33,15,3,2,2,50.0
6,34,23,3,2,1,50.0
92,54,61,3,2,2,50.0
92,51,64,3,2,1,50.0
92,50,20,3,3,0,50.0
92,49,77,3,3,0,50.0
92,48,33,3,3,0,50.0
92,47,0,3,3,1,50.0
6,35,51,3,2,1,50.0
92,46,71,3,3,0,50.0
92,45,74,3,3,1,50.0
92,44,68,3,3,0,50.0
92,43,3,3,3,1,50.0
6,37,26,3,2,2,50.0
92,42,6,3,3,2,50.0
6,40,29,3,2,2,50.0
92,40,9,3,3,0,50.0
6,42,54,3,2,2,50.0
92,39,15,3,3,1,50.0
6,43,68,3,3,0,50.0
6,44,71,3,3,0,50.0
6,45,77,3,3,1,50.0
6,47,3,3,3,1,50.0
92,38,12,3,3,0,50.0
6,48,74,3,3,0,50.0
92,35,36,3,3,1,50.0
92,34,26,3,3,1,50.0
6,50,23,3,3,0,50.0
92,33,23,3,3,2,50.0
92,32,40,3,3,1,50.0
92,31,63,3,3,0,50.0
92,30,29,3,3,2,50.0
6,52,54,3,3,1,50.0
92,29,43,3,3,2,50.0
92,28,51,3,3,1,50.0
92,27,46,3,3,1,50.0
92,26,54,3,3,2,50.0
92,25,57,3,3,2,50.0
6,53,57,3,3,1,50.0
92,24,60,3,3,1,50.0
92,23,77,3,4,0,50.0
6,54,12,3,3,1,50.0
92,22,0,3,4,2,50.0
6,55,17,3,3,1,50.0
92,21,68,3,4,0,50.0
92,20,12,3,4,1,50.0
92,19,71,3,4,0,50.0
92,18,74,3,4,0,50.0
6,56,0,3,3,2,50.0
6,57,20,3,3,1,50.0
92,17,63,3,4,1,50.0
92,16,9,3,4,2,50.0
92,15,6,3,4,2,50.0
6,58,47,3,3,1,50.0
92,14,20,3,4,0,50.0
6,59,35,3,3,1,50.0
92,12,17,3,4,2,50.0
6,60,60,3,3,1,50.0
6,61,6,3,3,2,50.0
6,62,43,3,3,2,50.0
92,11,3,3,4,1,50.0
92,9,23,3,4,1,50.0
92,8,30,3,4,2,50.0
92,7,51,3,4,1,50.0
92,6,26,3,4,3,50.0
6,63,9,3,3,1,50.0
92,5,35,3,4,4,50.0
6,64,51,3,3,2,50.0
92,4,43,3,4,4,50.0
92,3,40,3,4,4,50.0
92,1,46,3,4,4,50.0
6,65,38,3,3,1,50.0
6,66,63,3,3,2,50.0
92,0,54,3,4,5,50.0
91,99,18,3,1,4,50.0
91,98,29,3,1,4,50.0
91,97,49,3,1,4,50.0
91,95,15,3,1,4,50.0
6,67,29,3,3,2,50.0
6,68,32,3,3,2,50.0
91,94,26,3,1,4,50.0
6,69,74,3,4,0,50.0
91,93,32,3,1,5,50.0
91,92,35,3,1,5,50.0
91,89,75,3,1,1,50.0
6,70,71,3,4,0,50.0
91,88,38,3,1,2,50.0
91,87,41,3,1,1,50.0
91,86,6,3,2,2,50.0
6,71,68,3,4,0,50.0
91,85,71,3,2,0,50.0
6,72,49,3,4,1,50.0
91,84,41,3,2,1,50.0
91,83,74,3,2,1,50.0
91,82,9,3,2,1,50.0
6,73,29,3,4,1,50.0
91,81,0,3,2,1,50.0
6,77,12,3,4,1,50.0
91,80,32,3,2,1,50.0
6,78,77,3,4,0,50.0
6,80,35,3,4,1,50.0
91,78,66,3,2,0,50.0
6,81,3,3,4,1,50.0
91,77,18,3,2,1,50.0
6,82,15,3,4,1,50.0
91,76,77,3,2,0,50.0
91,75,21,3,2,1,50.0
91,74,3,3,2,2,50.0
91,73,51,3,2,1,50.0
6,83,6,3,4,2,50.0
91,72,58,3,2,1,50.0
91,71,61,3,2,1,50.0
91,70,12,3,2,2,50.0
91,69,47,3,2,1,50.0
91,68,44,3,2,1,50.0
6,86,9,3,4,2,50.0
91,66,24,3,2,1,50.0
91,65,15,3,2,2,50.0
6,88,60,3,4,1,50.0
6,89,0,3,4,2,50.0
91,64,27,3,2,3,50.0
91,61,35,3,2,2,50.0
6,90,18,3,4,2,50.0
91,60,38,3,2,2,50.0
91,58,73,3,3,0,50.0
6,91,21,3,4,3,50.0
91,57,77,3,3,0,50.0
6,93,57,3,4,4,50.0
91,56,70,3,3,1,50.0
6,94,32,3,4,4,50.0
91,54,15,3,3,1,50.0
6,95,24,3,4,4,50.0
91,53,60,3,3,1,50.0
91,52,18,3,3,2,50.0
91,51,0,3,3,1,50.0
91,50,67,3,3,0,50.0
6,96,43,3,4,4,50.0
6,97,46,3,4,4,50.0
91,48,24,3,3,1,50.0
91,47,12,3,3,1,50.0
6,99,52,3,4,4,50.0
7,0,75,3,0,3,50.0
91,46,30,3,3,2,50.0
91,45,3,3,3,2,50.0
91,43,6,3,3,1,50.0
91,42,9,3,3,2,50.0
7,1,12,3,0,5,50.0
91,41,34,3,3,1,50.0
91,39,51,3,3,1,50.0
91,38,46,3,3,1,50.0
91,37,37,3,3,2,50.0
7,2,0,3,1,5,50.0
91,36,40,3,3,2,50.0
7,3,3,3,1,5,50.0
91,34,57,3,3,1,50.0
91,33,27,3,3,2,50.0
7,5,54,3,1,4,50.0
7,6,63,3,1,4,50.0
7,8,6,3,1,2,50.0
91,32,43,3,3,1,50.0
91,31,54,3,3,1,50.0
7,9,12,3,1,2,50.0
91,30,63,3,3,2,50.0
7,11,66,3,1,1,50.0
7,12,71,3,1,1,50.0
91,28,66,3,4,0,50.0
91,27,3,3,4,0,50.0
7,13,74,3,1,1,50.0
7,14,77,3,1,0,50.0
7,15,68,3,2,1,50.0
91,26,0,3,4,0,50.0
91,22,77,3,4,1,50.0
91,21,9,3,4,1,50.0
91,20,15,3,4,1,50.0
91,19,6,3,4,1,50.0
91,16,73,3,4,0,50.0
91,15,18,3,4,2,50.0
91,12,21,3,4,2,50.0
7,16,76,3,2,0,50.0
7,18,34,3,2,1,50.0
91,11,12,3,4,1,50.0
7,19,3,3,2,1,50.0
7,20,23,3,2,1,50.0
7,21,0,3,2,1,50.0
91,10,37,3,4,1,50.0
91,9,26,3,4,1,50.0
7,22,6,3,2,2,50.0
7,23,40,3,2,1,50.0
91,8,33,3,4,2,50.0
7,25,71,3,2,0,50.0
91,7,29,3,4,2,50.0
7,26,9,3,2,2,50.0
7,28,12,3,2,1,50.0
91,6,40,3,4,4,50.0
91,5,43,3,4,4,50.0
91,4,49,3,4,4,50.0
7,29,15,3,2,2,50.0
91,3,46,3,4,5,50.0
7,31,18,3,2,1,50.0
91,2,55,3,4,5,50.0
91,1,52,3,4,5,50.0
91,0,63,3,4,3,50.0
90,99,70,3,1,5,50.0
7,32,46,3,2,1,50.0
90,98,74,3,1,4,50.0
7,33,37,3,2,2,50.0
7,35,43,3,2,1,50.0
90,94,77,3,1,4,50.0
90,92,57,3,2,4,50.0
7,36,26,3,2,2,50.0
90,91,60,3,2,4,50.0
7,37,49,3,2,2,50.0
7,38,52,3,2,2,50.0
90,88,68,3,2,0,50.0
7,39,63,3,2,1,50.0
7,40,55,3,2,2,50.0
7,41,58,3,2,1,50.0
90,85,34,3,2,1,50.0
7,42,74,3,3,0,50.0
7,43,71,3,3,0,50.0
7,45,0,3,3,2,50.0
90,84,44,3,2,1,50.0
90,83,77,3,2,1,50.0
7,47,77,3,3,0,50.0
7,48,20,3,3,1,50.0
90,82,26,3,2,1,50.0
90,81,6,3,2,1,50.0
90,80,49,3,2,1,50.0
90,78,74,3,2,0,50.0
7,49,67,3,3,1,50.0
7,50,41,3,3,1,50.0
90,77,21,3,2,1,50.0
7,51,9,3,3,1,50.0
90,76,71,3,2,0,50.0
7,52,23,3,3,2,50.0
90,74,15,3,2,2,50.0
7,53,3,3,3,2,50.0
90,73,0,3,2,2,50.0
90,72,52,3,2,1,50.0
90,71,64,3,2,1,50.0
90,70,40,3,2,1,50.0
90,69,9,3,2,2,50.0
90,68,12,3,2,2,50.0
7,54,29,3,3,1,50.0
90,67,37,3,2,2,50.0
7,55,26,3,3,1,50.0
90,66,29,3,2,3,50.0
90,65,17,3,3,0,50.0
90,64,68,3,3,0,50.0
90,63,71,3,3,0,50.0
7,57,15,3,3,1,50.0
7,58,50,3,3,1,50.0
90,62,74,3,3,0,50.0
7,59,44,3,3,1,50.0
7,60,53,3,3,1,50.0
90,60,20,3,3,1,50.0
7,61,12,3,3,2,50.0
90,59,77,3,3,0,50.0
90,58,60,3,3,1,50.0
90,57,23,3,3,1,50.0
90,52,30,3,3,2,50.0
90,51,38,3,3,1,50.0
7,62,47,3,3,2,50.0
90,50,49,3,3,1,50.0
90,49,0,3,3,2,50.0
7,63,6,3,3,1,50.0
90,48,3,3,3,2,50.0
7,64,56,3,3,2,50.0
90,45,6,3,3,2,50.0
90,44,26,3,3,1,50.0
7,65,59,3,3,1,50.0
90,43,9,3,3,1,50.0
7,66,32,3,3,3,50.0
7,67,62,3,3,2,50.0
7,68,35,3,3,2,50.0
90,42,12,3,3,2,50.0
7,69,38,3,3,2,50.0
90,41,43,3,3,1,50.0
90,40,35,3,3,0,50.0
7,70,74,3,4,0,50.0
90,39,54,3,3,1,50.0
7,71,77,3,4,0,50.0
90,38,46,3,3,2,50.0
7,72,71,3,4,0,50.0
90,37,57,3,3,2,50.0
90,36,63,3,3,2,50.0
90,35,46,3,4,1,50.0
90,34,0,3,4,1,50.0
90,33,66,3,4,1,50.0
90,31,9,3,4,0,50.0
90,30,6,3,4,0,50.0
7,73,58,3,4,1,50.0
7,74,68,3,4,1,50.0
90,29,77,3,4,1,50.0
7,75,0,3,4,1,50.0
90,28,69,3,4,0,50.0
7,76,3,3,4,1,50.0
90,27,34,3,4,1,50.0
90,26,23,3,4,1,50.0
90,25,74,3,4,0,50.0
90,24,3,3,4,1,50.0
7,77,29,3,4,1,50.0
7,78,35,3,4,1,50.0
90,23,43,3,4,1,50.0
90,22,12,3,4,2,50.0
90,16,15,3,4,2,50.0
7,79,26,3,4,1,50.0
90,15,26,3,4,2,50.0
90,12,29,3,4,2,50.0
90,11,18,3,4,1,50.0
7,80,43,3,4,1,50.0
90,9,49,3,4,1,50.0
7,81,9,3,4,1,50.0
7,85,52,3,4,1,50.0
7,87,32,3,4,1,50.0
7,89,6,3,4,2,50.0
90,8,37,3,4,2,50.0
90,7,40,3,4,4,50.0
90,5,60,3,4,4,50.0
90,4,52,3,4,4,50.0
90,3,55,3,4,5,50.0
7,90,63,3,4,4,50.0
7,91,12,3,4,5,50.0
7,92,15,3,4,5,50.0
90,1,18,3,5,4,50.0
90,0,71,3,5,3,50.0
89,98,67,3,1,5,50.0
89,95,12,3,2,4,50.0
89,93,20,3,2,4,50.0
7,93,18,3,4,5,50.0
89,88,71,3,2,0,50.0
7,94,46,3,4,4,50.0
89,87,29,3,2,1,50.0
89,86,15,3,2,2,50.0
89,85,56,3,2,1,50.0
7,95,21,3,4,4,50.0
7,96,49,3,4,4,50.0
89,83,23,3,2,2,50.0
7,98,55,3,4,4,50.0
7,99,9,3,5,4,50.0
89,82,32,3,2,1,50.0
89,80,59,3,2,1,50.0
8,0,40,3,2,4,50.0
89,78,62,3,2,1,50.0
89,75,77,3,2,0,50.0
89,73,74,3,2,0,50.0
8,1,24,3,2,4,50.0
8,2,46,3,2,4,50.0
8,3,43,3,2,4,50.0
89,72,66,3,2,1,50.0
89,71,3,3,2,2,50.0
8,4,60,3,2,4,50.0
8,5,63,3,2,4,50.0
8,6,9,3,2,5,50.0
8,7,12,3,2,5,50.0
89,70,9,3,2,2,50.0
89,65,26,3,2,2,50.0
89,63,35,3,2,2,50.0
89,62,68,3,3,0,50.0
8,9,52,3,2,1,50.0
89,61,71,3,3,0,50.0
8,10,55,3,2,2,50.0
89,60,15,3,3,1,50.0
8,11,21,3,2,1,50.0
89,58,76,3,3,0,50.0
8,12,49,3,2,2,50.0
89,54,18,3,3,1,50.0
89,53,0,3,3,2,50.0
8,15,76,3,2,1,50.0
89,51,21,3,3,1,50.0
8,17,66,3,2,1,50.0
89,50,52,3,3,1,50.0
89,48,6,3,3,2,50.0
89,47,34,3,3,1,50.0
8,18,15,3,2,2,50.0
8,19,69,3,2,1,50.0
89,45,9,3,3,2,50.0
89,44,55,3,3,1,50.0
89,43,27,3,3,2,50.0
89,42,24,3,3,2,50.0
89,39,3,3,3,1,50.0
8,20,26,3,3,1,50.0
8,22,3,3,3,2,50.0
8,26,68,3,3,1,50.0
89,38,30,3,3,2,50.0
8,28,72,3,3,0,50.0
89,37,12,3,3,2,50.0
8,29,0,3,3,2,50.0
89,35,58,3,3,1,50.0
8,31,12,3,3,0,50.0
89,34,37,3,3,1,50.0
89,32,61,3,3,1,50.0
89,31,40,3,3,1,50.0
8,32,6,3,3,1,50.0
8,33,75,3,3,1,50.0
89,30,43,3,3,3,50.0
89,28,64,3,3,1,50.0
8,37,9,3,3,2,50.0
89,27,49,3,3,1,50.0
89,26,46,3,3,2,50.0
89,25,0,3,4,0,50.0
89,23,46,3,4,1,50.0
8,38,17,3,3,1,50.0
89,21,3,3,4,1,50.0
8,41,37,3,3,1,50.0
8,46,20,3,3,2,50.0
89,17,74,3,4,0,50.0
8,48,34,3,3,2,50.0
8,49,40,3,3,2,50.0
89,16,68,3,4,1,50.0
8,50,63,3,3,1,50.0
8,51,29,3,3,1,50.0
89,15,9,3,4,2,50.0
89,14,23,3,4,0,50.0
89,13,27,3,4,0,50.0
89,12,32,3,4,2,50.0
89,11,6,3,4,1,50.0
8,52,43,3,3,2,50.0
89,8,49,3,4,3,50.0
89,7,15,3,4,5,50.0
89,6,12,3,4,5,50.0
89,5,18,3,4,5,50.0
89,4,35,3,4,4,50.0
89,3,38,3,4,5,50.0
89,2,41,3,4,5,50.0
8,54,23,3,3,1,50.0
8,57,52,3,3,1,50.0
89,1,77,3,4,4,50.0
88,96,67,3,1,4,50.0
88,95,70,3,1,4,50.0
8,58,46,3,3,2,50.0
8,59,57,3,3,1,50.0
8,60,60,3,3,2,50.0
88,93,73,3,1,5,50.0
88,92,76,3,1,5,50.0
88,91,69,3,2,4,50.0
8,61,68,3,4,0,50.0
8,62,71,3,4,0,50.0
8,63,74,3,4,0,50.0
88,90,0,3,2,5,50.0
88,89,52,3,2,4,50.0
88,87,35,3,2,1,50.0
8,64,77,3,4,0,50.0
88,85,59,3,2,1,50.0
88,84,47,3,2,1,50.0
88,82,41,3,2,1,50.0
88,81,12,3,2,1,50.0
88,80,55,3,2,1,50.0
8,66,0,3,4,2,50.0
88,79,74,3,2,0,50.0
88,77,62,3,2,1,50.0
88,74,77,3,2,0,50.0
88,72,3,3,2,2,50.0
88,71,6,3,2,2,50.0
88,66,9,3,2,2,50.0
8,68,47,3,4,1,50.0
88,65,44,3,2,1,50.0
88,63,65,3,2,1,50.0
88,62,15,3,2,3,50.0
88,61,74,3,3,0,50.0
88,60,68,3,3,0,50.0
8,69,20,3,4,1,50.0
88,56,77,3,3,1,50.0
8,71,9,3,4,2,50.0
88,53,71,3,3,1,50.0
88,52,33,3,3,2,50.0
88,51,41,3,3,1,50.0
8,72,55,3,4,1,50.0
88,50,0,3,3,2,50.0
88,49,3,3,3,2,50.0
88,45,60,3,3,2,50.0
88,43,21,3,3,2,50.0
88,40,12,3,3,0,50.0
88,39,6,3,3,1,50.0
88,38,24,3,3,2,50.0
88,37,29,3,3,2,50.0
8,73,3,3,4,2,50.0
8,74,23,3,4,2,50.0
88,33,9,3,3,2,50.0
88,32,57,3,3,1,50.0
8,75,26,3,4,1,50.0
8,77,32,3,4,1,50.0
88,31,36,3,3,1,50.0
88,30,52,3,3,2,50.0
88,28,44,3,3,2,50.0
8,79,63,3,4,1,50.0
88,27,47,3,3,2,50.0
88,24,63,3,3,2,50.0
8,81,15,3,4,1,50.0
88,23,68,3,4,1,50.0
88,22,15,3,4,2,50.0
8,82,29,3,4,1,50.0
88,19,9,3,4,1,50.0
88,18,77,3,4,0,50.0
8,85,6,3,4,2,50.0
88,17,71,3,4,1,50.0
88,16,74,3,4,1,50.0
8,86,35,3,4,2,50.0
88,15,21,3,4,2,50.0
88,14,26,3,4,0,50.0
8,87,38,3,4,1,50.0
8,89,58,3,4,4,50.0
88,13,0,3,4,2,50.0
8,90,12,3,4,5,50.0
88,12,35,3,4,2,50.0
88,10,38,3,4,2,50.0
8,91,41,3,4,5,50.0
8,92,44,3,4,5,50.0
8,94,50,3,4,4,50.0
88,5,46,3,4,4,50.0
8,95,0,3,5,4,50.0
88,4,29,3,4,4,50.0
8,96,3,3,5,4,50.0
88,1,32,3,4,4,50.0
8,97,23,3,5,4,50.0
88,0,43,3,4,4,50.0
8,98,6,3,5,4,50.0
8,99,43,3,5,4,50.0
9,0,17,3,1,5,50.0
9,1,32,3,1,5,50.0
87,99,71,3,0,6,50.0
9,4,46,3,1,5,50.0
87,98,52,3,1,4,50.0
87,96,55,3,1,4,50.0
9,7,55,3,1,5,50.0
87,95,63,3,1,4,50.0
87,93,60,3,1,4,50.0
9,11,9,3,2,1,50.0
9,13,68,3,2,1,50.0
87,91,49,3,1,5,50.0
87,90,66,3,1,5,50.0
9,14,46,3,2,0,50.0
87,89,71,3,1,4,50.0
87,88,3,3,2,4,50.0
9,15,29,3,2,2,50.0
87,85,62,3,2,1,50.0
9,16,71,3,2,1,50.0
9,17,0,3,2,2,50.0
9,18,37,3,2,1,50.0
87,84,50,3,2,1,50.0
87,83,12,3,2,2,50.0
9,19,15,3,2,1,50.0
9,21,32,3,2,1,50.0
87,82,35,3,2,1,50.0
87,80,65,3,2,1,50.0
9,22,18,3,2,2,50.0
87,78,46,3,2,1,50.0
9,25,3,3,2,1,50.0
87,76,0,3,2,1,50.0
87,74,74,3,2,1,50.0
9,27,43,3,2,1,50.0
87,73,71,3,2,0,50.0
87,70,77,3,2,0,50.0
87,69,53,3,2,1,50.0
87,67,15,3,2,2,50.0
9,28,6,3,2,1,50.0
87,66,68,3,2,0,50.0
87,65,6,3,2,1,50.0
87,62,56,3,2,2,50.0
87,61,9,3,2,2,50.0
87,60,23,3,2,2,50.0
9,29,26,3,2,2,50.0
87,59,26,3,2,2,50.0
9,30,21,3,2,2,50.0
87,58,29,3,2,2,50.0
87,55,32,3,2,1,50.0
87,53,38,3,2,2,50.0
87,52,59,3,2,2,50.0
87,51,41,3,2,2,50.0
9,32,64,3,2,1,50.0
87,50,70,3,3,0,50.0
87,49,73,3,3,1,50.0
9,36,49,3,2,2,50.0
9,38,40,3,2,2,50.0
87,48,77,3,3,0,50.0
87,47,37,3,3,1,50.0
9,41,52,3,2,1,50.0
9,42,57,3,2,2,50.0
87,45,34,3,3,2,50.0
87,44,58,3,3,1,50.0
9,43,74,3,3,0,50.0
9,44,0,3,3,2,50.0
87,42,0,3,3,2,50.0
9,45,40,3,3,2,50.0
87,41,46,3,3,1,50.0
9,46,67,3,3,1,50.0
9,48,70,3,3,1,50.0
9,49,77,3,3,1,50.0
87,40,3,3,3,2,50.0
87,39,18,3,3,1,50.0
9,50,3,3,3,2,50.0
87,38,6,3,3,0,50.0
9,52,36,3,3,2,50.0
9,53,6,3,3,2,50.0
87,37,66,3,3,1,50.0
87,35,54,3,3,1,50.0
87,34,15,3,3,1,50.0
9,54,32,3,3,1,50.0
87,33,12,3,3,2,50.0
87,32,9,3,3,1,50.0
87,31,21,3,3,0,50.0
87,30,24,3,3,2,50.0
9,55,20,3,3,1,50.0
87,29,29,3,3,2,50.0
9,57,43,3,3,1,50.0
87,28,61,3,3,1,50.0
87,25,40,3,3,2,50.0
87,24,43,3,3,1,50.0
9,58,17,3,3,2,50.0
87,23,49,3,3,2,50.0
9,59,47,3,3,1,50.0
87,22,21,3,4,2,50.0
9,60,56,3,3,1,50.0
87,20,32,3,4,1,50.0
87,17,74,3,4,1,50.0
87,16,77,3,4,1,50.0
87,15,35,3,4,2,50.0
87,14,68,3,4,0,50.0
87,13,3,3,4,2,50.0
9,62,50,3,3,2,50.0
87,12,24,3,4,2,50.0
87,9,9,3,4,3,50.0
9,63,12,3,3,1,50.0
9,64,26,3,3,2,50.0
9,65,53,3,3,1,50.0
87,8,12,3,4,5,50.0
87,7,0,3,4,5,50.0
87,5,6,3,4,5,50.0
87,3,15,3,4,5,50.0
87,2,18,3,4,5,50.0
9,66,59,3,3,2,50.0
87,1,38,3,4,4,50.0
87,0,27,3,4,5,50.0
86,98,32,3,2,4,50.0
9,71,23,3,3,2,50.0
86,97,63,3,2,4,50.0
9,72,29,3,3,2,50.0
9,75,62,3,3,1,50.0
9,76,6,3,4,1,50.0
86,96,21,3,2,4,50.0
86,93,66,3,2,4,50.0
86,92,18,3,2,5,50.0
9,77,46,3,4,1,50.0
86,91,24,3,2,5,50.0
9,78,52,3,4,1,50.0
86,90,27,3,2,5,50.0
86,89,55,3,2,4,50.0
86,88,49,3,2,4,50.0
86,85,69,3,2,1,50.0
9,79,66,3,4,1,50.0
86,84,74,3,2,1,50.0
86,82,38,3,2,1,50.0
86,79,77,3,2,1,50.0
86,78,41,3,2,2,50.0
86,77,52,3,2,1,50.0
86,75,44,3,2,2,50.0
86,74,77,3,3,1,50.0
9,80,62,3,4,1,50.0
9,81,18,3,4,1,50.0
86,73,66,3,3,1,50.0
9,82,49,3,4,1,50.0
86,72,69,3,3,1,50.0
86,71,72,3,3,1,50.0
86,70,20,3,3,1,50.0
86,69,50,3,3,1,50.0
9,83,15,3,4,2,50.0
86,68,53,3,3,1,50.0
86,67,0,3,3,2,50.0
9,85,76,3,4,1,50.0
9,86,3,3,4,3,50.0
86,66,6,3,3,2,50.0
86,65,41,3,3,1,50.0
86,64,12,3,3,2,50.0
9,87,41,3,4,4,50.0
86,63,46,3,3,1,50.0
86,59,60,3,3,1,50.0
86,54,35,3,3,1,50.0
9,88,12,3,4,4,50.0
9,89,0,3,4,5,50.0
9,90,9,3,4,5,50.0
86,51,15,3,3,1,50.0
9,91,21,3,4,5,50.0
9,93,24,3,4,5,50.0
9,94,35,3,4,4,50.0
86,50,9,3,3,2,50.0
86,48,56,3,3,2,50.0
9,95,27,3,4,4,50.0
86,46,38,3,3,2,50.0
9,96,32,3,4,4,50.0
86,44,23,3,3,2,50.0
86,43,30,3,3,2,50.0
9,97,73,3,4,4,50.0
86,40,26,3,3,2,50.0
9,98,58,3,4,4,50.0
10,4,34,3,2,5,50.0
86,38,63,3,3,2,50.0
10,5,41,3,2,5,50.0
10,9,69,3,2,4,50.0
86,37,69,3,4,1,50.0
86,32,0,3,4,1,50.0
10,13,44,3,2,2,50.0
10,14,77,3,2,1,50.0
86,30,72,3,4,0,50.0
10,15,63,3,2,2,50.0
86,29,3,3,4,2,50.0
86,28,75,3,4,0,50.0
86,26,6,3,4,2,50.0
10,16,47,3,2,2,50.0
10,17,58,3,2,2,50.0
10,20,66,3,2,2,50.0
86,25,33,3,4,0,50.0
86,24,12,3,4,1,50.0
86,23,9,3,4,2,50.0
86,22,24,3,4,2,50.0
86,20,36,3,4,1,50.0
86,19,18,3,4,1,50.0
86,17,15,3,4,2,50.0
86,16,21,3,4,2,50.0
86,14,27,3,4,1,50.0
86,13,30,3,4,2,50.0
86,12,39,3,4,2,50.0
10,21,72,3,2,2,50.0
86,11,51,3,4,1,50.0
86,10,42,3,4,3,50.0
86,9,55,3,4,4,50.0
10,22,27,3,3,2,50.0
10,24,0,3,3,1,50.0
86,8,46,3,4,5,50.0
10,27,69,3,3,0,50.0
10,28,3,3,3,1,50.0
86,7,58,3,4,5,50.0
86,5,61,3,4,5,50.0
86,4,64,3,4,5,50.0
10,29,9,3,3,2,50.0
10,31,66,3,3,0,50.0
10,32,12,3,3,1,50.0
86,3,0,3,5,5,50.0
10,33,72,3,3,1,50.0
86,2,23,3,5,4,50.0
85,99,65,3,1,4,50.0
10,34,18,3,3,1,50.0
85,98,0,3,2,4,50.0
85,97,76,3,2,4,50.0
85,96,15,3,2,4,50.0
10,35,61,3,3,1,50.0
85,95,43,3,2,4,50.0
85,94,9,3,2,4,50.0
85,92,60,3,2,4,50.0
85,91,3,3,2,5,50.0
85,90,21,3,2,5,50.0
85,88,18,3,2,4,50.0
85,87,46,3,2,4,50.0
85,86,12,3,2,5,50.0
10,36,77,3,3,0,50.0
85,84,53,3,2,1,50.0
85,83,49,3,2,2,50.0
10,38,21,3,3,2,50.0
85,81,63,3,2,1,50.0
85,80,68,3,2,1,50.0
10,39,30,3,3,1,50.0
85,79,71,3,2,1,50.0
85,77,56,3,2,1,50.0
85,76,12,3,3,1,50.0
85,75,18,3,3,1,50.0
10,41,49,3,3,1,50.0
85,74,26,3,3,2,50.0
10,42,33,3,3,2,50.0
10,43,36,3,3,2,50.0
10,44,6,3,3,2,50.0
85,73,69,3,3,1,50.0
85,72,72,3,3,1,50.0
85,71,75,3,3,1,50.0
85,70,23,3,3,1,50.0
10,47,52,3,3,1,50.0
10,48,45,3,3,2,50.0
85,68,50,3,3,1,50.0
10,49,56,3,3,2,50.0
10,50,15,3,3,2,50.0
85,62,66,3,3,1,50.0
10,52,39,3,3,2,50.0
85,61,3,3,3,2,50.0
85,59,63,3,3,1,50.0
85,57,55,3,3,1,50.0
85,56,6,3,3,2,50.0
10,53,24,3,3,2,50.0
85,55,29,3,3,1,50.0
10,54,38,3,4,1,50.0
10,55,35,3,4,1,50.0
85,53,9,3,3,2,50.0
10,57,58,3,4,1,50.0
10,59,50,3,4,1,50.0
85,52,46,3,3,2,50.0
85,51,32,3,3,1,50.0
85,50,35,3,3,2,50.0
85,48,0,3,3,1,50.0
85,44,15,3,3,2,50.0
85,43,39,3,3,2,50.0
85,42,43,3,3,2,50.0
85,41,58,3,3,2,50.0
85,40,68,3,4,0,50.0
85,39,71,3,4,0,50.0
85,38,77,3,4,0,50.0
85,37,74,3,4,1,50.0
85,36,0,3,4,2,50.0
10,62,69,3,4,1,50.0
85,34,29,3,4,1,50.0
10,63,3,3,4,1,50.0
85,32,3,3,4,1,50.0
85,30,6,3,4,2,50.0
10,64,72,3,4,1,50.0
85,29,18,3,4,2,50.0
10,65,75,3,4,0,50.0
85,28,9,3,4,1,50.0
85,26,12,3,4,2,50.0
85,25,15,3,4,1,50.0
85,23,21,3,4,2,50.0
10,66,53,3,4,2,50.0
85,19,24,3,4,2,50.0
85,18,40,3,4,1,50.0
85,17,32,3,4,2,50.0
85,16,35,3,4,2,50.0
10,67,18,3,4,2,50.0
10,69,0,3,4,2,50.0
10,70,66,3,4,1,50.0
85,15,43,3,4,2,50.0
10,71,12,3,4,2,50.0
10,74,29,3,4,2,50.0
10,75,32,3,4,1,50.0
10,76,6,3,4,2,50.0
10,79,9,3,4,2,50.0
85,14,46,3,4,2,50.0
85,13,49,3,4,2,50.0
10,83,26,3,4,2,50.0
85,11,54,3,4,1,50.0
10,84,15,3,4,2,50.0
85,10,61,3,4,4,50.0
85,9,57,3,4,5,50.0
85,7,64,3,4,5,50.0
10,86,41,3,4,5,50.0
85,6,0,3,5,5,50.0
10,87,21,3,4,5,50.0
85,5,3,3,5,5,50.0
85,4,32,3,5,4,50.0
85,3,6,3,5,5,50.0
10,88,44,3,4,5,50.0
85,1,35,3,5,4,50.0
85,0,9,3,5,5,50.0
84,99,77,3,1,5,50.0
84,98,3,3,2,4,50.0
84,97,0,3,2,5,50.0
10,89,47,3,4,5,50.0
84,96,24,3,2,4,50.0
84,95,30,3,2,4,50.0
10,90,3,3,5,5,50.0
84,94,38,3,2,4,50.0
84,93,12,3,2,4,50.0
84,92,6,3,2,5,50.0
84,91,9,3,2,5,50.0
10,95,33,3,5,4,50.0
84,90,33,3,2,5,50.0
84,89,61,3,2,4,50.0
84,88,52,3,2,4,50.0
10,96,0,3,5,4,50.0
84,83,18,3,2,2,50.0
10,97,6,3,5,5,50.0
84,82,55,3,2,1,50.0
10,99,46,3,5,4,50.0
84,81,21,3,2,1,50.0
11,0,30,3,1,5,50.0
84,79,74,3,2,1,50.0
84,78,65,3,2,1,50.0
11,1,72,3,1,4,50.0
84,77,49,3,2,1,50.0
11,3,27,3,1,5,50.0
84,76,68,3,2,1,50.0
84,74,71,3,2,2,50.0
11,4,57,3,1,5,50.0
84,73,77,3,2,1,50.0
11,6,60,3,1,5,50.0
84,72,41,3,2,2,50.0
84,71,27,3,2,2,50.0
11,7,69,3,1,5,50.0
84,70,44,3,2,2,50.0
11,8,75,3,1,5,50.0
84,69,77,3,3,0,50.0
11,9,38,3,2,4,50.0
84,68,74,3,3,0,50.0
84,67,3,3,3,2,50.0
84,66,71,3,3,0,50.0
84,65,68,3,3,0,50.0
11,12,42,3,2,2,50.0
84,64,0,3,3,2,50.0
11,13,6,3,2,2,50.0
84,63,40,3,3,1,50.0
84,62,53,3,3,2,50.0
11,14,3,3,2,1,50.0
11,15,32,3,2,2,50.0
84,61,15,3,3,2,50.0
84,60,63,3,3,1,50.0
84,58,20,3,3,2,50.0
11,16,0,3,2,2,50.0
11,17,77,3,2,1,50.0
11,18,68,3,2,0,50.0
84,57,6,3,3,2,50.0
11,19,12,3,2,1,50.0
84,56,12,3,3,2,50.0
11,20,45,3,2,1,50.0
84,55,43,3,3,1,50.0
84,54,46,3,3,1,50.0
11,21,35,3,2,1,50.0
11,22,49,3,2,2,50.0
84,53,27,3,3,2,50.0
84,52,49,3,3,2,50.0
84,51,9,3,3,2,50.0
84,50,23,3,3,2,50.0
84,49,34,3,3,2,50.0
84,48,30,3,3,3,50.0
84,47,58,3,3,1,50.0
11,23,71,3,2,1,50.0
11,24,15,3,2,1,50.0
11,25,9,3,2,1,50.0
11,26,74,3,2,1,50.0
84,46,37,3,3,3,50.0
84,44,74,3,4,0,50.0
11,27,57,3,2,1,50.0
84,43,77,3,4,0,50.0
84,42,68,3,4,1,50.0
84,41,71,3,4,0,50.0
11,29,52,3,2,2,50.0
11,30,18,3,2,2,50.0
84,40,0,3,4,2,50.0
84,39,3,3,4,2,50.0
11,31,21,3,2,1,50.0
11,32,24,3,2,2,50.0
84,38,20,3,4,1,50.0
84,37,6,3,4,2,50.0
84,36,9,3,4,2,50.0
11,33,60,3,2,2,50.0
84,35,64,3,4,1,50.0
84,33,30,3,4,2,50.0
11,34,63,3,2,1,50.0
84,30,12,3,4,2,50.0
84,28,15,3,4,1,50.0
11,35,27,3,2,2,50.0
84,27,23,3,4,2,50.0
11,36,71,3,3,0,50.0
84,25,26,3,4,1,50.0
84,24,33,3,4,1,50.0
84,23,36,3,4,2,50.0
84,21,39,3,4,1,50.0
84,19,42,3,4,2,50.0
11,37,77,3,3,1,50.0
11,38,68,3,3,1,50.0
11,39,74,3,3,0,50.0
84,16,50,3,4,2,50.0
84,15,53,3,4,2,50.0
11,40,6,3,3,2,50.0
84,14,56,3,4,2,50.0
84,12,45,3,4,2,50.0
11,41,55,3,3,1,50.0
11,42,36,3,3,2,50.0
84,10,59,3,4,5,50.0
84,8,9,3,5,5,50.0
84,7,3,3,5,5,50.0
84,6,6,3,5,5,50.0
84,5,0,3,5,5,50.0
84,4,12,3,5,5,50.0
11,43,33,3,3,2,50.0
11,44,3,3,3,2,50.0
11,45,63,3,3,2,50.0
11,46,17,3,3,2,50.0
84,2,15,3,5,5,50.0
11,47,0,3,3,2,50.0
84,1,41,3,5,4,50.0
84,0,20,3,5,5,50.0
83,98,35,3,2,4,50.0
11,48,9,3,3,2,50.0
83,97,29,3,2,5,50.0
83,96,46,3,2,4,50.0
83,95,54,3,2,4,50.0
11,49,43,3,3,2,50.0
83,94,57,3,2,4,50.0
83,93,38,3,2,5,50.0
83,92,32,3,2,5,50.0
83,90,41,3,2,5,50.0
11,50,12,3,3,2,50.0
83,89,64,3,2,4,50.0
83,88,60,3,2,4,50.0
11,51,46,3,3,1,50.0
83,87,71,3,2,4,50.0
11,53,20,3,3,2,50.0
83,85,67,3,2,5,50.0
11,54,23,3,3,2,50.0
83,84,74,3,2,5,50.0
83,80,77,3,2,1,50.0
11,55,39,3,3,1,50.0
83,79,0,3,3,2,50.0
11,56,26,3,3,2,50.0
83,75,29,3,3,1,50.0
83,73,72,3,3,1,50.0
11,57,29,3,3,2,50.0
83,71,67,3,3,1,50.0
83,70,75,3,3,1,50.0
83,69,3,3,3,2,50.0
83,67,21,3,3,2,50.0
83,64,6,3,3,2,50.0
83,63,49,3,3,1,50.0
83,60,9,3,3,2,50.0
83,59,12,3,3,2,50.0
11,58,49,3,3,2,50.0
83,58,24,3,3,2,50.0
83,57,61,3,3,1,50.0
11,59,52,3,3,2,50.0
83,55,46,3,3,1,50.0
83,54,41,3,3,1,50.0
11,60,58,3,3,3,50.0
11,61,77,3,4,0,50.0
11,63,68,3,4,0,50.0
83,53,15,3,3,2,50.0
11,65,71,3,4,0,50.0
83,52,52,3,3,2,50.0
11,66,74,3,4,0,50.0
83,51,18,3,3,1,50.0
11,68,56,3,4,1,50.0
83,50,38,3,3,2,50.0
83,49,64,3,3,2,50.0
11,69,6,3,4,2,50.0
83,47,32,3,3,2,50.0
83,46,35,3,3,2,50.0
83,45,55,3,3,3,50.0
11,70,0,3,4,2,50.0
83,43,58,3,3,3,50.0
11,71,15,3,4,2,50.0
11,72,9,3,4,2,50.0
83,40,71,3,4,0,50.0
83,39,0,3,4,1,50.0
11,73,12,3,4,2,50.0
83,38,74,3,4,1,50.0
11,74,32,3,4,2,50.0
83,37,3,3,4,2,50.0
83,35,67,3,4,1,50.0
83,31,77,3,4,0,50.0
83,30,9,3,4,2,50.0
11,76,3,3,4,2,50.0
83,29,32,3,4,2,50.0
11,77,59,3,4,1,50.0
83,27,6,3,4,2,50.0
11,78,18,3,4,2,50.0
83,25,12,3,4,1,50.0
83,24,18,3,4,1,50.0
11,79,21,3,4,2,50.0
83,22,35,3,4,2,50.0
83,21,15,3,4,2,50.0
11,80,52,3,4,1,50.0
11,81,29,3,4,1,50.0
11,83,24,3,4,4,50.0
83,19,21,3,4,1,50.0
11,84,35,3,4,5,50.0
83,18,46,3,4,1,50.0
11,85,38,3,4,5,50.0
83,16,38,3,4,2,50.0
11,86,44,3,4,5,50.0
83,14,27,3,4,2,50.0
83,13,41,3,4,2,50.0
83,9,49,3,4,5,50.0
83,8,52,3,4,5,50.0
11,87,49,3,4,4,50.0
83,7,61,3,4,5,50.0
83,6,55,3,4,5,50.0
11,88,63,3,4,4,50.0
11,89,41,3,4,5,50.0
11,91,0,3,5,5,50.0
11,93,3,3,5,5,50.0
11,94,53,3,5,4,50.0
83,5,58,3,4,5,50.0
11,95,36,3,5,4,50.0
83,3,64,3,4,5,50.0
11,96,58,3,5,4,50.0
11,97,9,3,5,5,50.0
11,98,43,3,5,4,50.0
11,99,49,3,5,4,50.0
12,0,57,3,2,5,50.0
83,2,3,3,5,5,50.0
12,2,68,3,2,5,50.0
83,1,0,3,5,5,50.0
12,3,60,3,2,5,50.0
82,99,58,3,1,4,50.0
12,4,71,3,2,5,50.0
82,98,61,3,1,4,50.0
12,5,74,3,2,5,50.0
12,6,77,3,2,5,50.0
12,8,15,3,3,5,50.0
82,97,18,3,1,5,50.0
12,11,6,3,3,5,50.0
82,96,52,3,1,4,50.0
82,95,66,3,1,4,50.0
82,94,74,3,1,4,50.0
82,93,69,3,1,5,50.0
82,92,77,3,1,6,50.0
82,91,6,3,2,5,50.0
82,90,15,3,2,5,50.0
82,89,3,3,2,5,50.0
82,88,55,3,2,4,50.0
12,13,9,3,3,2,50.0
12,14,12,3,3,1,50.0
12,15,38,3,3,2,50.0
82,86,9,3,2,5,50.0
82,85,12,3,2,5,50.0
12,16,18,3,3,2,50.0
12,17,3,3,3,2,50.0
82,84,23,3,2,5,50.0
82,83,18,3,2,5,50.0
12,18,57,3,3,1,50.0
82,81,32,3,2,1,50.0
82,79,26,3,2,2,50.0
12,19,29,3,3,1,50.0
82,77,65,3,2,1,50.0
82,74,35,3,2,2,50.0
82,73,29,3,2,2,50.0
12,20,41,3,3,1,50.0
12,22,32,3,3,2,50.0
82,72,75,3,2,1,50.0
12,23,74,3,3,1,50.0
82,71,0,3,2,2,50.0
82,69,41,3,2,2,50.0
82,67,44,3,2,2,50.0
82,66,68,3,2,2,50.0
12,24,21,3,3,1,50.0
82,64,71,3,2,0,50.0
82,63,52,3,2,1,50.0
82,62,59,3,2,2,50.0
82,61,38,3,2,2,50.0
12,25,77,3,3,0,50.0
12,26,71,3,3,1,50.0
82,58,62,3,2,2,50.0
82,57,47,3,2,2,50.0
12,27,0,3,3,2,50.0
82,55,68,3,3,1,50.0
82,54,71,3,3,1,50.0
12,31,24,3,3,1,50.0
12,32,67,3,3,1,50.0
82,53,74,3,3,1,50.0
82,52,77,3,3,1,50.0
82,51,49,3,3,1,50.0
82,49,9,3,3,2,50.0
12,33,44,3,3,2,50.0
82,48,0,3,3,2,50.0
12,34,47,3,3,1,50.0
82,47,3,3,3,2,50.0
82,43,42,3,3,2,50.0
12,35,35,3,3,2,50.0
82,42,46,3,3,2,50.0
82,39,6,3,3,2,50.0
82,38,17,3,3,2,50.0
82,36,12,3,3,2,50.0
82,35,20,3,3,2,50.0
82,34,32,3,3,1,50.0
82,33,52,3,3,2,50.0
82,32,27,3,3,2,50.0
82,31,57,3,3,1,50.0
82,30,60,3,3,2,50.0
82,29,35,3,3,2,50.0
82,28,23,3,3,1,50.0
82,27,38,3,3,2,50.0
82,26,63,3,3,3,50.0
82,25,0,3,4,1,50.0
12,36,52,3,3,2,50.0
82,24,24,3,4,1,50.0
12,38,60,3,3,2,50.0
82,21,77,3,4,1,50.0
82,20,48,3,4,1,50.0
82,19,72,3,4,1,50.0
12,39,63,3,3,2,50.0
12,42,77,3,4,0,50.0
82,18,3,3,4,2,50.0
82,17,6,3,4,2,50.0
12,43,68,3,4,1,50.0
12,44,9,3,4,2,50.0
82,16,12,3,4,2,50.0
82,15,56,3,4,2,50.0
82,14,9,3,4,1,50.0
82,12,15,3,4,4,50.0
82,11,18,3,4,5,50.0
82,10,21,3,4,5,50.0
82,9,27,3,4,5,50.0
12,45,71,3,4,2,50.0
12,49,37,3,4,2,50.0
12,50,74,3,4,0,50.0
82,7,30,3,4,5,50.0
82,6,33,3,4,5,50.0
82,5,36,3,4,5,50.0
82,4,39,3,4,5,50.0
82,1,42,3,4,5,50.0
12,51,52,3,4,1,50.0
12,52,55,3,4,2,50.0
12,53,12,3,4,2,50.0
12,54,0,3,4,2,50.0
82,0,45,3,4,5,50.0
81,99,66,3,1,5,50.0
81,98,77,3,1,4,50.0
81,97,69,3,1,5,50.0
12,58,32,3,4,2,50.0
81,96,72,3,1,4,50.0
81,95,46,3,2,4,50.0
81,94,60,3,2,4,50.0
12,63,58,3,4,1,50.0
12,64,3,3,4,2,50.0
12,67,24,3,4,2,50.0
12,69,18,3,4,2,50.0
81,92,0,3,2,5,50.0
81,91,15,3,2,5,50.0
12,70,6,3,4,2,50.0
12,72,21,3,4,2,50.0
81,90,6,3,2,5,50.0
12,73,40,3,4,2,50.0
81,89,9,3,2,5,50.0
81,87,52,3,2,4,50.0
81,86,3,3,2,5,50.0
12,74,49,3,4,2,50.0
81,85,18,3,2,5,50.0
12,76,27,3,4,2,50.0
12,78,44,3,4,2,50.0
12,79,61,3,4,2,50.0
81,84,26,3,2,5,50.0
81,83,12,3,2,5,50.0
12,80,64,3,4,2,50.0
81,82,63,3,2,4,50.0
12,81,21,3,5,2,50.0
81,80,71,3,2,1,50.0
81,79,29,3,2,2,50.0
12,82,51,3,5,4,50.0
81,78,55,3,2,1,50.0
12,85,15,3,5,5,50.0
81,77,68,3,2,1,50.0
81,76,74,3,2,1,50.0
81,75,49,3,2,1,50.0
81,74,38,3,2,2,50.0
81,72,32,3,2,2,50.0
81,71,35,3,2,2,50.0
12,87,55,3,5,4,50.0
12,88,6,3,5,4,50.0
81,70,41,3,2,2,50.0
81,68,77,3,2,1,50.0
81,67,74,3,3,0,50.0
12,89,12,3,5,5,50.0
12,90,24,3,5,5,50.0
12,91,18,3,5,5,50.0
81,66,77,3,3,0,50.0
81,65,47,3,3,1,50.0
12,92,3,3,5,5,50.0
81,64,68,3,3,1,50.0
81,63,55,3,3,1,50.0
81,62,62,3,3,2,50.0
81,61,71,3,3,1,50.0
12,93,0,3,5,5,50.0
81,60,0,3,3,2,50.0
81,59,3,3,3,2,50.0
81,58,35,3,3,2,50.0
81,57,65,3,3,1,50.0
81,56,15,3,3,2,50.0
81,55,6,3,3,2,50.0
81,54,9,3,3,2,50.0
12,94,63,3,5,4,50.0
81,53,30,3,3,2,50.0
81,51,12,3,3,2,50.0
81,50,18,3,3,2,50.0
81,49,50,3,3,2,50.0
12,97,32,3,5,5,50.0
12,98,46,3,5,4,50.0
13,0,12,3,2,5,50.0
13,1,15,3,2,5,50.0
81,48,41,3,3,2,50.0
81,47,21,3,3,2,50.0
81,46,58,3,3,2,50.0
81,45,24,3,3,3,50.0
81,43,27,3,3,3,50.0
81,42,38,3,3,3,50.0
81,41,44,3,3,2,50.0
13,5,21,3,2,5,50.0
13,7,18,3,2,5,50.0
13,8,26,3,2,5,50.0
81,40,74,3,4,0,50.0
81,39,66,3,4,1,50.0
81,38,71,3,4,1,50.0
81,36,77,3,4,1,50.0
13,9,33,3,2,5,50.0
81,35,0,3,4,2,50.0
13,10,36,3,2,5,50.0
13,11,68,3,2,5,50.0
13,12,58,3,2,5,50.0
81,34,40,3,4,1,50.0
13,15,71,3,2,2,50.0
13,16,53,3,2,2,50.0
81,33,3,3,4,2,50.0
13,19,75,3,2,1,50.0
81,32,6,3,4,2,50.0
13,20,51,3,3,1,50.0
13,22,38,3,3,2,50.0
81,31,9,3,4,1,50.0
81,30,15,3,4,2,50.0
81,29,46,3,4,2,50.0
81,28,18,3,4,1,50.0
81,27,12,3,4,2,50.0
13,23,77,3,3,1,50.0
13,24,27,3,3,1,50.0
81,25,21,3,4,1,50.0
13,25,6,3,3,1,50.0
13,26,0,3,3,2,50.0
13,27,3,3,3,2,50.0
81,22,43,3,4,2,50.0
81,21,24,3,4,2,50.0
81,20,54,3,4,1,50.0
13,28,30,3,3,1,50.0
13,29,55,3,3,2,50.0
81,19,27,3,4,2,50.0
13,31,74,3,3,0,50.0
13,32,70,3,3,1,50.0
81,18,30,3,4,2,50.0
13,33,18,3,3,2,50.0
13,34,60,3,3,1,50.0
81,17,35,3,4,2,50.0
13,35,9,3,3,2,50.0
81,16,57,3,4,2,50.0
81,15,49,3,4,2,50.0
13,36,21,3,3,2,50.0
13,37,15,3,3,2,50.0
13,39,12,3,3,2,50.0
13,40,63,3,3,2,50.0
13,42,67,3,3,2,50.0
81,14,60,3,4,2,50.0
81,13,63,3,4,4,50.0
81,12,9,3,5,5,50.0
81,10,12,3,5,5,50.0
13,43,45,3,3,2,50.0
81,9,0,3,5,5,50.0
13,44,33,3,3,2,50.0
13,45,41,3,3,3,50.0
13,46,48,3,3,2,50.0
13,47,24,3,3,2,50.0
81,8,18,3,5,5,50.0
81,7,6,3,5,5,50.0
81,6,3,3,5,5,50.0
81,5,15,3,5,5,50.0
81,4,21,3,5,5,50.0
13,49,70,3,4,1,50.0
13,50,77,3,4,0,50.0
13,51,67,3,4,1,50.0
13,54,74,3,4,1,50.0
81,1,24,3,5,5,50.0
81,0,33,3,5,5,50.0
13,55,0,3,4,2,50.0
80,99,74,3,1,5,50.0
13,56,3,3,4,2,50.0
13,57,9,3,4,2,50.0
80,98,0,3,2,5,50.0
80,96,35,3,2,4,50.0
80,95,57,3,2,4,50.0
80,94,67,3,2,4,50.0
13,58,38,3,4,2,50.0
13,61,18,3,4,2,50.0
13,62,6,3,4,3,50.0
80,93,6,3,2,5,50.0
80,91,27,3,2,5,50.0
13,64,15,3,4,2,50.0
13,65,50,3,4,1,50.0
80,88,3,3,2,5,50.0
13,66,56,3,4,2,50.0
80,87,60,3,2,4,50.0
80,86,15,3,2,5,50.0
13,67,32,3,4,2,50.0
80,85,21,3,2,5,50.0
13,68,59,3,4,1,50.0
80,83,9,3,2,5,50.0
13,69,12,3,4,2,50.0
80,82,12,3,2,5,50.0
80,81,30,3,2,5,50.0
80,79,18,3,2,2,50.0
80,78,70,3,2,1,50.0
80,77,73,3,2,1,50.0
13,72,24,3,4,2,50.0
80,76,77,3,2,1,50.0
80,75,52,3,2,1,50.0
80,74,24,3,2,3,50.0
80,73,43,3,2,2,50.0
80,72,38,3,2,2,50.0
80,71,46,3,2,2,50.0
13,75,21,3,4,2,50.0
80,70,49,3,2,3,50.0
80,69,74,3,3,1,50.0
80,68,62,3,3,1,50.0
80,65,56,3,3,1,50.0
80,64,77,3,3,1,50.0
13,76,35,3,4,2,50.0
80,63,68,3,3,1,50.0
13,79,41,3,4,2,50.0
13,81,27,3,4,5,50.0
80,61,26,3,3,2,50.0
80,60,71,3,3,0,50.0
13,86,47,3,4,5,50.0
80,59,0,3,3,2,50.0
80,58,41,3,3,2,50.0
80,57,3,3,3,2,50.0
80,56,18,3,3,2,50.0
80,54,6,3,3,2,50.0
80,53,33,3,3,2,50.0
13,87,44,3,4,5,50.0
80,52,65,3,3,2,50.0
80,51,15,3,3,2,50.0
80,50,44,3,3,2,50.0
13,89,53,3,4,5,50.0
13,90,30,3,5,5,50.0
80,49,47,3,3,2,50.0
80,48,12,3,3,2,50.0
80,46,51,3,3,2,50.0
13,92,9,3,5,5,50.0
80,45,9,3,3,3,50.0
80,44,29,3,3,2,50.0
13,93,12,3,5,5,50.0
80,43,21,3,3,3,50.0
80,41,36,3,3,2,50.0
80,40,59,3,3,2,50.0
80,39,69,3,4,1,50.0
13,94,0,3,5,5,50.0
13,95,73,3,5,4,50.0
80,36,72,3,4,1,50.0
13,96,61,3,5,4,50.0
80,35,75,3,4,1,50.0
80,34,50,3,4,1,50.0
80,33,0,3,4,2,50.0
13,97,3,3,5,5,50.0
13,98,64,3,5,4,50.0
80,31,3,3,4,1,50.0
80,30,32,3,4,2,50.0
13,99,55,3,5,4,50.0
14,0,6,3,1,5,50.0
80,29,38,3,4,2,50.0
80,28,26,3,4,1,50.0
80,26,15,3,4,2,50.0
80,25,18,3,4,1,50.0
14,1,18,3,1,5,50.0
14,2,21,3,1,5,50.0
80,23,6,3,4,2,50.0
14,3,24,3,1,5,50.0
80,22,53,3,4,2,50.0
80,21,9,3,4,2,50.0
80,20,12,3,4,2,50.0
14,4,15,3,1,5,50.0
80,19,21,3,4,2,50.0
14,5,30,3,1,5,50.0
80,18,35,3,4,2,50.0
80,17,29,3,4,2,50.0
80,16,41,3,4,2,50.0
14,6,68,3,1,5,50.0
14,7,71,3,1,6,50.0
80,14,63,3,4,2,50.0
80,13,44,3,4,5,50.0
80,12,66,3,4,5,50.0
80,11,47,3,4,6,50.0
80,8,56,3,4,5,50.0
14,8,30,3,2,5,50.0
14,9,3,3,2,5,50.0
80,7,59,3,4,6,50.0
80,6,15,3,5,5,50.0
80,5,9,3,5,5,50.0
80,4,0,3,5,5,50.0
80,3,12,3,5,5,50.0
80,1,3,3,5,5,50.0
14,10,9,3,2,5,50.0
79,99,3,3,2,5,50.0
79,98,6,3,2,5,50.0
79,96,64,3,2,4,50.0
79,95,76,3,2,4,50.0
79,94,12,3,2,5,50.0
79,93,15,3,2,5,50.0
79,92,38,3,2,5,50.0
79,91,32,3,2,5,50.0
79,89,35,3,2,5,50.0
79,88,49,3,2,5,50.0
14,11,12,3,2,5,50.0
14,16,24,3,2,2,50.0
79,87,55,3,2,5,50.0
79,86,58,3,2,5,50.0
14,17,18,3,2,2,50.0
14,19,0,3,2,2,50.0
79,84,67,3,2,5,50.0
79,83,70,3,2,5,50.0
79,82,73,3,2,5,50.0
79,81,36,3,3,5,50.0
14,20,75,3,2,1,50.0
79,80,6,3,3,5,50.0
79,78,58,3,3,1,50.0
79,76,71,3,3,1,50.0
79,75,55,3,3,1,50.0
79,73,15,3,3,2,50.0
79,72,0,3,3,2,50.0
79,71,18,3,3,2,50.0
79,69,77,3,3,1,50.0
79,68,65,3,3,1,50.0
14,21,6,3,2,2,50.0
14,22,66,3,2,2,50.0
14,23,15,3,2,2,50.0
14,24,36,3,2,1,50.0
79,65,62,3,3,1,50.0
79,64,68,3,3,2,50.0
14,25,69,3,2,1,50.0
79,63,74,3,3,1,50.0
79,62,3,3,3,3,50.0
14,26,21,3,2,2,50.0
79,60,12,3,3,2,50.0
79,59,9,3,3,2,50.0
79,58,52,3,3,2,50.0
14,27,33,3,2,2,50.0
14,28,72,3,2,1,50.0
79,57,21,3,3,2,50.0
14,31,43,3,2,1,50.0
14,32,39,3,2,2,50.0
79,55,24,3,3,2,50.0
79,54,27,3,3,2,50.0
79,53,41,3,3,2,50.0
14,34,52,3,2,2,50.0
14,35,70,3,3,1,50.0
14,36,3,3,3,2,50.0
79,52,30,3,3,3,50.0
14,37,0,3,3,2,50.0
79,51,33,3,3,2,50.0
79,50,47,3,3,2,50.0
14,38,77,3,3,1,50.0
79,49,44,3,3,3,50.0
79,48,73,3,4,1,50.0
79,47,66,3,4,1,50.0
79,46,70,3,4,1,50.0
79,45,76,3,4,2,50.0
79,42,49,3,4,2,50.0
14,39,73,3,3,1,50.0
79,41,61,3,4,1,50.0
14,41,64,3,3,1,50.0
79,39,0,3,4,2,50.0
79,38,27,3,4,2,50.0
79,37,18,3,4,2,50.0
14,43,48,3,3,2,50.0
79,36,6,3,4,2,50.0
14,44,12,3,3,2,50.0
79,35,3,3,4,2,50.0
79,34,9,3,4,2,50.0
79,32,12,3,4,2,50.0
14,45,67,3,3,2,50.0
79,31,15,3,4,1,50.0
79,30,21,3,4,3,50.0
79,29,58,3,4,2,50.0
14,46,54,3,3,2,50.0
79,28,54,3,4,1,50.0
79,27,30,3,4,2,50.0
14,47,6,3,3,2,50.0
14,48,9,3,3,3,50.0
79,26,24,3,4,2,50.0
79,22,33,3,4,3,50.0
79,21,36,3,4,2,50.0
79,12,39,3,4,5,50.0
79,11,46,3,4,5,50.0
79,10,42,3,4,5,50.0
79,9,6,3,5,5,50.0
14,50,26,3,3,2,50.0
14,51,18,3,3,2,50.0
14,52,15,3,3,3,50.0
79,8,33,3,5,5,50.0
79,7,21,3,5,5,50.0
79,6,18,3,5,5,50.0
79,2,9,3,5,5,50.0
79,1,27,3,5,5,50.0
14,53,44,3,3,2,50.0
79,0,0,3,5,5,50.0
14,54,30,3,3,2,50.0
14,55,21,3,3,2,50.0
78,99,74,3,1,6,50.0
78,98,77,3,1,5,50.0
14,56,33,3,3,2,50.0
78,97,12,3,2,5,50.0
14,57,36,3,3,2,50.0
78,93,9,3,2,5,50.0
14,59,39,3,3,2,50.0
14,60,51,3,3,2,50.0
78,92,21,3,2,5,50.0
14,61,57,3,3,2,50.0
78,91,35,3,2,5,50.0
78,90,38,3,2,5,50.0
78,89,6,3,2,5,50.0
78,88,0,3,2,5,50.0
78,87,63,3,2,4,50.0
14,63,61,3,3,1,50.0
78,86,26,3,2,5,50.0
14,64,59,3,4,2,50.0
78,81,47,3,2,5,50.0
78,79,3,3,2,5,50.0
78,77,76,3,2,1,50.0
78,76,15,3,2,2,50.0
14,65,65,3,4,1,50.0
78,74,52,3,2,2,50.0
78,73,32,3,2,2,50.0
78,72,55,3,2,2,50.0
14,66,3,3,4,2,50.0
78,71,58,3,2,2,50.0
78,69,29,3,2,2,50.0
78,68,68,3,2,1,50.0
78,67,71,3,2,2,50.0
14,67,77,3,4,1,50.0
78,66,71,3,3,2,50.0
78,65,68,3,3,1,50.0
14,68,71,3,4,1,50.0
14,69,15,3,4,2,50.0
78,64,62,3,3,2,50.0
78,63,77,3,3,1,50.0
78,62,74,3,3,1,50.0
78,61,32,3,3,2,50.0
78,60,3,3,3,2,50.0
78,59,6,3,3,2,50.0
78,58,55,3,3,2,50.0
14,70,18,3,4,2,50.0
14,71,30,3,4,2,50.0
78,57,0,3,3,2,50.0
78,56,21,3,3,2,50.0
78,55,9,3,3,2,50.0
14,72,6,3,4,2,50.0
78,54,12,3,3,2,50.0
14,74,55,3,4,2,50.0
14,75,68,3,4,1,50.0
14,76,0,3,4,2,50.0
78,53,47,3,3,2,50.0
78,52,18,3,3,3,50.0
14,77,9,3,4,2,50.0
14,78,24,3,4,3,50.0
78,51,27,3,3,2,50.0
14,79,12,3,4,5,50.0
78,50,41,3,3,2,50.0
78,49,59,3,3,2,50.0
14,80,21,3,4,5,50.0
78,48,65,3,3,2,50.0
14,81,39,3,4,5,50.0
78,47,15,3,3,2,50.0
78,46,44,3,3,3,50.0
14,82,27,3,4,5,50.0
14,83,33,3,4,5,50.0
14,84,44,3,4,5,50.0
14,85,47,3,4,5,50.0
14,86,36,3,4,5,50.0
14,87,50,3,4,5,50.0
78,45,35,3,3,3,50.0
78,44,38,3,3,2,50.0
78,43,50,3,3,3,50.0
78,42,71,3,4,1,50.0
78,41,68,3,4,0,50.0
78,40,77,3,4,0,50.0
78,39,9,3,4,2,50.0
78,38,33,3,4,2,50.0
78,37,21,3,4,2,50.0
78,36,18,3,4,2,50.0
14,88,62,3,4,5,50.0
78,35,6,3,4,2,50.0
14,90,74,3,4,5,50.0
78,34,74,3,4,1,50.0
14,91,38,3,5,5,50.0
78,32,0,3,4,2,50.0
78,31,12,3,4,1,50.0
14,92,12,3,5,5,50.0
78,30,3,3,4,2,50.0
78,29,49,3,4,2,50.0
14,93,21,3,5,5,50.0
14,95,0,3,5,5,50.0
78,28,57,3,4,1,50.0
78,27,15,3,4,2,50.0
78,26,27,3,4,2,50.0
14,96,3,3,5,5,50.0
78,25,30,3,4,1,50.0
78,24,39,3,4,1,50.0
78,23,24,3,4,2,50.0
14,97,15,3,5,5,50.0
78,22,60,3,4,2,50.0
14,98,9,3,5,5,50.0
78,21,42,3,4,2,50.0
78,20,36,3,4,2,50.0
15,0,66,3,2,5,50.0
78,18,45,3,4,2,50.0
78,16,63,3,4,2,50.0
78,15,52,3,4,3,50.0
15,1,74,3,2,5,50.0
78,14,6,3,5,5,50.0
78,13,15,3,5,5,50.0
78,12,27,3,5,5,50.0
78,11,21,3,5,5,50.0
78,10,18,3,5,5,50.0
15,2,77,3,2,5,50.0
15,3,9,3,3,5,50.0
78,9,9,3,5,5,50.0
78,8,36,3,5,5,50.0
78,7,24,3,5,5,50.0
15,4,3,3,3,5,50.0
78,6,30,3,5,5,50.0
15,5,12,3,3,5,50.0
15,8,39,3,3,5,50.0
78,4,42,3,5,5,50.0
78,3,33,3,5,5,50.0
15,11,15,3,3,5,50.0
78,2,12,3,5,5,50.0
15,13,6,3,3,5,50.0
78,1,39,3,5,5,50.0
15,14,18,3,3,5,50.0
15,16,32,3,3,2,50.0
78,0,3,3,5,5,50.0
77,99,61,3,2,4,50.0
77,98,3,3,2,5,50.0
77,96,0,3,2,5,50.0
15,18,0,3,3,2,50.0
77,95,6,3,2,5,50.0
15,19,67,3,3,2,50.0
77,94,15,3,2,5,50.0
77,93,27,3,2,5,50.0
15,20,21,3,3,2,50.0
77,92,24,3,2,5,50.0
77,90,44,3,2,5,50.0
77,89,18,3,2,5,50.0
15,21,27,3,3,2,50.0
15,22,56,3,3,2,50.0
77,88,12,3,2,5,50.0
15,24,46,3,3,1,50.0
77,87,30,3,2,5,50.0
15,27,42,3,3,2,50.0
77,86,33,3,2,5,50.0
15,29,70,3,3,2,50.0
77,85,41,3,2,5,50.0
77,84,38,3,2,5,50.0
77,83,21,3,2,5,50.0
15,30,73,3,3,1,50.0
77,82,66,3,2,4,50.0
77,81,50,3,2,5,50.0
15,31,49,3,3,1,50.0
15,32,76,3,3,1,50.0
15,33,63,3,3,2,50.0
15,34,24,3,3,2,50.0
77,80,47,3,2,5,50.0
77,79,53,3,2,5,50.0
15,35,59,3,3,2,50.0
15,37,35,3,3,3,50.0
77,76,56,3,2,2,50.0
77,75,71,3,2,1,50.0
77,73,74,3,2,2,50.0
77,71,77,3,2,2,50.0
15,39,76,3,4,1,50.0
15,40,68,3,4,1,50.0
15,41,71,3,4,1,50.0
15,44,18,3,4,2,50.0
77,70,69,3,3,1,50.0
77,69,21,3,3,2,50.0
15,45,0,3,4,3,50.0
77,68,74,3,3,1,50.0
77,67,40,3,3,2,50.0
15,50,6,3,4,2,50.0
77,65,77,3,3,1,50.0
77,64,65,3,3,2,50.0
15,52,62,3,4,2,50.0
15,53,50,3,4,2,50.0
15,54,3,3,4,2,50.0
15,55,12,3,4,2,50.0
15,57,15,3,4,2,50.0
77,61,43,3,3,2,50.0
77,60,6,3,3,2,50.0
15,58,58,3,4,2,50.0
15,59,21,3,4,2,50.0
15,60,26,3,4,2,50.0
15,61,46,3,4,2,50.0
77,58,0,3,3,3,50.0
77,57,12,3,3,2,50.0
77,56,36,3,3,2,50.0
77,55,3,3,3,2,50.0
77,54,15,3,3,2,50.0
77,53,53,3,3,2,50.0
15,67,53,3,4,2,50.0
15,72,35,3,4,2,50.0
77,52,9,3,3,3,50.0
15,73,65,3,4,2,50.0
15,74,9,3,4,3,50.0
77,51,24,3,3,2,50.0
77,50,50,3,3,2,50.0
77,49,18,3,3,3,50.0
15,75,29,3,4,2,50.0
15,78,32,3,4,6,50.0
77,47,27,3,3,2,50.0
77,45,30,3,3,3,50.0
77,44,46,3,3,2,50.0
77,43,33,3,3,3,50.0
77,42,60,3,3,2,50.0
77,40,56,3,3,3,50.0
77,39,15,3,4,2,50.0
15,79,38,3,4,5,50.0
15,83,41,3,4,5,50.0
77,38,36,3,4,2,50.0
15,85,24,3,5,5,50.0
77,37,32,3,4,2,50.0
77,34,66,3,4,1,50.0
77,33,69,3,4,1,50.0
77,32,73,3,4,1,50.0
15,86,6,3,5,5,50.0
15,88,9,3,5,5,50.0
77,31,0,3,4,1,50.0
77,30,76,3,4,1,50.0
77,29,3,3,4,3,50.0
77,27,9,3,4,2,50.0
77,25,6,3,4,2,50.0
77,24,49,3,4,1,50.0
77,23,18,3,4,2,50.0
15,89,15,3,5,5,50.0
77,22,63,3,4,2,50.0
77,21,21,3,4,2,50.0
15,91,44,3,5,5,50.0
77,19,12,3,4,2,50.0
15,94,3,3,5,5,50.0
15,95,12,3,5,5,50.0
77,18,24,3,4,2,50.0
77,17,39,3,4,2,50.0
77,16,44,3,4,2,50.0
15,96,18,3,5,5,50.0
77,15,27,3,4,5,50.0
15,97,21,3,5,5,50.0
15,99,0,3,5,5,50.0
77,13,52,3,4,5,50.0
77,11,55,3,4,6,50.0
77,10,58,3,4,6,50.0
77,9,12,3,5,5,50.0
77,8,49,3,5,5,50.0
77,7,27,3,5,5,50.0
77,6,21,3,5,5,50.0
16,0,60,3,2,5,50.0
77,5,24,3,5,5,50.0
77,4,6,3,5,5,50.0
16,1,66,3,2,5,50.0
77,3,18,3,5,5,50.0
77,2,30,3,5,5,50.0
77,1,35,3,5,5,50.0
16,4,74,3,2,5,50.0
77,0,38,3,5,5,50.0
16,5,69,3,2,5,50.0
16,6,77,3,2,6,50.0
16,7,33,3,3,5,50.0
16,8,59,3,3,5,50.0
16,11,24,3,3,5,50.0
16,12,36,3,3,5,50.0
76,99,9,3,2,5,50.0
76,98,12,3,2,5,50.0
76,97,24,3,2,5,50.0
76,96,21,3,2,5,50.0
76,95,18,3,2,5,50.0
16,14,27,3,3,5,50.0
16,18,6,3,3,2,50.0
76,94,30,3,2,5,50.0
76,92,41,3,2,5,50.0
76,91,52,3,2,5,50.0
76,90,47,3,2,5,50.0
76,88,38,3,2,5,50.0
16,19,3,3,3,2,50.0
76,87,59,3,2,5,50.0
76,86,62,3,2,5,50.0
16,20,0,3,3,2,50.0
76,83,44,3,2,5,50.0
16,21,18,3,3,2,50.0
76,82,69,3,2,4,50.0
76,81,65,3,2,5,50.0
16,22,69,3,3,2,50.0
76,80,72,3,2,5,50.0
16,23,30,3,3,2,50.0
76,79,75,3,2,5,50.0
76,78,0,3,3,5,50.0
76,77,3,3,3,5,50.0
16,24,52,3,3,1,50.0
16,26,77,3,3,1,50.0
76,75,58,3,3,1,50.0
76,73,6,3,3,2,50.0
76,70,72,3,3,1,50.0
16,27,72,3,3,2,50.0
76,69,24,3,3,2,50.0
16,28,9,3,3,2,50.0
16,30,66,3,3,2,50.0
76,68,9,3,3,2,50.0
16,31,46,3,3,1,50.0
76,67,47,3,3,2,50.0
16,33,40,3,3,2,50.0
76,66,75,3,3,2,50.0
76,65,12,3,3,2,50.0
76,64,15,3,3,3,50.0
76,63,18,3,3,2,50.0
76,62,65,3,3,2,50.0
16,34,12,3,3,2,50.0
76,61,68,3,3,1,50.0
76,59,29,3,3,2,50.0
76,58,21,3,3,3,50.0
16,35,15,3,3,2,50.0
16,37,62,3,3,2,50.0
76,57,32,3,3,2,50.0
76,56,39,3,3,2,50.0
16,38,43,3,3,2,50.0
76,55,35,3,3,2,50.0
76,54,42,3,3,2,50.0
76,53,61,3,3,2,50.0
76,52,50,3,3,3,50.0
16,39,21,3,3,2,50.0
16,40,49,3,3,2,50.0
76,51,53,3,3,2,50.0
76,50,66,3,4,1,50.0
16,41,55,3,3,2,50.0
16,42,74,3,4,1,50.0
16,43,71,3,4,1,50.0
76,49,69,3,4,2,50.0
16,44,26,3,4,2,50.0
76,48,76,3,4,1,50.0
76,47,72,3,4,1,50.0
76,46,61,3,4,2,50.0
76,45,3,3,4,3,50.0
76,44,41,3,4,2,50.0
76,43,0,3,4,3,50.0
16,45,6,3,4,3,50.0
76,42,6,3,4,3,50.0
76,41,17,3,4,2,50.0
76,40,9,3,4,2,50.0
76,38,49,3,4,2,50.0
76,37,46,3,4,2,50.0
76,36,32,3,4,2,50.0
76,35,12,3,4,2,50.0
16,47,77,3,4,1,50.0
76,34,20,3,4,2,50.0
76,32,35,3,4,2,50.0
76,31,27,3,4,1,50.0
76,30,24,3,4,3,50.0
76,28,38,3,4,2,50.0
16,48,53,3,4,2,50.0
16,49,0,3,4,3,50.0
16,50,56,3,4,2,50.0
16,52,68,3,4,2,50.0
16,54,18,3,4,2,50.0
76,27,52,3,4,3,50.0
16,55,15,3,4,2,50.0
76,25,55,3,4,3,50.0
76,24,58,3,4,2,50.0
16,56,42,3,4,2,50.0
76,23,0,3,5,2,50.0
16,61,49,3,4,2,50.0
76,22,72,3,5,2,50.0
76,21,3,3,5,2,50.0
16,62,9,3,4,3,50.0
76,20,6,3,5,2,50.0
76,19,9,3,5,2,50.0
76,17,12,3,5,2,50.0
76,16,21,3,5,4,50.0
16,63,3,3,4,2,50.0
76,15,30,3,5,5,50.0
76,12,42,3,5,5,50.0
76,11,27,3,5,5,50.0
16,64,12,3,4,3,50.0
76,10,15,3,5,5,50.0
16,65,29,3,4,2,50.0
76,9,18,3,5,5,50.0
16,66,35,3,4,3,50.0
76,7,36,3,5,5,50.0
16,67,59,3,4,2,50.0
76,5,33,3,5,5,50.0
76,4,24,3,5,5,50.0
16,68,38,3,4,2,50.0
16,69,32,3,4,2,50.0
76,2,45,3,5,5,50.0
16,71,62,3,4,2,50.0
16,73,46,3,4,2,50.0
76,1,48,3,5,5,50.0
75,98,74,3,1,5,50.0
16,74,65,3,4,2,50.0
75,96,65,3,1,5,50.0
75,95,77,3,1,5,50.0
75,94,6,3,2,5,50.0
75,93,35,3,2,5,50.0
16,77,0,3,5,5,50.0
16,78,45,3,5,5,50.0
75,90,50,3,2,5,50.0
16,79,15,3,5,5,50.0
75,88,15,3,2,5,50.0
16,80,18,3,5,5,50.0
75,87,0,3,2,5,50.0
16,81,42,3,5,5,50.0
16,82,59,3,5,4,50.0
16,83,6,3,5,5,50.0
75,85,53,3,2,5,50.0
16,85,27,3,5,5,50.0
75,84,32,3,2,5,50.0
16,87,3,3,5,5,50.0
75,83,24,3,2,5,50.0
75,82,3,3,2,5,50.0
16,88,21,3,5,5,50.0
16,89,24,3,5,5,50.0
75,81,56,3,2,5,50.0
75,78,59,3,2,5,50.0
75,77,9,3,2,5,50.0
75,76,39,3,2,5,50.0
16,90,53,3,5,5,50.0
75,74,62,3,2,2,50.0
16,91,56,3,5,5,50.0
75,71,65,3,2,2,50.0
16,92,48,3,5,5,50.0
75,70,68,3,2,2,50.0
75,69,47,3,2,2,50.0
16,94,9,3,5,5,50.0
16,98,30,3,5,5,50.0
16,99,12,3,5,5,50.0
75,67,74,3,2,2,50.0
17,0,23,3,2,5,50.0
17,1,45,3,2,5,50.0
17,2,26,3,2,5,50.0
75,65,71,3,2,1,50.0
75,64,77,3,2,2,50.0
75,63,12,3,2,2,50.0
17,3,42,3,2,5,50.0
75,61,18,3,2,3,50.0
75,60,66,3,3,1,50.0
75,58,69,3,3,2,50.0
75,57,72,3,3,1,50.0
75,56,45,3,3,2,50.0
75,55,75,3,3,1,50.0
75,53,56,3,3,2,50.0
75,52,0,3,3,3,50.0
17,4,49,3,2,5,50.0
17,5,52,3,2,5,50.0
75,51,3,3,3,2,50.0
75,50,53,3,3,2,50.0
17,6,63,3,2,5,50.0
17,7,72,3,2,5,50.0
17,8,66,3,2,5,50.0
75,48,6,3,3,3,50.0
17,9,69,3,2,5,50.0
75,47,9,3,3,2,50.0
17,10,55,3,2,5,50.0
75,46,12,3,3,3,50.0
75,45,15,3,3,3,50.0
75,44,49,3,3,2,50.0
17,11,75,3,2,5,50.0
17,12,69,3,3,5,50.0
75,42,18,3,3,3,50.0
75,41,21,3,3,2,50.0
75,40,34,3,3,3,50.0
75,39,24,3,3,2,50.0
75,38,27,3,3,3,50.0
75,36,37,3,3,2,50.0
75,35,30,3,3,2,50.0
75,33,40,3,3,3,50.0
17,13,18,3,3,5,50.0
75,32,59,3,3,2,50.0
75,31,62,3,3,1,50.0
75,30,68,3,4,0,50.0
17,14,24,3,3,5,50.0
17,16,33,3,3,5,50.0
17,18,9,3,3,2,50.0
75,29,73,3,4,2,50.0
17,19,6,3,3,2,50.0
75,28,0,3,4,1,50.0
75,27,18,3,4,2,50.0
75,26,3,3,4,2,50.0
75,25,76,3,4,1,50.0
75,24,30,3,4,1,50.0
75,23,27,3,4,2,50.0
75,22,6,3,4,3,50.0
17,20,3,3,3,2,50.0
17,21,0,3,3,2,50.0
75,21,33,3,4,2,50.0
75,20,9,3,4,2,50.0
17,22,75,3,3,2,50.0
75,18,12,3,4,2,50.0
75,17,15,3,4,3,50.0
75,16,36,3,4,5,50.0
75,15,39,3,4,5,50.0
75,14,42,3,4,5,50.0
75,13,21,3,4,5,50.0
17,23,39,3,3,2,50.0
17,24,55,3,3,1,50.0
75,12,24,3,4,6,50.0
17,25,72,3,3,1,50.0
75,11,61,3,4,5,50.0
75,10,49,3,4,5,50.0
75,9,45,3,4,5,50.0
17,26,30,3,3,2,50.0
17,27,27,3,3,2,50.0
75,8,52,3,4,6,50.0
75,7,55,3,4,6,50.0
75,5,64,3,4,5,50.0
75,4,58,3,4,6,50.0
17,28,12,3,3,2,50.0
17,29,66,3,3,2,50.0
17,30,36,3,3,3,50.0
75,3,21,3,5,5,50.0
17,31,21,3,3,2,50.0
75,2,6,3,5,5,50.0
75,1,55,3,5,5,50.0
17,32,42,3,3,2,50.0
17,35,45,3,3,2,50.0
74,99,58,3,2,5,50.0
74,98,68,3,2,6,50.0
74,96,74,3,2,5,50.0
17,36,60,3,3,2,50.0
17,38,48,3,3,3,50.0
17,39,51,3,3,2,50.0
74,94,77,3,2,5,50.0
74,92,27,3,3,5,50.0
17,40,63,3,3,3,50.0
74,91,59,3,3,5,50.0
17,41,74,3,4,0,50.0
17,42,77,3,4,1,50.0
17,43,68,3,4,2,50.0
74,90,56,3,3,5,50.0
74,88,6,3,3,5,50.0
74,87,12,3,3,5,50.0
17,44,52,3,4,2,50.0
74,84,47,3,3,5,50.0
74,83,15,3,3,5,50.0
17,45,12,3,4,3,50.0
74,79,30,3,3,5,50.0
74,78,50,3,3,5,50.0
17,46,64,3,4,2,50.0
74,77,41,3,3,5,50.0
17,47,18,3,4,2,50.0
74,76,53,3,3,5,50.0
17,48,71,3,4,2,50.0
17,50,59,3,4,2,50.0
17,51,0,3,4,2,50.0
74,75,0,3,3,5,50.0
17,52,3,3,4,3,50.0
74,72,18,3,3,2,50.0
17,53,6,3,4,3,50.0
74,71,38,3,3,2,50.0
17,54,33,3,4,2,50.0
74,70,3,3,3,2,50.0
17,56,48,3,4,2,50.0
17,57,24,3,4,2,50.0
74,69,35,3,3,2,50.0
17,58,9,3,4,3,50.0
74,68,21,3,3,2,50.0
17,59,15,3,4,2,50.0
17,60,29,3,4,2,50.0
74,63,71,3,3,1,50.0
74,62,77,3,3,1,50.0
74,61,74,3,3,1,50.0
74,58,65,3,3,2,50.0
74,55,44,3,3,2,50.0
74,52,62,3,3,3,50.0
74,49,68,3,3,3,50.0
74,48,68,3,4,2,50.0
74,47,12,3,4,2,50.0
17,62,21,3,4,3,50.0
74,43,74,3,4,1,50.0
17,63,38,3,4,2,50.0
74,40,71,3,4,1,50.0
17,64,41,3,4,3,50.0
74,38,55,3,4,2,50.0
74,36,43,3,4,2,50.0
74,35,23,3,4,2,50.0
74,34,77,3,4,1,50.0
74,33,6,3,4,2,50.0
74,32,3,3,4,2,50.0
74,28,0,3,4,2,50.0
74,27,9,3,4,3,50.0
17,65,44,3,4,2,50.0
74,25,15,3,4,2,50.0
17,67,56,3,4,2,50.0
17,68,0,3,5,2,50.0
17,69,44,3,5,2,50.0
17,70,15,3,5,2,50.0
74,24,18,3,4,2,50.0
74,22,26,3,4,3,50.0
17,71,41,3,5,2,50.0
74,21,30,3,4,2,50.0
74,20,33,3,4,2,50.0
74,18,38,3,4,2,50.0
17,72,12,3,5,2,50.0
74,17,47,3,4,5,50.0
74,15,50,3,4,5,50.0
74,12,58,3,4,6,50.0
74,10,62,3,4,5,50.0
74,9,65,3,4,5,50.0
17,73,18,3,5,2,50.0
74,8,62,3,5,5,50.0
74,7,39,3,5,5,50.0
74,6,24,3,5,5,50.0
74,5,27,3,5,5,50.0
74,4,9,3,5,5,50.0
17,74,3,3,5,5,50.0
74,0,42,3,5,5,50.0
73,99,21,3,2,5,50.0
17,75,9,3,5,5,50.0
73,98,24,3,2,5,50.0
17,79,24,3,5,5,50.0
17,80,27,3,5,5,50.0
73,96,35,3,2,5,50.0
17,82,6,3,5,5,50.0
73,95,49,3,2,5,50.0
73,94,52,3,2,5,50.0
73,92,55,3,2,5,50.0
73,91,62,3,2,5,50.0
73,90,59,3,2,5,50.0
73,89,68,3,2,5,50.0
73,87,71,3,2,5,50.0
17,83,30,3,5,5,50.0
73,86,77,3,2,5,50.0
17,84,50,3,5,5,50.0
73,85,44,3,3,5,50.0
73,84,29,3,3,5,50.0
17,85,56,3,5,5,50.0
17,86,53,3,5,5,50.0
73,83,36,3,3,5,50.0
17,88,33,3,5,5,50.0
17,90,62,3,5,5,50.0
17,92,59,3,5,5,50.0
17,93,65,3,5,5,50.0
17,94,21,3,5,5,50.0
17,95,36,3,5,5,50.0
17,96,68,3,5,5,50.0
17,97,72,3,5,5,50.0
17,98,75,3,5,6,50.0
17,99,6,3,6,5,50.0
18,0,48,3,2,5,50.0
73,82,0,3,3,5,50.0
73,81,53,3,3,5,50.0
73,79,41,3,3,5,50.0
18,1,21,3,2,5,50.0
73,78,56,3,3,5,50.0
73,77,15,3,3,5,50.0
18,2,63,3,2,5,50.0
18,4,18,3,2,5,50.0
73,76,59,3,3,5,50.0
73,75,3,3,3,5,50.0
18,8,69,3,2,5,50.0
73,72,47,3,3,2,50.0
18,9,41,3,2,5,50.0
18,12,72,3,2,5,50.0
18,13,27,3,2,5,50.0
73,71,50,3,3,2,50.0
73,69,63,3,3,2,50.0
18,14,51,3,2,5,50.0
73,67,66,3,3,2,50.0
18,15,54,3,2,5,50.0
18,16,66,3,2,5,50.0
18,17,57,3,2,6,50.0
18,19,75,3,2,2,50.0
18,20,60,3,2,3,50.0
73,66,6,3,3,3,50.0
73,65,74,3,3,1,50.0
18,22,0,3,3,3,50.0
73,63,9,3,3,2,50.0
73,61,77,3,3,1,50.0
73,60,69,3,3,1,50.0
18,23,3,3,3,2,50.0
73,59,18,3,3,2,50.0
18,25,9,3,3,2,50.0
73,58,12,3,3,3,50.0
73,57,21,3,3,3,50.0
73,56,24,3,3,3,50.0
18,27,69,3,3,2,50.0
73,55,32,3,3,2,50.0
18,28,75,3,3,1,50.0
73,54,68,3,4,1,50.0
18,30,72,3,3,2,50.0
73,53,77,3,4,1,50.0
73,52,71,3,4,1,50.0
73,51,74,3,4,1,50.0
18,31,6,3,3,1,50.0
73,50,62,3,4,2,50.0
18,32,15,3,3,2,50.0
18,33,33,3,3,2,50.0
18,34,27,3,3,2,50.0
73,49,3,3,4,3,50.0
18,35,38,3,3,2,50.0
73,47,35,3,4,2,50.0
18,36,46,3,3,2,50.0
73,46,0,3,4,3,50.0
73,45,18,3,4,3,50.0
73,44,55,3,4,2,50.0
73,43,6,3,4,3,50.0
18,37,52,3,3,2,50.0
18,38,66,3,3,2,50.0
73,42,9,3,4,3,50.0
18,39,18,3,3,2,50.0
73,41,24,3,4,2,50.0
73,40,12,3,4,2,50.0
18,40,12,3,3,3,50.0
73,39,27,3,4,2,50.0
73,38,15,3,4,3,50.0
18,41,30,3,3,2,50.0
73,37,40,3,4,2,50.0
18,44,58,3,3,2,50.0
18,45,21,3,3,3,50.0
18,46,24,3,3,3,50.0
73,36,21,3,4,3,50.0
18,47,41,3,3,2,50.0
18,49,49,3,3,3,50.0
73,30,30,3,4,3,50.0
18,50,55,3,3,3,50.0
73,29,43,3,4,3,50.0
73,27,46,3,4,3,50.0
18,51,61,3,3,2,50.0
73,26,49,3,4,2,50.0
18,52,74,3,4,1,50.0
73,25,52,3,4,2,50.0
73,24,58,3,4,3,50.0
18,53,66,3,4,1,50.0
73,23,65,3,4,2,50.0
18,54,77,3,4,1,50.0
18,55,71,3,4,1,50.0
73,22,3,3,5,3,50.0
73,21,39,3,5,2,50.0
18,57,18,3,4,2,50.0
18,58,3,3,4,3,50.0
73,19,15,3,5,2,50.0
73,18,0,3,5,4,50.0
73,17,9,3,5,6,50.0
73,16,62,3,5,5,50.0
73,15,33,3,5,5,50.0
73,14,30,3,5,5,50.0
73,13,24,3,5,5,50.0
18,59,32,3,4,2,50.0
73,12,75,3,5,5,50.0
73,10,27,3,5,5,50.0
73,9,21,3,5,5,50.0
73,5,44,3,5,5,50.0
18,60,15,3,4,2,50.0
73,4,52,3,5,5,50.0
72,99,15,3,2,5,50.0
72,98,44,3,2,5,50.0
18,61,52,3,4,2,50.0
72,97,50,3,2,5,50.0
72,96,58,3,2,5,50.0
18,62,12,3,4,3,50.0
72,95,61,3,2,5,50.0
72,94,64,3,2,5,50.0
72,93,76,3,2,5,50.0
72,92,67,3,2,5,50.0
72,90,70,3,2,6,50.0
72,87,73,3,2,6,50.0
72,86,18,3,3,5,50.0
72,85,50,3,3,5,50.0
72,84,53,3,3,5,50.0
72,83,27,3,3,5,50.0
72,82,9,3,3,5,50.0
72,81,59,3,3,5,50.0
72,80,24,3,3,5,50.0
72,79,44,3,3,5,50.0
72,78,62,3,3,5,50.0
72,77,56,3,3,5,50.0
72,76,65,3,3,5,50.0
72,75,12,3,3,5,50.0
72,74,0,3,3,5,50.0
18,63,6,3,4,2,50.0
18,65,9,3,4,2,50.0
72,73,6,3,3,5,50.0
72,70,21,3,3,2,50.0
72,64,71,3,3,2,50.0
18,66,21,3,4,3,50.0
72,63,15,3,3,2,50.0
72,61,68,3,3,2,50.0
18,67,24,3,4,3,50.0
72,60,74,3,3,1,50.0
18,68,27,3,4,2,50.0
72,58,77,3,3,2,50.0
72,57,39,3,3,2,50.0
72,56,3,3,3,3,50.0
72,55,47,3,3,2,50.0
18,70,35,3,4,2,50.0
72,54,36,3,3,2,50.0
72,53,30,3,3,3,50.0
18,71,55,3,4,2,50.0
72,52,33,3,3,3,50.0
18,73,47,3,4,5,50.0
72,51,71,3,4,0,50.0
72,50,74,3,4,1,50.0
72,49,77,3,4,2,50.0
72,48,0,3,4,3,50.0
18,74,58,3,4,5,50.0
72,47,38,3,4,2,50.0
18,77,44,3,4,5,50.0
18,78,38,3,4,6,50.0
72,46,67,3,4,2,50.0
18,79,61,3,4,5,50.0
72,45,27,3,4,3,50.0
18,81,41,3,4,6,50.0
72,44,61,3,4,2,50.0
72,43,3,3,4,3,50.0
18,82,15,3,5,5,50.0
72,41,33,3,4,2,50.0
18,83,47,3,5,5,50.0
18,84,56,3,5,5,50.0
18,85,59,3,5,5,50.0
18,86,29,3,5,5,50.0
18,87,6,3,5,5,50.0
72,39,30,3,4,2,50.0
72,37,6,3,4,3,50.0
72,36,9,3,4,3,50.0
18,88,18,3,5,5,50.0
18,89,21,3,5,5,50.0
72,35,41,3,4,2,50.0
72,34,15,3,4,2,50.0
72,33,47,3,4,2,50.0
72,32,18,3,4,2,50.0
72,31,12,3,4,2,50.0
72,28,21,3,4,2,50.0
72,26,57,3,4,2,50.0
72,25,24,3,4,2,50.0
72,24,44,3,4,2,50.0
18,90,77,3,5,5,50.0
72,23,52,3,4,2,50.0
18,91,65,3,5,5,50.0
72,20,64,3,4,3,50.0
18,95,3,3,5,5,50.0
18,96,9,3,5,5,50.0
18,97,35,3,5,5,50.0
72,19,18,3,5,2,50.0
72,18,0,3,5,5,50.0
19,0,70,3,2,5,50.0
72,17,3,3,5,6,50.0
19,1,30,3,2,6,50.0
72,16,39,3,5,5,50.0
72,15,36,3,5,5,50.0
72,13,33,3,5,5,50.0
72,12,6,3,5,6,50.0
72,11,30,3,5,5,50.0
72,9,15,3,5,5,50.0
72,7,42,3,5,5,50.0
19,2,33,3,2,5,50.0
19,3,30,3,3,5,50.0
72,6,27,3,5,5,50.0
19,4,27,3,3,5,50.0
72,5,47,3,5,5,50.0
72,3,50,3,5,5,50.0
19,6,51,3,3,5,50.0
19,7,75,3,3,5,50.0
19,8,72,3,3,5,50.0
19,9,24,3,3,5,50.0
72,2,71,3,5,5,50.0
19,14,54,3,3,5,50.0
19,15,57,3,3,5,50.0
19,16,69,3,3,5,50.0
72,1,58,3,5,5,50.0
72,0,63,3,5,5,50.0
71,99,68,3,2,6,50.0
71,97,71,3,2,6,50.0
19,18,12,3,3,5,50.0
71,96,74,3,2,6,50.0
19,20,15,3,3,2,50.0
71,95,9,3,3,5,50.0
71,94,18,3,3,5,50.0
71,93,41,3,3,5,50.0
71,91,68,3,3,5,50.0
71,90,0,3,3,6,50.0
19,21,60,3,3,2,50.0
71,88,24,3,3,5,50.0
71,87,15,3,3,5,50.0
71,85,62,3,3,5,50.0
71,83,50,3,3,5,50.0
71,82,21,3,3,5,50.0
71,80,30,3,3,5,50.0
19,23,0,3,3,3,50.0
19,24,3,3,3,2,50.0
19,25,18,3,3,2,50.0
71,79,47,3,3,5,50.0
71,78,53,3,3,5,50.0
19,26,6,3,3,3,50.0
71,77,59,3,3,5,50.0
19,27,21,3,3,3,50.0
71,76,56,3,3,5,50.0
19,28,66,3,3,2,50.0
71,75,27,3,3,5,50.0
71,74,6,3,3,5,50.0
71,72,12,3,3,5,50.0
71,70,38,3,3,2,50.0
71,69,71,3,3,2,50.0
19,29,9,3,3,3,50.0
19,31,30,3,4,1,50.0
71,68,3,3,3,2,50.0
19,32,9,3,4,2,50.0
19,35,48,3,4,2,50.0
71,67,77,3,3,2,50.0
19,37,65,3,4,2,50.0
19,38,69,3,4,2,50.0
71,66,44,3,3,3,50.0
71,65,33,3,3,2,50.0
71,64,74,3,3,2,50.0
71,63,65,3,3,2,50.0
71,62,68,3,4,2,50.0
19,40,74,3,4,1,50.0
71,61,60,3,4,2,50.0
19,42,77,3,4,2,50.0
19,45,38,3,4,3,50.0
19,46,3,3,4,3,50.0
71,60,77,3,4,1,50.0
71,58,72,3,4,2,50.0
71,57,42,3,4,2,50.0
71,56,55,3,4,2,50.0
19,47,44,3,4,2,50.0
71,55,18,3,4,2,50.0
19,48,12,3,4,3,50.0
71,54,39,3,4,2,50.0
71,53,64,3,4,2,50.0
71,52,6,3,4,3,50.0
71,51,21,3,4,2,50.0
71,50,0,3,4,3,50.0
19,49,6,3,4,3,50.0
71,49,9,3,4,3,50.0
71,47,47,3,4,2,50.0
19,53,0,3,4,3,50.0
19,54,51,3,4,2,50.0
19,55,27,3,4,2,50.0
19,56,58,3,4,2,50.0
71,46,15,3,4,3,50.0
71,45,50,3,4,3,50.0
19,57,54,3,4,2,50.0
19,58,15,3,4,3,50.0
71,43,12,3,4,3,50.0
71,42,3,3,4,3,50.0
71,39,33,3,4,2,50.0
71,37,24,3,4,3,50.0
19,59,35,3,4,2,50.0
71,36,27,3,4,3,50.0
71,35,30,3,4,3,50.0
19,61,21,3,4,3,50.0
19,63,24,3,4,2,50.0
19,64,18,3,4,3,50.0
71,32,36,3,4,3,50.0
19,65,41,3,4,2,50.0
19,67,61,3,4,3,50.0
19,69,50,3,5,2,50.0
71,31,33,3,5,1,50.0
19,70,24,3,5,2,50.0
19,71,0,3,5,5,50.0
19,72,9,3,5,5,50.0
71,29,76,3,5,2,50.0
19,73,12,3,5,5,50.0
19,74,15,3,5,5,50.0
71,26,18,3,5,2,50.0
71,23,42,3,5,2,50.0
71,22,9,3,5,3,50.0
19,76,62,3,5,5,50.0
71,20,24,3,5,2,50.0
19,77,53,3,5,5,50.0
71,19,3,3,5,5,50.0
71,18,38,3,5,5,50.0
19,78,65,3,5,5,50.0
71,17,12,3,5,6,50.0
71,16,72,3,5,5,50.0
71,15,47,3,5,5,50.0
71,13,58,3,5,5,50.0
71,11,64,3,5,5,50.0
19,79,56,3,5,5,50.0
71,9,30,3,5,5,50.0
71,8,6,3,5,6,50.0
71,7,50,3,5,5,50.0
71,6,15,3,5,6,50.0
71,3,67,3,5,5,50.0
19,80,33,3,5,5,50.0
71,2,21,3,5,6,50.0
19,81,68,3,5,5,50.0
19,82,18,3,5,5,50.0
71,1,27,3,5,6,50.0
71,0,53,3,5,6,50.0
19,83,59,3,5,5,50.0
70,99,27,3,2,5,50.0
19,84,71,3,5,5,50.0
70,98,52,3,2,5,50.0
70,97,55,3,2,5,50.0
70,96,30,3,2,5,50.0
19,86,74,3,5,5,50.0
19,87,27,3,5,5,50.0
70,95,58,3,2,5,50.0
70,94,61,3,2,5,50.0
70,93,64,3,2,6,50.0
19,88,30,3,5,5,50.0
70,92,71,3,2,5,50.0
70,91,74,3,2,5,50.0
19,89,38,3,5,5,50.0
70,90,77,3,2,6,50.0
19,90,6,3,5,6,50.0
19,91,77,3,5,5,50.0
19,94,41,3,5,5,50.0
70,88,27,3,3,5,50.0
19,95,21,3,5,5,50.0
70,87,9,3,3,5,50.0
70,84,59,3,3,5,50.0
19,96,44,3,5,5,50.0
70,83,53,3,3,5,50.0
70,82,24,3,3,5,50.0
70,81,62,3,3,5,50.0
19,97,47,3,5,5,50.0
70,80,36,3,3,5,50.0
19,99,18,3,6,5,50.0
70,79,65,3,3,5,50.0
70,78,68,3,3,5,50.0
70,77,71,3,3,5,50.0
70,76,75,3,3,5,50.0
70,75,15,3,3,5,50.0
20,0,51,3,2,5,50.0
20,1,69,3,2,5,50.0
70,73,18,3,3,5,50.0
70,72,21,3,3,5,50.0
70,71,0,3,3,6,50.0
20,3,72,3,2,5,50.0
70,69,56,3,3,2,50.0
70,65,3,3,3,2,50.0
70,64,6,3,3,3,50.0
70,63,30,3,3,2,50.0
70,62,33,3,3,3,50.0
70,61,12,3,3,3,50.0
70,59,42,3,3,2,50.0
70,58,39,3,3,3,50.0
70,57,45,3,3,3,50.0
70,56,73,3,4,1,50.0
70,55,38,3,4,2,50.0
70,54,45,3,4,2,50.0
70,51,77,3,4,0,50.0
20,4,30,3,2,5,50.0
70,49,12,3,4,3,50.0
20,5,55,3,2,5,50.0
70,48,3,3,4,3,50.0
70,44,64,3,4,2,50.0
20,6,39,3,2,5,50.0
20,9,75,3,2,5,50.0
70,43,9,3,4,3,50.0
70,42,70,3,4,2,50.0
70,41,67,3,4,1,50.0
20,10,18,3,2,6,50.0
70,39,41,3,4,2,50.0
70,38,0,3,4,3,50.0
70,36,6,3,4,3,50.0
20,11,27,3,2,6,50.0
70,35,51,3,4,2,50.0
70,34,30,3,4,2,50.0
70,33,55,3,4,2,50.0
70,32,21,3,4,2,50.0
20,12,42,3,2,6,50.0
20,13,47,3,2,5,50.0
20,14,63,3,2,5,50.0
20,16,75,3,3,5,50.0
20,17,0,3,3,6,50.0
70,31,15,3,4,2,50.0
70,30,18,3,4,3,50.0
70,29,24,3,4,3,50.0
70,25,27,3,4,2,50.0
70,24,33,3,4,2,50.0
70,22,48,3,4,3,50.0
20,18,24,3,3,5,50.0
70,21,58,3,4,3,50.0
70,19,61,3,4,6,50.0
20,21,45,3,3,2,50.0
20,22,12,3,3,3,50.0
70,18,32,3,5,5,50.0
70,17,15,3,5,6,50.0
20,23,33,3,3,2,50.0
20,24,67,3,3,1,50.0
20,25,3,3,3,2,50.0
20,26,36,3,3,2,50.0
70,15,60,3,5,5,50.0
20,27,6,3,3,3,50.0
20,28,15,3,3,2,50.0
70,14,35,3,5,5,50.0
70,13,38,3,5,5,50.0
20,29,18,3,3,3,50.0
20,30,70,3,3,1,50.0
20,31,9,3,3,2,50.0
70,12,0,3,5,6,50.0
70,11,71,3,5,5,50.0
70,10,24,3,5,5,50.0
70,9,52,3,5,5,50.0
70,8,3,3,5,6,50.0
70,7,45,3,5,5,50.0
70,5,77,3,5,5,50.0
20,32,30,3,3,2,50.0
20,33,21,3,3,3,50.0
70,4,67,3,5,5,50.0
20,34,39,3,3,2,50.0
70,3,6,3,5,6,50.0
70,2,48,3,5,5,50.0
20,35,54,3,3,2,50.0
70,1,9,3,5,6,50.0
70,0,74,3,5,5,50.0
20,36,42,3,3,3,50.0
69,98,53,3,2,6,50.0
20,38,51,3,3,3,50.0
69,97,66,3,2,5,50.0
69,94,74,3,2,5,50.0
20,40,48,3,3,3,50.0
20,41,27,3,3,2,50.0
69,93,77,3,2,6,50.0
69,92,51,3,3,5,50.0
20,42,57,3,3,3,50.0
69,91,71,3,3,5,50.0
20,43,77,3,4,1,50.0
20,44,67,3,4,2,50.0
69,89,27,3,3,5,50.0
69,88,41,3,3,5,50.0
20,46,74,3,4,0,50.0
20,47,50,3,4,2,50.0
69,87,18,3,3,5,50.0
69,85,74,3,3,5,50.0
20,48,15,3,4,3,50.0
20,50,70,3,4,1,50.0
20,51,6,3,4,2,50.0
69,84,62,3,3,5,50.0
69,80,44,3,3,5,50.0
20,52,12,3,4,3,50.0
69,79,68,3,3,5,50.0
69,78,77,3,3,5,50.0
69,77,65,3,3,5,50.0
69,75,24,3,3,5,50.0
69,74,12,3,3,5,50.0
20,53,3,3,4,3,50.0
69,73,36,3,3,5,50.0
69,71,3,3,3,6,50.0
20,54,54,3,4,2,50.0
69,70,21,3,3,5,50.0
20,55,41,3,4,2,50.0
69,68,6,3,3,2,50.0
69,66,0,3,3,3,50.0
20,56,61,3,4,2,50.0
69,64,9,3,3,3,50.0
69,63,47,3,3,2,50.0
20,57,57,3,4,2,50.0
69,62,30,3,3,3,50.0
69,61,15,3,3,3,50.0
20,58,18,3,4,3,50.0
69,60,33,3,3,2,50.0
20,59,45,3,4,2,50.0
69,59,55,3,3,2,50.0
20,60,64,3,4,2,50.0
69,56,58,3,3,3,50.0
20,61,0,3,4,3,50.0
69,55,50,3,4,2,50.0
69,53,67,3,4,2,50.0
69,50,77,3,4,1,50.0
69,49,72,3,4,2,50.0
20,62,24,3,4,3,50.0
69,48,18,3,4,3,50.0
69,45,44,3,4,3,50.0
20,63,21,3,4,2,50.0
69,43,15,3,4,3,50.0
69,41,39,3,4,2,50.0
20,64,30,3,4,3,50.0
69,39,36,3,4,2,50.0
20,66,9,3,4,3,50.0
20,67,27,3,4,3,50.0
69,38,3,3,4,3,50.0
69,36,0,3,4,3,50.0
69,34,6,3,4,2,50.0
69,33,9,3,4,3,50.0
69,32,47,3,4,2,50.0
69,31,24,3,4,2,50.0
20,68,33,3,4,3,50.0
69,29,12,3,4,3,50.0
69,28,27,3,4,2,50.0
69,26,33,3,4,2,50.0
69,25,21,3,4,2,50.0
69,24,30,3,4,2,50.0
69,23,55,3,4,2,50.0
69,19,58,3,4,6,50.0
69,18,62,3,4,5,50.0
20,70,36,3,4,6,50.0
69,17,18,3,5,6,50.0
69,16,0,3,5,6,50.0
69,15,63,3,5,5,50.0
69,14,45,3,5,5,50.0
20,71,61,3,5,5,50.0
20,72,24,3,5,5,50.0
69,13,41,3,5,5,50.0
69,8,9,3,5,6,50.0
20,73,55,3,5,5,50.0
69,6,36,3,5,5,50.0
69,4,60,3,5,5,50.0
20,74,18,3,5,5,50.0
20,75,30,3,5,5,50.0
69,3,75,3,5,5,50.0
69,2,3,3,5,6,50.0
20,76,68,3,5,5,50.0
20,77,74,3,5,5,50.0
20,78,71,3,5,5,50.0
20,79,50,3,5,5,50.0
20,80,39,3,5,5,50.0
69,1,6,3,5,5,50.0
69,0,12,3,5,6,50.0
68,99,24,3,2,5,50.0
68,98,15,3,2,5,50.0
20,81,77,3,5,5,50.0
20,82,33,3,5,5,50.0
68,97,41,3,2,5,50.0
20,84,0,3,5,6,50.0
20,85,3,3,5,6,50.0
68,96,47,3,2,5,50.0
68,95,44,3,2,5,50.0
68,94,55,3,2,5,50.0
20,86,65,3,5,5,50.0
20,87,36,3,5,5,50.0
68,92,62,3,2,5,50.0
68,90,18,3,2,6,50.0
68,89,50,3,2,5,50.0
20,88,58,3,5,5,50.0
68,88,65,3,2,5,50.0
20,89,44,3,5,5,50.0
20,90,9,3,5,6,50.0
20,92,6,3,5,6,50.0
20,93,47,3,5,5,50.0
68,85,70,3,2,5,50.0
68,84,77,3,2,5,50.0
68,83,73,3,2,5,50.0
68,82,58,3,2,5,50.0
68,81,71,3,3,5,50.0
20,94,27,3,5,5,50.0
68,80,50,3,3,5,50.0
20,95,15,3,5,5,50.0
68,79,0,3,3,6,50.0
68,78,74,3,3,5,50.0
20,96,12,3,5,5,50.0
68,77,62,3,3,5,50.0
20,98,21,3,5,5,50.0
20,99,30,3,6,5,50.0
21,0,77,3,2,5,50.0
68,76,3,3,3,6,50.0
68,75,18,3,3,5,50.0
68,74,21,3,3,5,50.0
21,1,52,3,2,6,50.0
68,73,58,3,3,5,50.0
21,3,55,3,2,6,50.0
68,71,6,3,3,6,50.0
68,69,15,3,3,5,50.0
21,4,63,3,2,6,50.0
21,5,66,3,2,6,50.0
21,6,69,3,2,6,50.0
68,67,9,3,3,3,50.0
21,7,0,3,3,6,50.0
21,8,12,3,3,6,50.0
68,65,36,3,3,2,50.0
21,9,36,3,3,5,50.0
68,64,24,3,3,3,50.0
21,10,30,3,3,5,50.0
68,63,27,3,3,2,50.0
68,62,77,3,3,2,50.0
68,60,41,3,3,2,50.0
21,11,33,3,3,5,50.0
68,59,66,3,3,1,50.0
68,58,30,3,3,3,50.0
21,12,3,3,3,6,50.0
68,56,12,3,3,3,50.0
68,55,53,3,3,2,50.0
68,54,44,3,3,3,50.0
68,53,47,3,3,3,50.0
68,50,65,3,4,2,50.0
68,48,74,3,4,2,50.0
68,47,69,3,4,1,50.0
21,13,67,3,3,5,50.0
21,16,6,3,3,6,50.0
21,17,21,3,3,6,50.0
21,18,41,3,3,5,50.0
68,46,77,3,4,1,50.0
68,45,47,3,4,3,50.0
68,44,0,3,4,3,50.0
68,43,18,3,4,3,50.0
21,20,9,3,3,6,50.0
68,42,12,3,4,3,50.0
21,22,15,3,3,3,50.0
68,40,15,3,4,2,50.0
21,23,45,3,3,2,50.0
68,39,44,3,4,2,50.0
68,38,6,3,4,3,50.0
21,24,70,3,3,1,50.0
68,36,3,3,4,3,50.0
21,26,18,3,3,3,50.0
68,35,62,3,4,2,50.0
68,34,33,3,4,2,50.0
68,33,24,3,4,3,50.0
21,27,75,3,3,2,50.0
68,32,50,3,4,2,50.0
68,31,27,3,4,2,50.0
68,30,9,3,4,3,50.0
68,29,21,3,4,3,50.0
21,28,24,3,3,2,50.0
21,29,27,3,3,3,50.0
21,30,48,3,3,3,50.0
21,31,51,3,3,2,50.0
68,28,30,3,4,2,50.0
68,27,36,3,4,3,50.0
68,26,39,3,4,2,50.0
68,25,58,3,4,3,50.0
21,32,54,3,3,2,50.0
21,33,61,3,3,3,50.0
21,34,64,3,3,2,50.0
68,24,53,3,4,2,50.0
68,23,58,3,5,2,50.0
68,22,18,3,5,3,50.0
68,21,0,3,5,4,50.0
21,35,65,3,4,2,50.0
68,20,3,3,5,6,50.0
68,19,6,3,5,6,50.0
21,36,68,3,4,1,50.0
68,18,44,3,5,5,50.0
68,16,9,3,5,6,50.0
68,15,66,3,5,5,50.0
68,14,48,3,5,5,50.0
68,12,12,3,5,6,50.0
68,11,39,3,5,5,50.0
21,37,71,3,4,2,50.0
68,10,52,3,5,5,50.0
68,9,61,3,5,5,50.0
68,8,15,3,5,6,50.0
68,7,21,3,5,6,50.0
68,6,71,3,5,5,50.0
21,38,74,3,4,2,50.0
68,5,24,3,5,6,50.0
68,4,77,3,5,5,50.0
68,3,27,3,5,6,50.0
21,39,47,3,4,2,50.0
68,2,36,3,5,5,50.0
21,40,77,3,4,1,50.0
21,41,50,3,4,2,50.0
68,1,33,3,5,6,50.0
68,0,30,3,5,6,50.0
21,43,24,3,4,3,50.0
21,44,3,3,4,3,50.0
21,47,53,3,4,2,50.0
67,99,50,3,2,5,50.0
67,98,18,3,3,5,50.0
21,48,21,3,4,3,50.0
67,95,30,3,3,5,50.0
21,49,15,3,4,3,50.0
67,93,44,3,3,5,50.0
67,91,0,3,3,6,50.0
21,50,6,3,4,3,50.0
67,88,52,3,3,5,50.0
21,52,27,3,4,3,50.0
21,53,9,3,4,3,50.0
67,87,33,3,3,5,50.0
67,86,68,3,3,5,50.0
67,85,77,3,3,5,50.0
67,84,3,3,3,6,50.0
21,54,57,3,4,2,50.0
67,83,56,3,3,5,50.0
67,82,36,3,3,5,50.0
67,81,74,3,3,5,50.0
67,80,64,3,3,5,50.0
67,77,6,3,3,6,50.0
21,55,61,3,4,2,50.0
21,57,12,3,4,3,50.0
67,76,12,3,3,6,50.0
67,75,39,3,3,5,50.0
67,74,47,3,3,5,50.0
21,58,33,3,4,3,50.0
67,73,71,3,3,5,50.0
67,71,15,3,3,6,50.0
67,70,21,3,3,6,50.0
67,69,21,3,4,5,50.0
67,68,55,3,4,5,50.0
67,66,3,3,4,3,50.0
67,64,0,3,4,3,50.0
67,63,41,3,4,2,50.0
21,59,18,3,4,3,50.0
67,62,71,3,4,2,50.0
67,61,63,3,4,2,50.0
67,57,68,3,4,1,50.0
21,60,44,3,4,2,50.0
67,56,74,3,4,2,50.0
21,62,36,3,4,3,50.0
21,63,30,3,4,3,50.0
21,64,39,3,4,4,50.0
67,55,77,3,4,2,50.0
21,65,0,3,5,2,50.0
21,66,12,3,5,3,50.0
67,54,48,3,4,2,50.0
21,67,6,3,5,4,50.0
67,53,12,3,4,3,50.0
21,69,24,3,5,5,50.0
67,50,9,3,4,3,50.0
67,49,24,3,4,3,50.0
67,47,58,3,4,2,50.0
67,46,18,3,4,3,50.0
21,70,18,3,5,5,50.0
21,72,53,3,5,5,50.0
21,73,65,3,5,5,50.0
67,45,15,3,4,4,50.0
67,44,27,3,4,3,50.0
67,43,30,3,4,3,50.0
21,74,30,3,5,5,50.0
67,42,33,3,4,3,50.0
67,41,36,3,4,3,50.0
67,40,52,3,4,2,50.0
67,39,44,3,4,3,50.0
67,38,77,3,5,2,50.0
21,75,33,3,5,5,50.0
67,37,68,3,5,2,50.0
67,36,71,3,5,2,50.0
67,35,74,3,5,2,50.0
67,34,0,3,5,2,50.0
21,76,9,3,5,6,50.0
67,33,3,3,5,3,50.0
21,79,71,3,5,5,50.0
21,80,56,3,5,5,50.0
21,81,3,3,5,6,50.0
67,31,65,3,5,1,50.0
67,29,6,3,5,3,50.0
21,82,39,3,5,5,50.0
67,28,18,3,5,2,50.0
21,83,62,3,5,5,50.0
21,84,15,3,5,6,50.0
67,23,61,3,5,2,50.0
21,87,47,3,5,5,50.0
21,88,68,3,5,5,50.0
67,21,21,3,5,5,50.0
67,19,9,3,5,6,50.0
67,18,50,3,5,5,50.0
21,89,59,3,5,5,50.0
67,16,12,3,5,6,50.0
21,90,27,3,5,6,50.0
67,15,15,3,5,6,50.0
67,12,27,3,5,6,50.0
67,11,24,3,5,6,50.0
67,10,39,3,5,5,50.0
21,92,36,3,5,6,50.0
67,9,30,3,5,6,50.0
67,8,33,3,5,6,50.0
21,93,50,3,5,5,50.0
21,94,44,3,5,5,50.0
67,7,36,3,5,6,50.0
67,6,42,3,5,5,50.0
21,95,74,3,5,5,50.0
21,97,77,3,5,5,50.0
21,99,33,3,6,5,50.0
67,4,45,3,5,6,50.0
22,2,74,3,3,5,50.0
67,0,56,3,5,6,50.0
66,99,38,3,3,5,50.0
66,95,24,3,3,5,50.0
22,3,21,3,3,6,50.0
66,94,47,3,3,5,50.0
66,90,15,3,3,6,50.0
66,89,56,3,3,5,50.0
66,87,41,3,3,5,50.0
66,85,18,3,3,6,50.0
22,4,29,3,3,6,50.0
22,5,36,3,3,6,50.0
66,84,50,3,3,6,50.0
22,6,45,3,3,5,50.0
22,7,39,3,3,6,50.0
22,10,65,3,3,5,50.0
22,13,70,3,3,5,50.0
66,83,65,3,3,5,50.0
22,14,57,3,3,5,50.0
22,19,42,3,3,6,50.0
22,21,51,3,3,6,50.0
66,82,53,3,3,5,50.0
66,81,59,3,3,6,50.0
22,23,77,3,3,2,50.0
66,79,62,3,3,6,50.0
22,24,54,3,3,3,50.0
66,78,68,3,3,6,50.0
22,27,60,3,3,3,50.0
22,28,67,3,4,1,50.0
66,77,77,3,3,5,50.0
66,76,71,3,3,6,50.0
22,29,0,3,4,3,50.0
22,30,75,3,4,2,50.0
66,75,74,3,3,5,50.0
66,74,33,3,4,5,50.0
66,73,68,3,4,5,50.0
66,72,74,3,4,5,50.0
22,32,62,3,4,2,50.0
66,71,9,3,4,6,50.0
22,33,70,3,4,2,50.0
66,70,12,3,4,5,50.0
22,34,3,3,4,2,50.0
22,35,6,3,4,3,50.0
66,69,27,3,4,5,50.0
66,68,0,3,4,6,50.0
66,67,53,3,4,5,50.0
22,38,9,3,4,3,50.0
66,63,44,3,4,2,50.0
66,62,18,3,4,3,50.0
66,61,71,3,4,2,50.0
66,60,47,3,4,2,50.0
66,59,77,3,4,1,50.0
22,41,47,3,4,2,50.0
66,58,6,3,4,3,50.0
66,55,64,3,4,2,50.0
22,42,15,3,4,3,50.0
66,54,3,3,4,3,50.0
22,43,36,3,4,3,50.0
22,44,12,3,4,3,50.0
66,52,21,3,4,3,50.0
22,46,21,3,4,3,50.0
66,51,30,3,4,2,50.0
22,47,18,3,4,3,50.0
66,50,15,3,4,3,50.0
22,50,24,3,4,3,50.0
66,49,36,3,4,3,50.0
66,48,24,3,4,3,50.0
66,47,61,3,4,2,50.0
66,45,58,3,4,3,50.0
22,51,44,3,4,2,50.0
66,43,39,3,4,3,50.0
22,53,27,3,4,3,50.0
66,42,50,3,4,3,50.0
66,41,74,3,5,1,50.0
66,40,18,3,5,2,50.0
66,39,54,3,5,2,50.0
22,54,30,3,4,3,50.0
66,38,12,3,5,3,50.0
66,36,66,3,5,2,50.0
66,34,69,3,5,1,50.0
66,32,77,3,5,2,50.0
66,31,0,3,5,2,50.0
66,30,3,3,5,3,50.0
66,29,15,3,5,3,50.0
22,55,33,3,4,3,50.0
66,27,24,3,5,3,50.0
66,26,42,3,5,2,50.0
66,24,6,3,5,2,50.0
22,56,39,3,4,3,50.0
66,23,9,3,5,3,50.0
22,57,50,3,4,2,50.0
66,22,57,3,5,4,50.0
66,21,21,3,5,6,50.0
66,20,27,3,5,6,50.0
66,19,30,3,5,6,50.0
66,17,33,3,5,6,50.0
66,15,36,3,5,6,50.0
66,14,60,3,5,5,50.0
22,58,53,3,4,3,50.0
22,60,18,3,5,2,50.0
66,13,39,3,5,6,50.0
66,11,50,3,5,6,50.0
66,10,45,3,5,6,50.0
22,61,74,3,5,2,50.0
66,9,63,3,5,6,50.0
22,63,0,3,5,2,50.0
66,8,0,3,6,6,50.0
66,5,3,3,6,6,50.0
22,64,3,3,5,3,50.0
66,3,9,3,6,6,50.0
66,0,6,3,6,6,50.0
65,99,47,3,2,5,50.0
22,67,6,3,5,6,50.0
65,98,55,3,2,5,50.0
22,68,9,3,5,6,50.0
22,69,30,3,5,5,50.0
65,97,58,3,2,5,50.0
65,94,67,3,2,5,50.0
65,93,61,3,2,5,50.0
65,92,18,3,2,6,50.0
65,91,6,3,2,6,50.0
22,70,27,3,5,5,50.0
65,90,21,3,2,6,50.0
65,89,64,3,2,5,50.0
65,88,71,3,2,5,50.0
65,87,74,3,2,5,50.0
22,71,12,3,5,6,50.0
65,86,50,3,2,5,50.0
65,85,77,3,2,6,50.0
22,74,36,3,5,5,50.0
22,75,42,3,5,5,50.0
65,84,6,3,3,6,50.0
22,76,15,3,5,6,50.0
22,78,21,3,5,6,50.0
65,83,76,3,3,5,50.0
65,82,30,3,3,5,50.0
65,81,0,3,3,6,50.0
65,80,53,3,3,5,50.0
65,79,3,3,3,6,50.0
22,79,24,3,5,6,50.0
65,78,9,3,3,6,50.0
65,77,68,3,3,5,50.0
22,80,59,3,5,5,50.0
22,81,33,3,5,6,50.0
22,82,45,3,5,5,50.0
65,76,18,3,3,6,50.0
22,84,39,3,5,6,50.0
22,85,48,3,5,6,50.0
22,86,71,3,5,5,50.0
22,88,55,3,5,5,50.0
65,75,36,3,3,5,50.0
65,72,12,3,3,6,50.0
22,90,51,3,5,6,50.0
22,92,62,3,5,6,50.0
22,94,65,3,5,6,50.0
65,71,21,3,3,6,50.0
22,95,68,3,5,5,50.0
65,70,41,3,3,5,50.0
22,96,77,3,5,5,50.0
22,97,38,3,6,5,50.0
65,68,15,3,3,6,50.0
65,67,24,3,3,6,50.0
22,98,27,3,6,5,50.0
65,66,27,3,3,6,50.0
65,63,50,3,3,2,50.0
23,0,68,3,2,6,50.0
23,2,71,3,2,6,50.0
65,62,44,3,3,3,50.0
65,61,33,3,3,3,50.0
23,3,74,3,2,6,50.0
23,4,3,3,3,6,50.0
65,60,56,3,3,2,50.0
65,59,71,3,3,1,50.0
23,5,6,3,3,6,50.0
65,58,47,3,3,3,50.0
65,57,60,3,3,2,50.0
65,55,63,3,3,3,50.0
23,7,12,3,3,6,50.0
65,54,64,3,4,2,50.0
23,9,72,3,3,5,50.0
65,53,70,3,4,2,50.0
65,52,73,3,4,2,50.0
23,10,68,3,3,5,50.0
65,51,77,3,4,1,50.0
65,50,3,3,4,3,50.0
65,48,27,3,4,3,50.0
65,47,67,3,4,2,50.0
23,11,15,3,3,6,50.0
23,12,18,3,3,6,50.0
23,15,75,3,3,5,50.0
65,46,6,3,4,3,50.0
23,16,21,3,3,6,50.0
65,45,61,3,4,3,50.0
65,43,42,3,4,3,50.0
23,20,24,3,3,6,50.0
65,42,0,3,4,3,50.0
65,41,9,3,4,3,50.0
65,40,37,3,4,3,50.0
65,39,57,3,4,2,50.0
65,38,18,3,4,3,50.0
65,37,12,3,4,3,50.0
65,36,15,3,4,3,50.0
65,35,21,3,4,3,50.0
65,34,45,3,4,2,50.0
65,33,30,3,4,3,50.0
65,32,24,3,4,3,50.0
65,31,33,3,4,2,50.0
23,21,27,3,3,6,50.0
65,30,51,3,4,3,50.0
23,22,30,3,3,6,50.0
23,24,36,3,3,2,50.0
23,25,33,3,3,2,50.0
65,28,48,3,4,2,50.0
23,27,39,3,3,3,50.0
65,27,54,3,4,4,50.0
23,30,54,3,3,3,50.0
23,31,42,3,3,2,50.0
23,32,65,3,3,2,50.0
65,26,0,3,5,3,50.0
23,33,45,3,3,3,50.0
23,34,48,3,3,2,50.0
23,37,51,3,3,3,50.0
65,25,12,3,5,2,50.0
65,24,73,3,5,1,50.0
65,23,57,3,5,3,50.0
23,38,60,3,3,3,50.0
65,22,3,3,5,6,50.0
65,21,6,3,5,6,50.0
23,40,66,3,4,2,50.0
23,41,77,3,4,1,50.0
65,20,15,3,5,6,50.0
65,19,21,3,5,6,50.0
65,18,53,3,5,5,50.0
23,42,73,3,4,2,50.0
23,44,70,3,4,2,50.0
65,17,24,3,5,6,50.0
65,16,18,3,5,6,50.0
65,15,69,3,5,5,50.0
65,14,66,3,5,5,50.0
23,45,0,3,4,4,50.0
65,13,76,3,5,5,50.0
65,12,9,3,5,6,50.0
65,11,30,3,5,6,50.0
65,10,27,3,5,6,50.0
23,46,9,3,4,3,50.0
65,8,36,3,5,6,50.0
65,7,33,3,5,6,50.0
65,6,48,3,5,5,50.0
65,5,39,3,5,6,50.0
65,3,42,3,5,6,50.0
65,2,45,3,5,6,50.0
23,47,3,3,4,3,50.0
65,1,60,3,5,6,50.0
23,50,12,3,4,3,50.0
23,51,36,3,4,2,50.0
23,53,15,3,4,3,50.0
64,99,44,3,3,5,50.0
64,98,33,3,3,5,50.0
23,54,6,3,4,3,50.0
23,55,18,3,4,3,50.0
64,97,61,3,3,5,50.0
64,96,38,3,3,5,50.0
64,95,52,3,3,5,50.0
64,93,55,3,3,5,50.0
64,92,21,3,3,6,50.0
23,56,21,3,4,3,50.0
23,57,63,3,4,2,50.0
64,91,47,3,3,6,50.0
64,89,71,3,3,5,50.0
23,59,48,3,4,2,50.0
64,88,74,3,3,5,50.0
23,61,24,3,4,3,50.0
64,87,64,3,3,5,50.0
64,85,58,3,3,6,50.0
23,62,27,3,4,3,50.0
23,63,53,3,4,2,50.0
64,83,67,3,3,6,50.0
64,82,77,3,3,5,50.0
64,81,6,3,4,6,50.0
23,64,30,3,4,4,50.0
23,65,33,3,4,6,50.0
64,80,67,3,4,5,50.0
23,66,39,3,4,6,50.0
64,78,0,3,4,6,50.0
64,77,3,3,4,6,50.0
23,68,42,3,4,6,50.0
64,74,50,3,4,5,50.0
23,69,56,3,4,5,50.0
23,70,45,3,4,6,50.0
64,72,77,3,4,5,50.0
64,71,18,3,4,6,50.0
23,71,59,3,4,6,50.0
23,72,66,3,5,5,50.0
64,70,55,3,4,5,50.0
64,69,33,3,4,5,50.0
64,67,9,3,4,6,50.0
64,65,63,3,4,5,50.0
64,63,58,3,4,2,50.0
23,73,0,3,5,6,50.0
64,61,27,3,4,3,50.0
64,60,70,3,4,2,50.0
23,75,45,3,5,5,50.0
64,59,74,3,4,1,50.0
64,58,24,3,4,3,50.0
23,76,6,3,5,6,50.0
64,57,15,3,4,3,50.0
64,54,12,3,4,3,50.0
64,53,21,3,4,3,50.0
23,77,9,3,5,6,50.0
23,78,3,3,5,6,50.0
64,52,36,3,4,3,50.0
64,51,47,3,4,2,50.0
64,50,42,3,4,3,50.0
64,49,21,3,5,3,50.0
23,79,12,3,5,6,50.0
23,80,75,3,5,5,50.0
23,81,15,3,5,6,50.0
23,82,42,3,5,5,50.0
23,83,18,3,5,6,50.0
64,48,77,3,5,2,50.0
23,84,21,3,5,6,50.0
64,47,64,3,5,2,50.0
23,86,24,3,5,6,50.0
64,46,73,3,5,1,50.0
23,88,27,3,5,6,50.0
23,89,30,3,5,5,50.0
64,44,6,3,5,3,50.0
64,42,24,3,5,3,50.0
23,90,33,3,5,6,50.0
64,41,61,3,5,2,50.0
64,40,69,3,5,2,50.0
23,91,36,3,5,6,50.0
64,37,0,3,5,3,50.0
64,36,12,3,5,3,50.0
64,33,15,3,5,3,50.0
23,92,39,3,5,6,50.0
64,32,3,3,5,3,50.0
64,29,30,3,5,3,50.0
23,94,58,3,5,5,50.0
23,95,55,3,5,5,50.0
64,27,18,3,5,3,50.0
64,26,9,3,5,3,50.0
64,24,27,3,5,2,50.0
23,96,50,3,5,5,50.0
23,97,61,3,5,6,50.0
64,23,33,3,5,6,50.0
64,22,41,3,5,6,50.0
64,21,36,3,5,6,50.0
64,20,44,3,5,6,50.0
64,19,47,3,5,6,50.0
64,18,50,3,5,6,50.0
23,98,70,3,5,5,50.0
23,99,41,3,6,5,50.0
24,0,76,3,1,6,50.0
24,1,77,3,2,5,50.0
24,2,0,3,2,6,50.0
64,15,53,3,5,6,50.0
64,12,15,3,6,6,50.0
64,11,58,3,5,6,50.0
64,10,71,3,6,5,50.0
64,9,0,3,6,6,50.0
24,3,12,3,2,6,50.0
64,8,18,3,6,6,50.0
64,7,3,3,6,6,50.0
24,4,9,3,2,6,50.0
64,5,9,3,6,6,50.0
64,3,24,3,6,6,50.0
24,5,15,3,2,6,50.0
64,2,6,3,6,6,50.0
24,6,74,3,2,5,50.0
24,7,24,3,2,6,50.0
24,8,21,3,2,6,50.0
64,1,12,3,6,6,50.0
64,0,21,3,6,6,50.0
63,99,61,3,2,5,50.0
24,9,39,3,2,6,50.0
63,98,71,3,2,6,50.0
63,97,68,3,2,6,50.0
24,10,48,3,2,6,50.0
63,96,77,3,2,6,50.0
24,11,66,3,2,6,50.0
63,95,74,3,2,6,50.0
24,12,69,3,2,6,50.0
24,13,0,3,3,6,50.0
24,14,69,3,3,5,50.0
24,17,27,3,3,6,50.0
63,94,24,3,3,5,50.0
63,93,58,3,3,5,50.0
24,18,72,3,3,5,50.0
63,91,3,3,3,6,50.0
63,90,12,3,3,6,50.0
24,19,3,3,3,6,50.0
63,88,77,3,3,5,50.0
24,20,6,3,3,6,50.0
63,87,67,3,3,5,50.0
63,85,0,3,3,6,50.0
24,21,9,3,3,6,50.0
63,84,9,3,3,6,50.0
63,81,18,3,3,6,50.0
63,80,6,3,3,6,50.0
63,79,15,3,3,6,50.0
24,23,12,3,3,6,50.0
24,25,30,3,3,2,50.0
63,78,27,3,3,6,50.0
63,77,21,3,3,6,50.0
63,76,33,3,3,6,50.0
24,26,15,3,3,3,50.0
24,27,33,3,3,3,50.0
24,28,41,3,3,2,50.0
63,74,53,3,3,5,50.0
24,29,36,3,3,3,50.0
63,73,36,3,3,6,50.0
63,69,48,3,3,5,50.0
24,30,61,3,3,3,50.0
63,68,74,3,3,5,50.0
63,67,39,3,3,6,50.0
63,66,42,3,3,6,50.0
63,65,45,3,3,6,50.0
24,31,75,3,3,1,50.0
63,64,61,3,3,6,50.0
63,62,64,3,3,3,50.0
63,61,70,3,3,3,50.0
24,32,18,3,3,3,50.0
63,58,27,3,4,3,50.0
24,33,66,3,3,2,50.0
63,57,75,3,4,1,50.0
63,56,64,3,4,2,50.0
24,34,21,3,3,3,50.0
24,35,24,3,3,3,50.0
24,36,45,3,3,3,50.0
24,37,48,3,3,3,50.0
24,38,51,3,3,4,50.0
63,54,67,3,4,2,50.0
63,53,18,3,4,3,50.0
63,52,24,3,4,3,50.0
63,50,70,3,4,2,50.0
63,49,30,3,4,3,50.0
63,48,33,3,4,3,50.0
63,47,0,3,4,3,50.0
24,40,72,3,4,2,50.0
63,46,40,3,4,3,50.0
24,41,64,3,4,2,50.0
63,45,3,3,4,4,50.0
63,44,9,3,4,3,50.0
63,42,21,3,4,3,50.0
63,41,6,3,4,3,50.0
63,40,43,3,4,3,50.0
63,39,60,3,4,2,50.0
63,36,36,3,4,3,50.0
63,35,12,3,4,3,50.0
63,34,55,3,4,2,50.0
63,32,15,3,4,3,50.0
63,31,46,3,4,2,50.0
63,30,49,3,4,4,50.0
63,29,52,3,4,3,50.0
63,28,3,3,5,2,50.0
63,26,12,3,5,3,50.0
63,25,0,3,5,2,50.0
63,24,6,3,5,4,50.0
63,23,9,3,5,6,50.0
63,22,15,3,5,6,50.0
24,43,75,3,4,2,50.0
63,21,18,3,5,6,50.0
24,44,15,3,4,3,50.0
63,20,21,3,5,6,50.0
24,45,67,3,4,3,50.0
24,46,27,3,4,3,50.0
63,19,24,3,5,6,50.0
63,17,30,3,5,6,50.0
63,16,27,3,5,6,50.0
63,15,72,3,5,5,50.0
24,47,9,3,4,3,50.0
24,48,36,3,4,3,50.0
24,49,33,3,4,3,50.0
24,50,18,3,4,3,50.0
63,13,33,3,5,6,50.0
63,10,75,3,5,5,50.0
24,51,50,3,4,2,50.0
24,52,39,3,4,3,50.0
63,9,36,3,5,6,50.0
63,8,39,3,5,6,50.0
63,7,42,3,5,6,50.0
63,6,45,3,5,6,50.0
24,54,0,3,4,3,50.0
63,5,48,3,5,6,50.0
63,4,51,3,5,6,50.0
63,3,58,3,5,6,50.0
63,2,54,3,5,6,50.0
63,1,63,3,5,6,50.0
63,0,0,3,6,6,50.0
62,99,53,3,3,5,50.0
62,96,41,3,3,5,50.0
62,95,71,3,3,5,50.0
62,94,74,3,2,6,50.0
24,55,3,3,4,3,50.0
62,91,50,3,3,6,50.0
62,88,0,3,3,6,50.0
62,86,47,3,3,6,50.0
24,56,30,3,4,3,50.0
62,84,56,3,3,6,50.0
62,82,61,3,3,5,50.0
62,81,67,3,3,6,50.0
62,78,74,3,3,6,50.0
24,57,24,3,4,3,50.0
24,58,42,3,4,3,50.0
62,77,77,3,3,6,50.0
24,59,58,3,4,2,50.0
62,74,65,3,4,5,50.0
62,71,24,3,4,6,50.0
24,60,12,3,4,3,50.0
62,70,0,3,4,6,50.0
62,69,51,3,4,5,50.0
62,67,3,3,4,6,50.0
62,66,12,3,4,6,50.0
62,65,6,3,4,6,50.0
62,63,68,3,4,5,50.0
62,61,77,3,4,2,50.0
62,59,61,3,4,2,50.0
62,58,36,3,4,3,50.0
24,61,45,3,4,3,50.0
24,62,21,3,4,4,50.0
62,57,71,3,4,2,50.0
62,56,9,3,4,3,50.0
62,55,74,3,4,2,50.0
62,52,42,3,4,3,50.0
62,49,27,3,4,3,50.0
24,63,53,3,4,6,50.0
62,48,39,3,4,3,50.0
24,64,27,3,5,6,50.0
24,65,61,3,4,6,50.0
62,47,15,3,4,3,50.0
24,66,15,3,5,6,50.0
62,46,30,3,4,3,50.0
62,44,18,3,4,3,50.0
24,68,3,3,5,6,50.0
24,70,63,3,5,5,50.0
24,71,30,3,5,6,50.0
62,43,45,3,4,3,50.0
24,72,0,3,5,6,50.0
24,73,6,3,5,6,50.0
24,74,68,3,5,5,50.0
62,42,54,3,4,3,50.0
62,41,33,3,4,3,50.0
62,40,48,3,4,4,50.0
24,75,48,3,5,5,50.0
62,38,57,3,4,3,50.0
24,76,21,3,5,6,50.0
62,34,36,3,5,2,50.0
24,77,12,3,5,6,50.0
24,78,18,3,5,6,50.0
62,32,68,3,5,2,50.0
62,30,0,3,5,2,50.0
62,29,33,3,5,3,50.0
24,79,9,3,5,6,50.0
62,28,6,3,5,2,50.0
62,27,3,3,5,3,50.0
62,25,43,3,5,2,50.0
24,80,24,3,5,6,50.0
24,81,36,3,5,6,50.0
62,23,15,3,5,6,50.0
24,82,33,3,5,6,50.0
62,22,9,3,5,6,50.0
62,19,12,3,5,6,50.0
62,18,18,3,5,6,50.0
24,83,39,3,5,6,50.0
24,84,42,3,5,6,50.0
62,17,39,3,5,6,50.0
24,85,45,3,5,6,50.0
24,87,77,3,5,5,50.0
24,89,74,3,5,5,50.0
62,16,24,3,5,6,50.0
62,15,21,3,5,6,50.0
62,14,72,3,5,5,50.0
62,11,61,3,5,6,50.0
62,9,27,3,5,6,50.0
62,8,30,3,5,6,50.0
62,7,46,3,5,6,50.0
62,6,49,3,5,6,50.0
24,91,53,3,5,6,50.0
24,92,56,3,5,6,50.0
24,93,59,3,5,6,50.0
24,95,71,3,5,6,50.0
62,5,52,3,5,6,50.0
62,4,55,3,5,6,50.0
24,96,6,3,6,5,50.0
62,0,64,3,5,6,50.0
61,99,3,3,3,6,50.0
61,98,36,3,3,5,50.0
61,96,53,3,3,5,50.0
61,95,39,3,3,5,50.0
24,97,44,3,6,5,50.0
24,98,39,3,6,5,50.0
24,99,0,3,6,6,50.0
25,0,36,3,2,6,50.0
61,92,9,3,3,6,50.0
61,89,77,3,3,5,50.0
25,2,48,3,2,6,50.0
61,88,6,3,3,6,50.0
61,87,30,3,3,6,50.0
25,3,61,3,2,6,50.0
61,86,42,3,3,6,50.0
61,82,48,3,3,5,50.0
25,5,69,3,2,6,50.0
61,81,56,3,3,6,50.0
25,6,64,3,2,6,50.0
61,79,59,3,3,6,50.0
25,7,74,3,2,6,50.0
61,77,62,3,3,6,50.0
25,8,77,3,2,6,50.0
25,9,3,3,3,6,50.0
25,11,0,3,3,6,50.0
25,12,21,3,3,6,50.0
25,13,6,3,3,6,50.0
25,14,75,3,3,5,50.0
61,76,65,3,3,6,50.0
61,75,73,3,3,6,50.0
61,74,71,3,4,5,50.0
61,73,3,3,4,6,50.0
25,16,15,3,3,6,50.0
25,17,36,3,3,6,50.0
61,72,6,3,4,6,50.0
61,71,27,3,4,6,50.0
25,18,68,3,3,5,50.0
61,70,9,3,4,6,50.0
61,68,12,3,4,6,50.0
61,67,0,3,4,6,50.0
25,19,27,3,3,6,50.0
25,20,12,3,3,6,50.0
61,65,15,3,4,6,50.0
25,22,18,3,3,6,50.0
61,64,30,3,4,6,50.0
25,23,24,3,3,6,50.0
61,63,18,3,4,6,50.0
61,60,67,3,4,2,50.0
25,24,9,3,3,6,50.0
61,59,64,3,4,2,50.0
25,26,30,3,3,3,50.0
61,58,50,3,4,3,50.0
61,57,74,3,4,2,50.0
61,55,21,3,4,3,50.0
61,54,77,3,4,2,50.0
61,53,24,3,4,3,50.0
61,51,56,3,4,2,50.0
61,50,33,3,4,3,50.0
61,49,39,3,4,3,50.0
25,27,42,3,3,3,50.0
25,30,33,3,3,3,50.0
61,46,47,3,4,3,50.0
25,31,71,3,3,1,50.0
61,45,36,3,4,4,50.0
61,44,42,3,4,3,50.0
25,32,39,3,3,3,50.0
61,43,61,3,4,3,50.0
61,42,53,3,4,4,50.0
61,41,67,3,5,2,50.0
25,33,48,3,3,3,50.0
61,40,75,3,5,2,50.0
61,39,70,3,5,2,50.0
61,38,21,3,5,3,50.0
25,34,61,3,3,2,50.0
25,35,45,3,3,3,50.0
61,36,18,3,5,3,50.0
25,36,51,3,3,3,50.0
61,34,42,3,5,2,50.0
61,33,0,3,5,3,50.0
25,37,64,3,3,3,50.0
61,30,6,3,5,3,50.0
61,28,33,3,5,2,50.0
25,38,24,3,4,3,50.0
61,26,3,3,5,3,50.0
25,39,66,3,4,2,50.0
25,40,0,3,4,3,50.0
25,41,70,3,4,2,50.0
61,24,12,3,5,6,50.0
61,22,24,3,5,6,50.0
25,42,27,3,4,3,50.0
61,21,15,3,5,6,50.0
61,19,36,3,5,6,50.0
25,43,73,3,4,3,50.0
25,44,76,3,4,2,50.0
61,18,9,3,5,6,50.0
25,45,6,3,4,4,50.0
61,16,30,3,5,6,50.0
25,46,33,3,4,3,50.0
25,47,12,3,4,3,50.0
61,15,27,3,5,6,50.0
25,49,52,3,4,3,50.0
61,12,39,3,5,6,50.0
61,11,3,3,6,6,50.0
25,50,21,3,4,3,50.0
61,9,45,3,5,6,50.0
61,7,49,3,5,6,50.0
61,5,55,3,5,6,50.0
61,3,52,3,5,6,50.0
61,2,58,3,5,6,50.0
25,51,3,3,4,3,50.0
61,0,61,3,5,6,50.0
25,52,45,3,4,3,50.0
25,53,36,3,4,3,50.0
25,54,9,3,4,3,50.0
60,99,77,3,2,6,50.0
60,97,74,3,2,6,50.0
60,96,15,3,3,5,50.0
60,95,27,3,3,5,50.0
60,94,33,3,3,5,50.0
60,93,0,3,3,6,50.0
25,55,15,3,4,3,50.0
60,92,3,3,3,6,50.0
60,91,9,3,3,6,50.0
60,90,24,3,3,6,50.0
25,56,18,3,4,3,50.0
60,89,6,3,3,6,50.0
25,57,30,3,4,3,50.0
25,58,56,3,4,3,50.0
60,88,18,3,3,6,50.0
25,59,39,3,4,3,50.0
60,87,21,3,3,6,50.0
25,62,42,3,4,6,50.0
60,86,30,3,3,6,50.0
60,85,36,3,3,6,50.0
60,84,45,3,3,6,50.0
25,63,48,3,4,6,50.0
25,64,33,3,5,6,50.0
60,83,42,3,3,6,50.0
60,82,64,3,3,5,50.0
60,81,48,3,3,6,50.0
60,80,39,3,3,6,50.0
25,65,0,3,5,6,50.0
25,66,59,3,4,6,50.0
60,79,51,3,3,6,50.0
60,77,54,3,3,6,50.0
60,75,61,3,3,5,50.0
60,74,74,3,3,5,50.0
25,67,62,3,4,6,50.0
25,68,6,3,5,6,50.0
25,69,66,3,5,5,50.0
60,73,67,3,3,6,50.0
60,72,70,3,3,6,50.0
60,71,77,3,3,6,50.0
60,70,3,3,4,6,50.0
60,69,69,3,4,5,50.0
60,68,18,3,4,6,50.0
25,70,12,3,5,6,50.0
25,71,36,3,5,6,50.0
60,67,12,3,4,6,50.0
60,65,9,3,4,6,50.0
60,64,36,3,4,6,50.0
25,73,9,3,5,6,50.0
60,63,6,3,4,6,50.0
60,61,64,3,4,5,50.0
60,59,72,3,4,2,50.0
60,58,59,3,4,3,50.0
60,57,77,3,4,2,50.0
25,74,77,3,5,5,50.0
60,56,0,3,4,3,50.0
60,55,24,3,4,3,50.0
25,75,51,3,5,5,50.0
25,77,15,3,5,6,50.0
60,54,15,3,4,3,50.0
60,53,33,3,4,3,50.0
60,51,21,3,4,3,50.0
25,78,24,3,5,6,50.0
60,50,27,3,4,3,50.0
60,48,42,3,4,3,50.0
25,79,18,3,5,6,50.0
25,80,3,3,5,6,50.0
25,81,21,3,5,6,50.0
25,82,69,3,5,5,50.0
25,83,27,3,5,6,50.0
60,47,30,3,4,3,50.0
60,45,39,3,4,4,50.0
60,44,45,3,4,3,50.0
25,84,30,3,5,6,50.0
60,43,48,3,4,4,50.0
60,42,56,3,4,4,50.0
60,41,51,3,4,3,50.0
25,85,39,3,5,6,50.0
60,40,3,3,5,3,50.0
25,86,54,3,5,6,50.0
60,39,73,3,5,2,50.0
60,37,76,3,5,2,50.0
60,36,24,3,5,3,50.0
60,35,68,3,5,2,50.0
60,34,58,3,5,2,50.0
60,33,6,3,5,3,50.0
60,32,0,3,5,3,50.0
25,87,42,3,5,6,50.0
60,31,18,3,5,2,50.0
25,88,45,3,5,6,50.0
60,30,12,3,5,3,50.0
25,89,48,3,5,6,50.0
25,91,57,3,5,6,50.0
25,93,72,3,5,6,50.0
25,94,60,3,5,6,50.0
60,29,39,3,5,3,50.0
60,28,51,3,5,2,50.0
25,95,63,3,5,6,50.0
60,27,15,3,5,3,50.0
25,96,24,3,6,5,50.0
25,97,0,3,6,6,50.0
25,98,47,3,6,5,50.0
26,1,21,3,3,6,50.0
26,2,24,3,3,6,50.0
26,3,33,3,3,6,50.0
60,26,27,3,5,3,50.0
60,25,9,3,5,6,50.0
60,22,21,3,5,6,50.0
60,21,30,3,5,6,50.0
26,4,36,3,3,6,50.0
60,19,33,3,5,6,50.0
60,18,36,3,5,6,50.0
60,17,42,3,5,6,50.0
26,5,42,3,3,6,50.0
60,16,45,3,5,6,50.0
60,14,48,3,5,6,50.0
60,13,54,3,5,6,50.0
26,6,39,3,3,6,50.0
26,8,45,3,3,6,50.0
60,12,61,3,5,6,50.0
60,11,6,3,6,6,50.0
26,12,48,3,3,6,50.0
60,10,64,3,5,6,50.0
60,9,9,3,6,6,50.0
60,8,24,3,6,6,50.0
26,13,51,3,3,6,50.0
26,14,54,3,3,6,50.0
60,7,15,3,6,6,50.0
60,5,0,3,6,6,50.0
26,15,57,3,3,6,50.0
60,4,12,3,6,6,50.0
26,16,60,3,3,6,50.0
60,3,3,3,6,6,50.0
60,1,18,3,6,6,50.0
26,17,66,3,3,6,50.0
60,0,27,3,6,6,50.0
59,99,6,3,3,6,50.0
59,98,58,3,3,5,50.0
26,18,69,3,3,6,50.0
59,97,77,3,2,6,50.0
26,19,72,3,3,6,50.0
59,96,67,3,2,6,50.0
26,20,75,3,3,6,50.0
59,95,33,3,3,5,50.0
59,94,36,3,3,5,50.0
59,92,0,3,3,6,50.0
59,91,12,3,3,6,50.0
59,90,3,3,3,6,50.0
59,89,9,3,3,6,50.0
26,21,0,3,4,6,50.0
26,22,6,3,4,6,50.0
26,23,3,3,4,6,50.0
26,25,12,3,4,6,50.0
59,88,15,3,3,6,50.0
26,27,27,3,4,3,50.0
26,28,54,3,4,2,50.0
59,87,24,3,3,5,50.0
26,30,69,3,4,2,50.0
59,86,21,3,3,6,50.0
26,31,30,3,4,2,50.0
26,32,72,3,4,2,50.0
26,34,75,3,4,2,50.0
59,85,27,3,3,6,50.0
59,84,53,3,3,6,50.0
59,83,30,3,3,6,50.0
59,82,42,3,3,6,50.0
59,80,45,3,3,6,50.0
59,79,48,3,3,6,50.0
59,78,61,3,3,6,50.0
26,36,33,3,4,3,50.0
59,77,65,3,3,6,50.0
26,37,9,3,4,3,50.0
59,76,68,3,3,6,50.0
59,75,71,3,3,5,50.0
59,74,74,3,3,6,50.0
59,73,77,3,3,6,50.0
59,72,3,3,4,6,50.0
26,38,36,3,4,3,50.0
26,39,15,3,4,3,50.0
59,71,33,3,4,6,50.0
59,70,6,3,4,6,50.0
59,69,72,3,4,5,50.0
59,68,21,3,4,6,50.0
26,40,40,3,4,3,50.0
26,41,18,3,4,3,50.0
59,66,18,3,4,6,50.0
26,42,43,3,4,3,50.0
59,65,12,3,4,6,50.0
59,64,39,3,4,6,50.0
59,62,58,3,4,5,50.0
59,61,0,3,4,6,50.0
59,60,30,3,4,6,50.0
26,43,64,3,4,3,50.0
59,58,62,3,4,3,50.0
59,57,66,3,4,2,50.0
26,44,21,3,4,3,50.0
26,46,50,3,4,3,50.0
26,47,24,3,4,3,50.0
59,56,69,3,4,2,50.0
59,55,9,3,4,3,50.0
59,54,24,3,4,3,50.0
26,48,46,3,4,3,50.0
59,53,75,3,4,2,50.0
26,51,57,3,4,3,50.0
26,52,60,3,4,4,50.0
59,51,15,3,4,3,50.0
59,50,36,3,4,3,50.0
26,53,39,3,5,3,50.0
59,49,55,3,4,3,50.0
59,48,49,3,4,3,50.0
59,47,27,3,4,3,50.0
59,46,42,3,4,4,50.0
59,44,52,3,4,3,50.0
59,43,45,3,4,4,50.0
26,54,70,3,5,2,50.0
59,42,30,3,5,3,50.0
59,41,73,3,5,2,50.0
26,55,67,3,5,2,50.0
26,57,0,3,5,3,50.0
26,59,3,3,5,5,50.0
26,60,21,3,5,6,50.0
26,61,6,3,5,6,50.0
59,40,6,3,5,3,50.0
26,62,75,3,5,5,50.0
26,63,9,3,5,6,50.0
26,65,18,3,5,6,50.0
59,39,76,3,5,2,50.0
59,38,33,3,5,3,50.0
26,66,24,3,5,6,50.0
59,37,15,3,5,3,50.0
26,67,15,3,5,6,50.0
59,36,39,3,5,3,50.0
59,35,0,3,5,3,50.0
26,69,12,3,5,6,50.0
59,34,67,3,5,2,50.0
59,33,12,3,5,3,50.0
26,70,27,3,5,6,50.0
26,71,42,3,5,6,50.0
26,73,30,3,5,6,50.0
59,32,9,3,5,3,50.0
59,31,36,3,5,2,50.0
26,76,36,3,5,6,50.0
59,30,27,3,5,3,50.0
59,29,46,3,5,3,50.0
26,77,33,3,5,6,50.0
59,28,57,3,5,2,50.0
59,27,49,3,5,3,50.0
59,25,18,3,5,6,50.0
26,78,45,3,5,6,50.0
59,24,21,3,5,6,50.0
59,23,52,3,5,6,50.0
26,79,54,3,5,6,50.0
59,22,60,3,5,6,50.0
59,21,24,3,5,6,50.0
26,80,48,3,5,6,50.0
26,81,51,3,5,6,50.0
59,20,63,3,5,6,50.0
26,84,59,3,5,6,50.0
59,19,0,3,6,6,50.0
26,85,62,3,5,6,50.0
26,87,0,3,6,6,50.0
26,88,3,3,6,6,50.0
59,18,42,3,5,6,50.0
26,89,12,3,6,6,50.0
59,17,70,3,5,6,50.0
26,90,30,3,6,6,50.0
59,16,3,3,6,6,50.0
26,92,15,3,6,6,50.0
26,93,6,3,6,6,50.0
26,94,70,3,6,5,50.0
59,14,6,3,6,6,50.0
59,13,9,3,6,6,50.0
59,10,12,3,6,6,50.0
59,9,15,3,6,6,50.0
26,95,64,3,6,5,50.0
59,8,27,3,6,6,50.0
59,7,18,3,6,6,50.0
59,6,21,3,6,6,50.0
59,5,30,3,6,6,50.0
26,96,27,3,6,5,50.0
26,98,61,3,6,5,50.0
26,99,9,3,6,6,50.0
59,4,24,3,6,6,50.0
59,3,36,3,6,6,50.0
27,1,0,3,3,6,50.0
59,1,39,3,6,6,50.0
59,0,33,3,6,6,50.0
58,99,65,3,3,6,50.0
58,98,64,3,4,5,50.0
58,97,3,3,4,6,50.0
27,2,12,3,3,6,50.0
58,96,71,3,3,5,50.0
58,95,68,3,3,6,50.0
58,93,9,3,4,6,50.0
58,91,74,3,3,6,50.0
27,3,30,3,3,6,50.0
27,5,63,3,3,6,50.0
58,88,77,3,3,6,50.0
58,87,6,3,4,6,50.0
58,86,0,3,4,6,50.0
27,6,55,3,3,6,50.0
58,84,12,3,4,6,50.0
58,81,24,3,4,6,50.0
58,80,15,3,4,6,50.0
58,79,21,3,4,6,50.0
27,7,66,3,3,6,50.0
27,8,69,3,3,6,50.0
27,9,72,3,3,6,50.0
27,10,75,3,3,6,50.0
27,12,30,3,4,6,50.0
58,78,35,3,4,6,50.0
58,77,18,3,4,6,50.0
58,76,27,3,4,6,50.0
58,75,58,3,4,5,50.0
27,13,3,3,4,6,50.0
58,74,30,3,4,6,50.0
58,73,39,3,4,6,50.0
58,72,42,3,4,6,50.0
58,71,45,3,4,6,50.0
27,15,0,3,4,6,50.0
27,16,33,3,4,6,50.0
58,69,48,3,4,6,50.0
27,17,45,3,4,6,50.0
58,68,51,3,4,6,50.0
27,18,6,3,4,6,50.0
58,65,54,3,4,6,50.0
58,64,67,3,4,6,50.0
58,63,61,3,4,6,50.0
27,21,12,3,4,6,50.0
27,23,18,3,4,6,50.0
27,24,15,3,4,6,50.0
58,62,70,3,4,6,50.0
58,60,73,3,4,6,50.0
58,59,76,3,4,6,50.0
58,57,3,3,5,3,50.0
58,55,70,3,5,2,50.0
27,25,21,3,4,6,50.0
58,54,73,3,5,2,50.0
27,26,24,3,4,6,50.0
58,52,76,3,5,2,50.0
27,28,60,3,4,2,50.0
58,50,30,3,5,3,50.0
58,48,52,3,5,3,50.0
58,47,6,3,5,3,50.0
27,29,49,3,4,3,50.0
27,30,39,3,4,3,50.0
58,42,46,3,5,3,50.0
58,41,0,3,5,3,50.0
58,39,9,3,5,3,50.0
27,31,68,3,4,1,50.0
58,37,18,3,5,3,50.0
27,32,27,3,4,3,50.0
27,34,71,3,4,2,50.0
58,36,55,3,5,3,50.0
58,33,27,3,5,3,50.0
58,32,12,3,5,3,50.0
27,35,77,3,4,2,50.0
27,37,42,3,4,3,50.0
58,31,39,3,5,2,50.0
58,29,58,3,5,3,50.0
58,27,36,3,5,4,50.0
58,25,15,3,5,6,50.0
27,38,63,3,4,3,50.0
58,23,21,3,5,6,50.0
27,39,57,3,4,3,50.0
58,22,33,3,5,6,50.0
27,41,74,3,4,3,50.0
58,20,49,3,5,6,50.0
58,19,64,3,5,6,50.0
58,18,24,3,5,6,50.0
58,16,42,3,5,6,50.0
58,15,61,3,5,6,50.0
58,14,67,3,5,6,50.0
58,12,33,3,6,6,50.0
58,8,42,3,6,6,50.0
58,7,6,3,6,6,50.0
58,6,0,3,6,6,50.0
58,5,12,3,6,6,50.0
27,43,9,3,4,4,50.0
58,4,15,3,6,6,50.0
58,0,3,3,6,6,50.0
57,98,6,3,3,6,50.0
57,97,9,3,3,6,50.0
27,45,64,3,5,3,50.0
57,96,61,3,3,5,50.0
57,94,18,3,3,6,50.0
27,46,70,3,5,2,50.0
57,93,27,3,3,6,50.0
57,91,33,3,3,6,50.0
27,47,73,3,5,2,50.0
27,48,55,3,5,3,50.0
57,85,42,3,3,6,50.0
27,49,58,3,5,3,50.0
57,84,36,3,3,6,50.0
57,83,48,3,3,6,50.0
57,82,39,3,3,6,50.0
27,50,76,3,5,2,50.0
57,81,64,3,3,6,50.0
57,80,51,3,3,6,50.0
57,79,67,3,3,6,50.0
57,78,54,3,3,6,50.0
57,77,57,3,3,6,50.0
57,76,74,3,3,6,50.0
27,51,67,3,5,2,50.0
57,75,77,3,3,5,50.0
27,52,0,3,5,4,50.0
27,53,42,3,5,3,50.0
57,74,70,3,3,6,50.0
27,54,18,3,5,3,50.0
27,57,3,3,5,4,50.0
57,72,9,3,4,6,50.0
27,58,9,3,5,6,50.0
57,71,39,3,4,6,50.0
57,70,15,3,4,6,50.0
27,60,33,3,5,6,50.0
27,62,6,3,5,6,50.0
27,64,45,3,5,6,50.0
57,69,0,3,4,6,50.0
57,68,24,3,4,6,50.0
57,67,18,3,4,6,50.0
27,65,21,3,5,6,50.0
27,66,30,3,5,6,50.0
57,66,21,3,4,6,50.0
57,64,42,3,4,6,50.0
27,67,27,3,5,6,50.0
57,63,12,3,4,6,50.0
57,62,27,3,4,6,50.0
57,60,36,3,4,6,50.0
27,68,36,3,5,6,50.0
57,58,30,3,4,6,50.0
27,69,15,3,5,6,50.0
27,70,24,3,5,6,50.0
27,71,48,3,5,6,50.0
57,56,77,3,4,2,50.0
27,72,39,3,5,6,50.0
27,74,12,3,5,6,50.0
57,54,33,3,4,3,50.0
57,53,50,3,4,3,50.0
27,75,51,3,5,6,50.0
57,52,53,3,4,3,50.0
27,76,61,3,5,6,50.0
57,51,70,3,4,1,50.0
27,80,0,3,6,6,50.0
27,81,9,3,6,6,50.0
57,50,73,3,4,2,50.0
57,49,61,3,4,3,50.0
57,48,58,3,4,3,50.0
57,47,45,3,4,3,50.0
27,82,3,3,6,6,50.0
27,83,6,3,6,6,50.0
27,85,12,3,6,6,50.0
57,45,64,3,4,4,50.0
27,86,15,3,6,6,50.0
57,44,67,3,4,3,50.0
27,87,18,3,6,6,50.0
57,41,6,3,4,4,50.0
57,40,9,3,5,3,50.0
57,38,30,3,5,3,50.0
27,88,21,3,6,6,50.0
57,37,3,3,5,3,50.0
57,36,74,3,5,2,50.0
57,35,71,3,5,2,50.0
27,89,24,3,6,6,50.0
57,34,0,3,5,3,50.0
57,33,77,3,5,2,50.0
27,90,36,3,6,6,50.0
27,91,27,3,6,6,50.0
57,32,6,3,5,3,50.0
57,30,15,3,5,3,50.0
27,92,30,3,6,6,50.0
27,95,33,3,6,6,50.0
57,28,63,3,5,2,50.0
57,27,39,3,5,6,50.0
57,26,18,3,5,6,50.0
57,25,27,3,5,6,50.0
57,24,24,3,5,6,50.0
27,96,42,3,6,6,50.0
27,97,45,3,6,6,50.0
27,98,48,3,6,6,50.0
57,23,36,3,5,6,50.0
27,99,51,3,6,6,50.0
57,21,42,3,5,6,50.0
57,19,50,3,5,6,50.0
28,1,69,3,2,6,50.0
28,2,74,3,2,6,50.0
28,3,77,3,2,6,50.0
57,18,12,3,5,6,50.0
28,4,0,3,3,6,50.0
57,17,53,3,5,6,50.0
57,16,56,3,5,6,50.0
57,15,33,3,5,6,50.0
28,5,18,3,3,6,50.0
28,6,3,3,3,6,50.0
57,14,21,3,5,6,50.0
28,7,9,3,3,6,50.0
28,8,48,3,3,6,50.0
57,12,45,3,5,6,50.0
57,11,9,3,6,6,50.0
57,9,59,3,5,6,50.0
57,8,66,3,5,6,50.0
28,11,12,3,3,6,50.0
57,7,27,3,6,6,50.0
57,5,21,3,6,6,50.0
57,4,6,3,6,6,50.0
28,12,36,3,3,6,50.0
57,0,15,3,6,6,50.0
28,13,15,3,3,6,50.0
56,98,15,3,3,6,50.0
56,97,6,3,3,6,50.0
56,96,27,3,3,6,50.0
28,14,24,3,3,6,50.0
56,94,33,3,3,6,50.0
28,15,6,3,3,6,50.0
56,91,42,3,3,6,50.0
56,90,45,3,3,6,50.0
28,16,39,3,3,6,50.0
28,17,60,3,3,6,50.0
56,89,36,3,3,6,50.0
56,88,48,3,3,6,50.0
56,84,62,3,3,6,50.0
56,83,51,3,3,6,50.0
56,82,54,3,3,6,50.0
56,80,65,3,3,6,50.0
56,79,70,3,3,6,50.0
56,77,73,3,3,6,50.0
56,76,77,3,3,6,50.0
56,71,51,3,4,6,50.0
28,18,21,3,3,6,50.0
28,19,53,3,3,6,50.0
56,69,3,3,4,6,50.0
28,20,33,3,3,6,50.0
28,21,45,3,3,6,50.0
28,22,56,3,3,6,50.0
56,68,27,3,4,6,50.0
56,65,24,3,4,6,50.0
28,23,27,3,3,6,50.0
28,24,30,3,3,6,50.0
56,64,48,3,4,6,50.0
28,25,42,3,3,6,50.0
28,26,67,3,3,6,50.0
56,62,0,3,4,6,50.0
28,27,63,3,3,6,50.0
56,61,9,3,4,6,50.0
28,29,70,3,3,3,50.0
56,60,39,3,4,6,50.0
56,58,18,3,4,6,50.0
56,57,12,3,4,6,50.0
28,30,73,3,3,3,50.0
56,55,6,3,4,3,50.0
28,31,76,3,3,2,50.0
56,54,21,3,4,3,50.0
28,32,21,3,4,3,50.0
56,52,56,3,4,3,50.0
28,33,73,3,4,2,50.0
28,34,3,3,4,3,50.0
56,51,64,3,4,2,50.0
56,50,45,3,4,3,50.0
56,49,71,3,4,3,50.0
28,35,9,3,4,3,50.0
56,48,61,3,4,3,50.0
56,47,76,3,4,2,50.0
28,36,77,3,4,2,50.0
28,37,27,3,4,3,50.0
28,38,39,3,4,3,50.0
28,39,0,3,4,3,50.0
28,40,51,3,4,3,50.0
56,46,67,3,4,3,50.0
56,44,30,3,4,3,50.0
28,41,12,3,4,3,50.0
56,42,15,3,4,4,50.0
28,43,67,3,4,3,50.0
56,41,42,3,4,3,50.0
28,45,70,3,4,3,50.0
28,46,54,3,4,3,50.0
56,40,33,3,4,4,50.0
28,47,33,3,4,3,50.0
56,39,36,3,4,3,50.0
56,38,42,3,5,3,50.0
28,48,64,3,4,3,50.0
56,37,21,3,5,3,50.0
56,36,30,3,5,3,50.0
56,34,6,3,5,3,50.0
56,33,18,3,5,3,50.0
56,32,33,3,5,3,50.0
56,29,55,3,5,3,50.0
56,27,58,3,5,6,50.0
28,49,6,3,4,4,50.0
56,26,36,3,5,6,50.0
28,51,18,3,4,3,50.0
28,53,57,3,4,3,50.0
56,25,3,3,5,6,50.0
28,55,30,3,4,3,50.0
56,24,27,3,5,6,50.0
28,56,15,3,4,5,50.0
56,23,0,3,5,6,50.0
28,57,24,3,4,6,50.0
56,21,39,3,5,6,50.0
56,19,67,3,5,6,50.0
28,58,36,3,4,6,50.0
56,18,45,3,5,6,50.0
28,60,42,3,4,6,50.0
56,17,48,3,5,6,50.0
56,16,51,3,5,6,50.0
56,15,9,3,5,6,50.0
56,14,12,3,5,6,50.0
56,13,24,3,5,6,50.0
28,61,45,3,4,6,50.0
56,10,61,3,5,6,50.0
56,9,75,3,5,6,50.0
56,8,72,3,5,6,50.0
28,62,48,3,4,6,50.0
56,7,30,3,6,6,50.0
56,6,6,3,6,6,50.0
56,5,27,3,6,6,50.0
56,4,18,3,6,6,50.0
28,63,3,3,5,6,50.0
28,64,51,3,5,6,50.0
28,65,27,3,5,6,50.0
56,2,64,3,5,6,50.0
56,1,3,3,6,6,50.0
56,0,9,3,6,6,50.0
28,66,33,3,5,6,50.0
55,98,0,3,3,6,50.0
55,97,12,3,3,6,50.0
28,67,21,3,5,6,50.0
55,96,36,3,3,6,50.0
55,95,27,3,3,6,50.0
55,93,39,3,3,6,50.0
55,92,42,3,3,6,50.0
55,91,60,3,3,6,50.0
28,68,60,3,4,6,50.0
28,69,6,3,5,6,50.0
28,70,18,3,5,6,50.0
55,90,48,3,3,6,50.0
55,89,45,3,3,6,50.0
55,87,51,3,3,6,50.0
55,86,57,3,3,6,50.0
28,71,54,3,5,6,50.0
55,84,66,3,3,6,50.0
55,83,54,3,3,6,50.0
55,82,69,3,3,6,50.0
55,81,72,3,3,6,50.0
55,79,75,3,3,6,50.0
55,76,0,3,4,6,50.0
28,72,15,3,5,6,50.0
28,74,0,3,5,6,50.0
55,75,64,3,4,5,50.0
28,75,67,3,5,5,50.0
55,74,3,3,4,6,50.0
28,78,12,3,5,6,50.0
28,79,30,3,5,6,50.0
55,73,12,3,4,6,50.0
55,70,30,3,4,6,50.0
28,80,9,3,5,6,50.0
55,69,9,3,4,6,50.0
28,81,44,3,5,6,50.0
55,68,33,3,4,6,50.0
55,67,36,3,4,6,50.0
28,82,24,3,5,6,50.0
55,66,45,3,4,6,50.0
55,65,39,3,4,6,50.0
55,64,54,3,4,6,50.0
55,63,15,3,4,6,50.0
28,83,36,3,5,6,50.0
55,61,18,3,4,6,50.0
55,60,48,3,4,6,50.0
55,59,42,3,4,6,50.0
55,58,21,3,4,6,50.0
55,56,24,3,4,6,50.0
55,54,27,3,4,3,50.0
55,53,60,3,4,3,50.0
55,52,67,3,4,3,50.0
28,84,70,3,5,6,50.0
55,51,70,3,4,2,50.0
28,85,73,3,5,6,50.0
55,50,51,3,4,3,50.0
28,86,39,3,5,6,50.0
55,48,73,3,4,3,50.0
55,47,57,3,4,3,50.0
28,87,47,3,5,6,50.0
55,46,76,3,4,2,50.0
55,45,6,3,4,5,50.0
28,88,57,3,5,6,50.0
55,43,71,3,5,2,50.0
28,89,60,3,5,6,50.0
55,41,76,3,5,2,50.0
55,40,59,3,5,3,50.0
28,90,63,3,5,6,50.0
28,91,77,3,5,6,50.0
28,92,12,3,6,6,50.0
28,93,3,3,6,6,50.0
28,94,0,3,6,6,50.0
55,39,3,3,5,3,50.0
55,37,30,3,5,3,50.0
55,36,48,3,5,3,50.0
28,95,6,3,6,6,50.0
28,96,9,3,6,6,50.0
55,35,15,3,5,3,50.0
28,97,15,3,6,6,50.0
28,98,18,3,6,6,50.0
55,34,9,3,5,3,50.0
28,99,21,3,6,6,50.0
55,33,33,3,5,3,50.0
55,32,42,3,5,3,50.0
55,31,6,3,5,2,50.0
55,30,0,3,5,3,50.0
55,29,62,3,5,3,50.0
29,0,73,3,3,6,50.0
29,1,66,3,3,6,50.0
55,28,24,3,5,6,50.0
29,3,0,3,4,6,50.0
55,27,54,3,5,6,50.0
55,25,36,3,5,6,50.0
55,24,18,3,5,6,50.0
55,23,45,3,5,6,50.0
55,22,12,3,5,6,50.0
55,18,27,3,5,6,50.0
29,5,76,3,3,6,50.0
55,17,63,3,6,6,50.0
29,6,9,3,4,6,50.0
29,9,6,3,4,6,50.0
29,10,3,3,4,6,50.0
55,16,65,3,5,6,50.0
29,11,18,3,4,6,50.0
55,15,39,3,5,6,50.0
29,13,12,3,4,6,50.0
29,14,15,3,4,6,50.0
29,15,24,3,4,6,50.0
55,14,51,3,5,6,50.0
55,13,21,3,5,6,50.0
55,12,51,3,6,6,50.0
55,10,68,3,5,6,50.0
55,9,12,3,6,6,50.0
29,17,73,3,4,6,50.0
29,18,30,3,4,6,50.0
29,20,36,3,4,6,50.0
55,8,55,3,6,6,50.0
55,6,18,3,6,6,50.0
55,5,33,3,6,6,50.0
55,4,21,3,6,6,50.0
55,3,15,3,6,6,50.0
29,21,48,3,4,6,50.0
55,2,9,3,6,6,50.0
54,99,36,3,3,6,50.0
54,98,39,3,3,6,50.0
54,96,47,3,3,6,50.0
29,22,44,3,4,6,50.0
54,94,50,3,3,6,50.0
54,93,53,3,3,6,50.0
29,24,33,3,4,6,50.0
29,25,39,3,4,6,50.0
54,92,59,3,3,6,50.0
54,90,56,3,3,6,50.0
29,26,21,3,4,6,50.0
54,89,63,3,3,6,50.0
54,88,66,3,3,6,50.0
54,87,69,3,3,6,50.0
29,30,57,3,4,3,50.0
29,31,54,3,4,2,50.0
29,32,51,3,4,3,50.0
54,84,73,3,3,6,50.0
29,34,27,3,4,3,50.0
29,35,60,3,4,3,50.0
29,36,63,3,4,3,50.0
29,39,66,3,4,3,50.0
54,83,76,3,3,6,50.0
54,82,0,3,4,6,50.0
54,79,6,3,4,6,50.0
29,40,69,3,4,3,50.0
29,41,77,3,4,3,50.0
54,78,15,3,4,6,50.0
54,77,24,3,4,6,50.0
29,43,70,3,5,3,50.0
54,76,30,3,4,6,50.0
54,75,3,3,4,6,50.0
29,45,73,3,5,3,50.0
54,74,9,3,4,6,50.0
29,46,57,3,5,3,50.0
54,73,18,3,4,6,50.0
54,70,33,3,4,6,50.0
29,47,21,3,5,3,50.0
29,48,67,3,5,3,50.0
54,69,21,3,4,6,50.0
29,49,64,3,5,3,50.0
54,68,39,3,4,6,50.0
29,53,53,3,5,3,50.0
29,54,12,3,5,4,50.0
29,56,0,3,5,6,50.0
54,66,36,3,4,6,50.0
29,57,3,3,5,6,50.0
54,63,27,3,4,6,50.0
54,62,45,3,4,6,50.0
54,61,42,3,4,6,50.0
54,60,51,3,4,6,50.0
54,57,48,3,4,6,50.0
54,56,54,3,4,6,50.0
54,55,58,3,4,6,50.0
54,53,63,3,4,3,50.0
29,58,24,3,5,6,50.0
54,52,70,3,4,3,50.0
54,51,73,3,4,2,50.0
29,60,45,3,5,6,50.0
54,50,66,3,4,3,50.0
29,61,15,3,5,6,50.0
54,49,76,3,4,3,50.0
54,48,70,3,5,3,50.0
29,62,9,3,5,6,50.0
54,46,73,3,5,2,50.0
29,65,30,3,5,6,50.0
54,45,76,3,5,3,50.0
29,66,48,3,5,6,50.0
54,44,24,3,5,3,50.0
54,43,0,3,5,4,50.0
54,42,60,3,5,3,50.0
29,68,76,3,5,6,50.0
54,41,3,3,5,3,50.0
29,69,18,3,5,6,50.0
29,70,39,3,5,6,50.0
54,40,66,3,5,3,50.0
54,39,6,3,5,3,50.0
54,38,45,3,5,3,50.0
29,71,62,3,6,6,50.0
54,37,38,3,5,3,50.0
54,36,9,3,5,4,50.0
54,35,18,3,5,3,50.0
29,74,6,3,5,6,50.0
54,34,12,3,5,3,50.0
54,33,51,3,5,3,50.0
29,75,27,3,5,6,50.0
29,77,36,3,5,6,50.0
54,32,30,3,5,3,50.0
54,31,57,3,5,2,50.0
54,29,33,3,5,5,50.0
54,28,27,3,5,6,50.0
54,26,41,3,5,6,50.0
54,25,54,3,5,6,50.0
54,23,48,3,5,6,50.0
29,79,42,3,5,6,50.0
54,22,63,3,5,6,50.0
54,21,3,3,6,6,50.0
29,81,12,3,6,6,50.0
54,20,0,3,6,6,50.0
54,19,15,3,5,6,50.0
29,82,60,3,5,6,50.0
54,18,15,3,6,6,50.0
29,89,0,3,6,6,50.0
54,17,76,3,6,6,50.0
54,16,36,3,6,6,50.0
29,96,3,3,6,6,50.0
54,15,12,3,6,6,50.0
54,14,9,3,6,6,50.0
54,13,18,3,6,6,50.0
54,12,54,3,6,6,50.0
54,10,21,3,5,6,50.0
54,8,58,3,6,6,50.0
29,98,9,3,6,6,50.0
54,6,24,3,6,6,50.0
29,99,15,3,6,6,50.0
30,1,76,3,3,6,50.0
54,3,39,3,6,6,50.0
54,2,27,3,6,6,50.0
30,2,67,3,3,6,50.0
54,0,42,3,6,6,50.0
30,4,70,3,3,6,50.0
53,99,12,3,4,6,50.0
53,97,18,3,4,6,50.0
53,96,70,3,3,6,50.0
53,95,77,3,3,6,50.0
53,94,3,3,4,6,50.0
53,92,66,3,3,6,50.0
53,91,15,3,4,6,50.0
30,6,12,3,4,6,50.0
53,90,73,3,3,6,50.0
30,7,52,3,4,6,50.0
30,11,21,3,4,6,50.0
53,89,21,3,4,6,50.0
53,88,9,3,4,6,50.0
53,87,24,3,4,6,50.0
30,15,64,3,3,6,50.0
53,86,6,3,4,6,50.0
53,85,30,3,4,6,50.0
53,83,0,3,4,6,50.0
53,82,27,3,4,6,50.0
30,18,0,3,4,6,50.0
30,19,39,3,4,6,50.0
30,21,55,3,4,6,50.0
30,22,66,3,4,6,50.0
30,23,6,3,4,6,50.0
53,78,41,3,4,6,50.0
53,77,44,3,4,6,50.0
53,75,33,3,4,6,50.0
53,74,36,3,4,6,50.0
30,25,30,3,4,6,50.0
30,26,33,3,4,6,50.0
30,27,69,3,4,6,50.0
30,31,3,3,4,2,50.0
53,73,47,3,4,6,50.0
53,72,50,3,4,6,50.0
30,32,45,3,4,3,50.0
53,71,65,3,4,6,50.0
53,70,53,3,4,6,50.0
53,69,56,3,4,6,50.0
53,68,68,3,4,6,50.0
53,62,59,3,4,6,50.0
53,61,62,3,4,6,50.0
53,60,76,3,4,6,50.0
30,33,36,3,4,3,50.0
53,59,71,3,4,6,50.0
30,34,15,3,4,3,50.0
53,58,27,3,5,6,50.0
30,35,27,3,4,3,50.0
53,55,0,3,5,6,50.0
53,54,6,3,5,6,50.0
53,51,76,3,5,2,50.0
53,50,39,3,5,3,50.0
53,49,3,3,5,4,50.0
53,48,9,3,5,4,50.0
53,46,60,3,5,3,50.0
30,36,58,3,4,3,50.0
30,37,61,3,4,3,50.0
53,44,73,3,5,2,50.0
30,38,72,3,4,3,50.0
53,43,12,3,5,4,50.0
53,42,63,3,5,3,50.0
53,41,15,3,5,3,50.0
53,37,45,3,5,3,50.0
53,36,66,3,5,3,50.0
53,35,33,3,5,3,50.0
53,34,18,3,5,3,50.0
53,31,69,3,5,2,50.0
53,29,21,3,5,6,50.0
30,40,75,3,4,3,50.0
30,41,24,3,4,3,50.0
30,42,9,3,4,4,50.0
53,28,30,3,5,6,50.0
30,43,18,3,4,4,50.0
53,26,48,3,5,6,50.0
53,24,36,3,5,6,50.0
53,21,58,3,6,6,50.0
30,45,42,3,4,4,50.0
53,18,53,3,5,6,50.0
53,16,48,3,6,6,50.0
53,15,42,3,5,6,50.0
53,13,57,3,5,6,50.0
53,12,64,3,6,6,50.0
53,11,33,3,6,6,50.0
53,9,24,3,5,6,50.0
53,4,39,3,6,6,50.0
53,3,18,3,6,6,50.0
30,46,63,3,5,3,50.0
53,1,6,3,6,6,50.0
53,0,24,3,6,6,50.0
52,99,59,3,3,6,50.0
52,98,3,3,4,6,50.0
30,49,0,3,5,4,50.0
30,50,48,3,5,3,50.0
52,97,21,3,4,6,50.0
30,51,6,3,5,3,50.0
30,53,3,3,5,6,50.0
30,56,12,3,5,6,50.0
52,95,9,3,4,6,50.0
30,57,18,3,5,6,50.0
52,94,77,3,3,6,50.0
52,93,12,3,4,6,50.0
30,58,39,3,5,6,50.0
52,92,73,3,3,6,50.0
30,59,45,3,5,6,50.0
52,91,18,3,4,6,50.0
52,90,39,3,4,6,50.0
30,60,54,3,5,6,50.0
52,88,24,3,4,6,50.0
52,87,15,3,4,6,50.0
30,61,21,3,5,6,50.0
30,62,15,3,5,6,50.0
52,85,6,3,4,6,50.0
30,63,24,3,5,6,50.0
52,84,27,3,4,6,50.0
52,83,33,3,4,6,50.0
52,82,30,3,4,6,50.0
30,65,36,3,5,6,50.0
52,81,75,3,4,6,50.0
52,80,36,3,4,6,50.0
52,79,45,3,4,6,50.0
30,66,51,3,5,6,50.0
30,68,30,3,5,6,50.0
52,78,48,3,4,6,50.0
52,77,51,3,4,6,50.0
30,69,27,3,5,6,50.0
52,75,42,3,4,6,50.0
30,70,42,3,5,6,50.0
30,73,33,3,5,6,50.0
30,75,9,3,5,6,50.0
52,74,54,3,4,6,50.0
30,76,57,3,5,6,50.0
52,72,57,3,4,6,50.0
52,69,63,3,4,6,50.0
52,68,71,3,4,6,50.0
30,77,68,3,5,6,50.0
30,79,27,3,6,6,50.0
30,84,76,3,5,6,50.0
30,85,9,3,6,6,50.0
30,87,60,3,5,6,50.0
52,67,66,3,4,6,50.0
52,66,54,3,5,6,50.0
52,65,3,3,5,6,50.0
52,64,57,3,5,6,50.0
30,88,71,3,5,6,50.0
52,63,21,3,5,6,50.0
52,62,12,3,5,6,50.0
52,57,0,3,5,6,50.0
52,56,15,3,5,6,50.0
30,89,3,3,6,6,50.0
52,55,6,3,5,6,50.0
52,54,30,3,5,6,50.0
52,51,9,3,5,3,50.0
52,50,60,3,5,3,50.0
52,48,76,3,5,3,50.0
30,90,42,3,6,6,50.0
52,47,70,3,5,2,50.0
52,45,18,3,5,4,50.0
52,39,24,3,5,3,50.0
30,91,21,3,6,6,50.0
52,37,67,3,5,3,50.0
52,36,73,3,5,3,50.0
52,34,33,3,5,3,50.0
52,33,64,3,5,3,50.0
52,32,48,3,5,3,50.0
30,93,15,3,6,6,50.0
30,94,6,3,6,6,50.0
52,31,27,3,5,3,50.0
30,95,0,3,6,6,50.0
52,30,36,3,5,6,50.0
52,29,39,3,5,6,50.0
52,26,44,3,5,6,50.0
30,97,24,3,6,6,50.0
30,98,12,3,6,6,50.0
52,25,51,3,5,6,50.0
52,24,3,3,6,6,50.0
30,99,18,3,6,6,50.0
52,23,30,3,6,6,50.0
31,0,18,3,3,6,50.0
31,1,72,3,2,6,50.0
52,22,0,3,6,6,50.0
31,2,61,3,2,6,50.0
52,21,61,3,6,6,50.0
31,3,64,3,2,6,50.0
31,4,32,3,3,6,50.0
31,5,45,3,3,6,50.0
52,20,18,3,6,6,50.0
52,18,33,3,6,6,50.0
52,16,68,3,6,6,50.0
52,14,27,3,6,6,50.0
52,13,36,3,6,6,50.0
31,8,61,3,3,6,50.0
52,11,39,3,6,6,50.0
31,9,21,3,3,6,50.0
52,7,77,3,6,6,50.0
31,10,0,3,3,6,50.0
52,5,58,3,6,6,50.0
31,11,36,3,3,6,50.0
31,12,72,3,3,6,50.0
31,13,42,3,3,6,50.0
52,4,42,3,6,6,50.0
52,3,45,3,6,6,50.0
52,2,15,3,6,6,50.0
52,1,24,3,6,6,50.0
31,15,3,3,3,6,50.0
51,99,24,3,3,6,50.0
51,97,27,3,3,6,50.0
51,96,0,3,3,6,50.0
51,95,12,3,3,6,50.0
31,18,39,3,3,6,50.0
31,19,75,3,3,6,50.0
51,93,30,3,3,6,50.0
51,92,33,3,3,6,50.0
31,20,52,3,3,6,50.0
51,89,39,3,3,6,50.0
31,21,64,3,3,6,50.0
51,88,36,3,3,6,50.0
51,87,54,3,3,6,50.0
51,86,50,3,3,6,50.0
31,22,48,3,3,6,50.0
31,23,55,3,3,6,50.0
51,85,65,3,3,6,50.0
31,24,58,3,3,6,50.0
31,25,6,3,3,6,50.0
31,26,51,3,4,6,50.0
31,27,66,3,4,6,50.0
51,84,18,3,4,6,50.0
51,83,45,3,3,6,50.0
51,82,72,3,3,6,50.0
51,81,27,3,4,6,50.0
51,80,42,3,3,6,50.0
31,28,67,3,3,6,50.0
31,29,24,3,3,6,50.0
31,30,30,3,4,6,50.0
51,79,33,3,4,6,50.0
31,32,9,3,3,4,50.0
31,33,12,3,3,4,50.0
31,34,15,3,3,4,50.0
51,78,77,3,3,6,50.0
31,35,3,3,4,3,50.0
51,77,0,3,4,6,50.0
51,75,60,3,3,6,50.0
51,74,15,3,4,6,50.0
51,72,21,3,4,6,50.0
31,36,69,3,4,3,50.0
31,38,54,3,4,3,50.0
51,71,68,3,3,6,50.0
31,39,12,3,4,3,50.0
31,40,72,3,4,3,50.0
51,70,48,3,4,6,50.0
51,69,24,3,4,6,50.0
51,68,45,3,4,6,50.0
51,67,30,3,4,6,50.0
31,41,21,3,4,3,50.0
51,66,62,3,4,6,50.0
31,42,75,3,4,3,50.0
51,65,42,3,4,6,50.0
51,64,74,3,4,6,50.0
51,63,36,3,4,6,50.0
31,43,6,3,4,4,50.0
51,62,3,3,4,6,50.0
31,44,33,3,4,3,50.0
51,61,12,3,4,6,50.0
31,46,0,3,4,4,50.0
31,48,15,3,4,4,50.0
31,49,9,3,4,4,50.0
51,60,57,3,4,6,50.0
31,51,39,3,4,4,50.0
51,59,51,3,4,6,50.0
31,52,48,3,4,6,50.0
31,54,45,3,4,6,50.0
51,58,54,3,4,6,50.0
51,57,65,3,4,6,50.0
51,56,68,3,4,6,50.0
31,55,24,3,4,6,50.0
51,55,71,3,4,6,50.0
51,54,21,3,5,6,50.0
31,56,36,3,4,6,50.0
51,53,9,3,4,6,50.0
51,52,6,3,4,6,50.0
51,49,77,3,4,4,50.0
51,48,0,3,5,4,50.0
51,47,36,3,5,3,50.0
51,46,70,3,5,3,50.0
31,57,42,3,4,6,50.0
31,58,57,3,4,6,50.0
51,45,9,3,5,4,50.0
31,59,60,3,4,6,50.0
51,44,39,3,5,3,50.0
31,60,63,3,4,6,50.0
51,43,76,3,5,3,50.0
31,61,27,3,4,6,50.0
31,62,18,3,4,6,50.0
51,42,66,3,5,3,50.0
51,41,27,3,5,3,50.0
51,40,3,3,5,4,50.0
51,39,18,3,5,3,50.0
51,38,6,3,5,4,50.0
51,37,54,3,5,3,50.0
51,36,12,3,5,4,50.0
31,63,30,3,5,6,50.0
31,64,64,3,5,6,50.0
31,65,48,3,5,6,50.0
51,35,42,3,5,3,50.0
51,34,24,3,5,3,50.0
51,33,57,3,5,3,50.0
51,32,60,3,5,3,50.0
31,66,67,3,5,6,50.0
51,30,33,3,5,6,50.0
51,29,30,3,5,6,50.0
51,28,45,3,5,6,50.0
51,27,73,3,5,6,50.0
51,26,54,3,6,6,50.0
51,25,63,3,5,6,50.0
51,24,48,3,5,6,50.0
51,23,58,3,6,6,50.0
51,22,51,3,5,6,50.0
31,67,33,3,5,6,50.0
51,21,67,3,6,6,50.0
51,20,39,3,6,6,50.0
31,68,54,3,5,6,50.0
31,69,36,3,5,6,50.0
51,18,3,3,6,6,50.0
31,70,57,3,5,6,50.0
51,15,18,3,6,6,50.0
51,14,0,3,6,6,50.0
51,13,27,3,6,6,50.0
31,71,71,3,5,6,50.0
31,72,18,3,5,6,50.0
31,73,15,3,5,6,50.0
51,12,75,3,6,6,50.0
51,11,42,3,6,6,50.0
31,74,21,3,5,6,50.0
51,10,15,3,5,6,50.0
51,9,33,3,6,6,50.0
51,7,62,3,6,6,50.0
51,6,30,3,6,6,50.0
31,75,0,3,5,6,50.0
31,76,24,3,5,6,50.0
51,5,72,3,6,6,50.0
51,4,48,3,6,6,50.0
51,2,36,3,6,6,50.0
51,1,15,3,6,6,50.0
31,77,27,3,5,6,50.0
51,0,45,3,6,6,50.0
31,78,6,3,5,6,50.0
50,99,27,3,4,6,50.0
50,98,63,3,3,6,50.0
50,97,30,3,4,6,50.0
50,95,3,3,4,6,50.0
31,80,12,3,5,6,50.0
50,94,69,3,3,6,50.0
50,92,24,3,4,6,50.0
50,91,39,3,4,6,50.0
50,89,72,3,3,6,50.0
50,86,75,3,3,6,50.0
50,85,15,3,4,6,50.0
50,84,33,3,4,6,50.0
50,80,18,3,4,6,50.0
50,78,51,3,4,6,50.0
31,81,30,3,6,6,50.0
50,77,47,3,4,6,50.0
31,82,9,3,5,6,50.0
31,83,3,3,5,6,50.0
31,84,24,3,6,6,50.0
31,85,51,3,5,6,50.0
50,76,42,3,4,6,50.0
50,75,6,3,4,6,50.0
31,87,39,3,5,6,50.0
50,74,57,3,4,6,50.0
31,88,42,3,5,6,50.0
50,73,21,3,4,6,50.0
31,89,75,3,5,6,50.0
50,72,36,3,4,6,50.0
50,70,60,3,4,6,50.0
31,90,60,3,5,6,50.0
31,91,63,3,6,6,50.0
50,68,63,3,4,6,50.0
31,92,45,3,5,6,50.0
50,65,66,3,4,6,50.0
50,64,77,3,4,6,50.0
50,63,69,3,4,6,50.0
31,93,18,3,6,6,50.0
50,61,54,3,4,6,50.0
50,60,60,3,5,6,50.0
31,94,9,3,6,6,50.0
50,59,48,3,5,6,50.0
50,57,72,3,4,6,50.0
31,95,15,3,6,6,50.0
31,96,6,3,6,6,50.0
31,97,33,3,6,6,50.0
50,55,3,3,5,6,50.0
31,98,21,3,6,6,50.0
31,99,39,3,6,6,50.0
50,53,0,3,4,6,50.0
50,52,9,3,4,6,50.0
32,0,39,3,4,6,50.0
50,51,12,3,4,6,50.0
50,49,12,3,5,4,50.0
50,48,6,3,5,4,50.0
50,46,73,3,5,3,50.0
50,45,21,3,5,4,50.0
32,2,77,3,3,6,50.0
50,44,36,3,5,3,50.0
32,3,67,3,3,6,50.0
50,42,69,3,5,3,50.0
50,41,30,3,5,3,50.0
50,40,0,3,5,4,50.0
32,4,73,3,3,6,50.0
50,39,27,3,5,3,50.0
50,38,66,3,5,3,50.0
50,37,57,3,5,3,50.0
50,36,76,3,5,3,50.0
50,35,39,3,5,3,50.0
50,34,42,3,5,3,50.0
32,9,54,3,3,6,50.0
32,11,70,3,3,6,50.0
50,33,54,3,5,3,50.0
50,31,45,3,5,6,50.0
32,13,63,3,3,6,50.0
50,30,51,3,5,6,50.0
32,14,57,3,3,6,50.0
50,29,18,3,5,6,50.0
32,15,30,3,4,6,50.0
50,28,33,3,5,6,50.0
50,26,57,3,6,6,50.0
50,25,33,3,6,6,50.0
50,24,63,3,5,6,50.0
32,18,56,3,4,6,50.0
50,20,60,3,6,6,50.0
32,21,70,3,4,6,50.0
50,18,63,3,6,6,50.0
50,16,71,3,6,6,50.0
50,15,45,3,6,6,50.0
32,22,73,3,4,6,50.0
50,13,30,3,6,6,50.0
32,24,51,3,4,6,50.0
32,26,76,3,4,6,50.0
32,27,76,3,5,6,50.0
50,11,74,3,6,6,50.0
50,10,9,3,5,6,50.0
32,28,36,3,4,6,50.0
50,9,18,3,6,6,50.0
50,6,27,3,6,6,50.0
50,4,66,3,6,6,50.0
50,3,48,3,6,6,50.0
50,2,39,3,6,6,50.0
32,29,6,3,4,6,50.0
32,30,45,3,4,6,50.0
50,1,36,3,6,6,50.0
49,96,15,3,4,6,50.0
49,95,18,3,4,6,50.0
49,94,21,3,4,6,50.0
49,93,24,3,4,6,50.0
49,92,27,3,4,6,50.0
32,31,0,3,4,6,50.0
49,91,30,3,4,6,50.0
32,34,48,3,4,3,50.0
49,88,33,3,4,6,50.0
49,87,36,3,4,6,50.0
49,86,60,3,4,6,50.0
49,85,54,3,4,6,50.0
49,82,45,3,4,6,50.0
49,80,57,3,4,6,50.0
49,78,64,3,4,6,50.0
49,77,39,3,4,6,50.0
32,35,63,3,4,3,50.0
49,76,48,3,4,6,50.0
32,36,3,3,4,4,50.0
49,75,67,3,4,6,50.0
49,74,42,3,4,6,50.0
49,73,51,3,4,6,50.0
32,38,12,3,4,4,50.0
49,68,48,3,5,6,50.0
32,39,21,3,4,3,50.0
49,67,70,3,4,6,50.0
49,65,73,3,4,6,50.0
32,40,15,3,4,4,50.0
49,63,33,3,5,6,50.0
49,62,21,3,5,6,50.0
49,60,66,3,5,6,50.0
49,59,54,3,5,6,50.0
49,57,30,3,5,6,50.0
32,41,59,3,4,3,50.0
49,55,27,3,5,6,50.0
49,53,12,3,5,6,50.0
49,50,15,3,5,5,50.0
32,42,18,3,4,4,50.0
32,44,24,3,4,4,50.0
49,48,3,3,5,4,50.0
49,47,39,3,5,3,50.0
49,46,76,3,5,3,50.0
32,45,27,3,4,4,50.0
49,45,24,3,5,4,50.0
49,44,57,3,5,3,50.0
49,42,72,3,5,3,50.0
32,47,42,3,4,3,50.0
49,41,45,3,5,3,50.0
32,48,33,3,4,4,50.0
49,40,6,3,5,4,50.0
49,39,51,3,5,3,50.0
49,37,0,3,5,4,50.0
32,52,12,3,5,6,50.0
32,53,67,3,4,6,50.0
32,55,30,3,5,6,50.0
32,56,21,3,5,6,50.0
49,36,18,3,5,4,50.0
49,32,9,3,5,5,50.0
49,31,36,3,5,6,50.0
32,57,33,3,5,6,50.0
49,30,60,3,5,6,50.0
49,28,42,3,5,6,50.0
32,58,45,3,5,6,50.0
32,60,69,3,5,6,50.0
32,62,24,3,5,6,50.0
49,25,69,3,5,6,50.0
32,63,39,3,5,6,50.0
49,24,54,3,6,6,50.0
49,23,63,3,5,6,50.0
49,20,57,3,6,6,50.0
49,18,60,3,6,6,50.0
32,66,72,3,5,6,50.0
32,67,42,3,5,6,50.0
32,68,57,3,5,6,50.0
49,16,74,3,6,6,50.0
32,69,51,3,5,6,50.0
49,15,48,3,6,6,50.0
32,71,74,3,6,6,50.0
49,13,45,3,6,6,50.0
32,72,27,3,5,6,50.0
49,10,6,3,6,6,50.0
32,73,54,3,5,6,50.0
49,9,42,3,6,6,50.0
49,2,18,3,6,6,50.0
48,99,30,3,4,6,50.0
32,74,18,3,5,6,50.0
32,75,15,3,5,6,50.0
48,98,24,3,4,6,50.0
48,97,36,3,4,6,50.0
32,77,30,3,6,6,50.0
48,95,21,3,4,6,50.0
48,94,12,3,4,6,50.0
32,78,57,3,6,6,50.0
48,93,42,3,4,6,50.0
32,80,60,3,5,6,50.0
48,92,48,3,4,6,50.0
48,91,66,3,4,6,50.0
32,82,6,3,5,6,50.0
48,89,18,3,4,6,50.0
48,88,39,3,4,6,50.0
48,86,27,3,4,6,50.0
48,83,57,3,4,6,50.0
48,82,51,3,4,6,50.0
48,80,54,3,4,6,50.0
32,83,63,3,5,6,50.0
48,74,45,3,4,6,50.0
32,85,21,3,6,6,50.0
48,73,60,3,4,6,50.0
32,86,3,3,5,6,50.0
48,70,63,3,4,6,50.0
48,66,75,3,4,6,50.0
32,87,66,3,5,6,50.0
48,65,69,3,4,6,50.0
48,63,72,3,4,6,50.0
48,62,30,3,5,6,50.0
32,88,12,3,6,6,50.0
32,89,15,3,6,6,50.0
32,90,66,3,6,6,50.0
48,61,24,3,5,6,50.0
48,59,57,3,5,6,50.0
48,58,48,3,5,6,50.0
48,57,36,3,5,6,50.0
32,91,24,3,6,6,50.0
48,56,33,3,5,6,50.0
48,55,39,3,5,6,50.0
48,54,51,3,5,6,50.0
48,52,21,3,5,6,50.0
32,93,36,3,5,6,50.0
48,49,0,3,5,6,50.0
48,47,54,3,5,3,50.0
32,94,27,3,6,6,50.0
32,95,48,3,5,6,50.0
48,46,3,3,5,4,50.0
48,45,12,3,5,4,50.0
32,96,18,3,6,6,50.0
32,97,39,3,6,6,50.0
32,99,33,3,6,6,50.0
48,43,15,3,5,4,50.0
48,42,6,3,5,4,50.0
48,41,62,3,5,3,50.0
33,0,48,3,4,6,50.0
33,3,70,3,3,6,50.0
33,4,76,3,3,6,50.0
48,40,9,3,5,4,50.0
48,39,69,3,5,3,50.0
33,6,73,3,3,6,50.0
33,9,67,3,3,6,50.0
48,37,72,3,5,3,50.0
48,35,66,3,5,3,50.0
48,34,45,3,5,3,50.0
48,33,18,3,5,4,50.0
48,31,27,3,5,6,50.0
48,30,75,3,5,6,50.0
33,11,77,3,4,6,50.0
33,13,60,3,4,6,50.0
48,29,42,3,5,6,50.0
33,14,3,3,4,6,50.0
48,28,39,3,6,6,50.0
33,18,66,3,4,6,50.0
48,25,57,3,6,6,50.0
33,20,69,3,4,6,50.0
33,21,73,3,4,6,50.0
48,24,66,3,6,6,50.0
48,23,69,3,6,6,50.0
33,23,66,3,5,6,50.0
33,24,69,3,5,6,50.0
48,22,76,3,6,6,50.0
48,20,72,3,6,6,50.0
33,25,60,3,5,6,50.0
33,26,73,3,5,6,50.0
48,14,18,3,6,6,50.0
48,13,48,3,6,6,50.0
33,28,51,3,4,6,50.0
33,32,0,3,4,5,50.0
48,10,24,3,6,6,50.0
33,34,30,3,4,3,50.0
48,9,51,3,6,6,50.0
33,35,36,3,4,3,50.0
33,37,6,3,4,4,50.0
33,39,33,3,4,3,50.0
48,2,30,3,6,6,50.0
48,1,42,3,6,6,50.0
47,99,48,3,3,6,50.0
47,98,60,3,3,6,50.0
47,97,51,3,3,6,50.0
47,96,63,3,3,6,50.0
33,40,21,3,4,4,50.0
47,95,24,3,4,6,50.0
33,41,39,3,4,3,50.0
47,94,15,3,4,6,50.0
47,93,67,3,3,6,50.0
33,42,24,3,4,4,50.0
33,45,45,3,4,4,50.0
47,92,70,3,3,6,50.0
47,91,69,3,4,6,50.0
33,46,9,3,4,4,50.0
47,89,27,3,4,6,50.0
33,47,42,3,4,4,50.0
33,48,15,3,4,6,50.0
47,87,76,3,3,6,50.0
33,49,27,3,4,6,50.0
47,86,9,3,4,6,50.0
47,85,33,3,4,6,50.0
47,83,73,3,3,6,50.0
47,82,12,3,4,6,50.0
47,80,21,3,4,6,50.0
47,76,39,3,4,6,50.0
33,51,6,3,5,6,50.0
47,74,48,3,4,6,50.0
47,73,57,3,4,6,50.0
33,53,54,3,4,6,50.0
33,54,63,3,4,6,50.0
47,72,30,3,4,6,50.0
47,70,66,3,4,6,50.0
47,69,45,3,4,6,50.0
33,55,36,3,5,6,50.0
33,57,57,3,4,6,50.0
47,65,51,3,4,6,50.0
47,62,36,3,4,6,50.0
33,58,51,3,5,6,50.0
33,59,63,3,5,6,50.0
47,61,72,3,4,6,50.0
33,61,30,3,5,6,50.0
33,62,33,3,5,6,50.0
47,59,66,3,5,6,50.0
33,63,42,3,5,6,50.0
47,57,54,3,4,6,50.0
47,56,60,3,4,6,50.0
47,54,33,3,5,6,50.0
47,51,9,3,5,6,50.0
47,50,0,3,4,6,50.0
47,49,3,3,4,6,50.0
47,48,6,3,4,6,50.0
33,67,45,3,5,6,50.0
47,46,18,3,4,4,50.0
47,42,63,3,4,4,50.0
47,41,75,3,4,4,50.0
33,69,39,3,5,6,50.0
47,38,69,3,5,3,50.0
47,37,75,3,5,3,50.0
47,36,0,3,5,4,50.0
33,70,76,3,5,6,50.0
47,35,48,3,5,3,50.0
47,34,36,3,5,3,50.0
47,33,3,3,5,5,50.0
47,31,12,3,5,6,50.0
47,30,39,3,5,6,50.0
47,29,27,3,5,6,50.0
47,28,54,3,5,6,50.0
47,25,72,3,5,6,50.0
47,24,72,3,6,6,50.0
33,72,24,3,5,6,50.0
47,22,69,3,6,6,50.0
47,21,76,3,6,6,50.0
47,20,66,3,6,6,50.0
33,74,27,3,5,6,50.0
33,75,12,3,5,6,50.0
47,14,30,3,5,6,50.0
33,76,54,3,5,6,50.0
33,79,36,3,6,6,50.0
33,80,27,3,6,6,50.0
47,6,42,3,5,6,50.0
33,82,15,3,5,6,50.0
47,2,51,3,5,6,50.0
33,83,9,3,5,6,50.0
46,99,45,3,4,6,50.0
46,98,27,3,4,6,50.0
33,85,24,3,6,6,50.0
46,97,48,3,4,6,50.0
33,86,18,3,5,6,50.0
46,96,12,3,4,6,50.0
46,95,30,3,4,6,50.0
46,94,24,3,4,6,50.0
33,87,57,3,5,6,50.0
46,93,21,3,4,6,50.0
46,92,51,3,4,6,50.0
33,88,30,3,6,6,50.0
46,89,33,3,4,6,50.0
46,88,54,3,4,6,50.0
46,87,63,3,4,6,50.0
46,86,36,3,4,6,50.0
33,93,48,3,5,6,50.0
33,94,39,3,6,6,50.0
46,85,68,3,4,6,50.0
33,95,42,3,6,6,50.0
33,96,21,3,5,6,50.0
46,83,15,3,4,6,50.0
46,82,57,3,4,6,50.0
46,80,71,3,4,6,50.0
46,79,39,3,4,6,50.0
46,76,45,3,5,6,50.0
46,75,76,3,4,6,50.0
33,97,54,3,6,6,50.0
46,74,60,3,4,6,50.0
34,2,33,3,4,6,50.0
46,63,56,3,5,6,50.0
46,62,39,3,5,6,50.0
46,57,51,3,5,6,50.0
34,10,39,3,3,6,50.0
46,56,42,3,5,6,50.0
34,13,66,3,3,6,50.0
46,55,48,3,5,6,50.0
46,54,66,3,5,6,50.0
46,53,15,3,5,6,50.0
46,52,71,3,5,6,50.0
46,50,6,3,4,6,50.0
34,14,60,3,3,6,50.0
34,15,69,3,3,6,50.0
34,18,72,3,3,6,50.0
46,49,9,3,5,6,50.0
46,45,30,3,5,4,50.0
46,44,60,3,5,3,50.0
46,42,0,3,5,4,50.0
46,41,3,3,5,4,50.0
34,23,75,3,3,6,50.0
46,40,12,3,5,4,50.0
34,25,66,3,4,6,50.0
46,39,63,3,5,3,50.0
46,38,75,3,5,3,50.0
46,37,18,3,5,4,50.0
34,28,57,3,3,6,50.0
34,29,51,3,3,6,50.0
34,30,54,3,3,6,50.0
46,36,6,3,5,4,50.0
46,35,21,3,5,4,50.0
46,34,24,3,5,4,50.0
46,32,36,3,5,6,50.0
46,31,3,3,6,6,50.0
46,25,75,3,6,6,50.0
34,32,63,3,3,6,50.0
34,33,0,3,4,5,50.0
34,35,51,3,4,3,50.0
46,23,72,3,6,6,50.0
34,36,21,3,4,4,50.0
34,37,3,3,4,4,50.0
34,38,9,3,4,4,50.0
34,39,30,3,4,3,50.0
46,14,33,3,5,6,50.0
46,13,69,3,6,6,50.0
46,10,30,3,6,6,50.0
46,9,48,3,6,6,50.0
46,6,33,3,6,6,50.0
34,40,18,3,4,4,50.0
46,2,42,3,6,6,50.0
34,41,48,3,4,3,50.0
45,98,33,3,4,6,50.0
45,95,51,3,4,6,50.0
34,42,12,3,4,4,50.0
34,43,27,3,4,4,50.0
45,94,54,3,4,6,50.0
34,44,63,3,4,3,50.0
45,93,33,3,5,6,50.0
34,45,57,3,4,4,50.0
34,46,6,3,4,6,50.0
45,87,3,3,5,6,50.0
45,86,67,3,4,6,50.0
34,47,45,3,4,5,50.0
45,83,60,3,4,6,50.0
45,82,48,3,4,6,50.0
45,78,71,3,4,6,50.0
34,48,36,3,4,6,50.0
45,76,51,3,5,6,50.0
34,50,42,3,4,6,50.0
45,73,74,3,4,6,50.0
34,51,21,3,5,6,50.0
45,70,69,3,5,6,50.0
34,53,70,3,4,6,50.0
34,54,73,3,4,6,50.0
45,69,77,3,4,6,50.0
45,65,57,3,5,6,50.0
45,63,45,3,5,6,50.0
34,55,76,3,4,6,50.0
45,62,54,3,5,6,50.0
45,61,36,3,5,6,50.0
34,56,39,3,4,6,50.0
45,58,60,3,5,6,50.0
45,56,48,3,5,6,50.0
34,57,60,3,4,6,50.0
45,55,42,3,5,6,50.0
34,58,63,3,5,6,50.0
45,53,21,3,5,6,50.0
45,47,15,3,5,5,50.0
45,46,27,3,5,5,50.0
45,44,72,3,5,3,50.0
45,43,24,3,5,4,50.0
45,42,30,3,5,4,50.0
45,41,65,3,5,3,50.0
34,61,33,3,5,6,50.0
45,40,39,3,5,4,50.0
45,38,0,3,5,4,50.0
34,65,76,3,5,6,50.0
34,67,54,3,4,6,50.0
45,37,9,3,5,4,50.0
45,35,75,3,5,3,50.0
45,33,12,3,5,6,50.0
45,32,0,3,6,6,50.0
45,31,42,3,6,6,50.0
45,30,48,3,6,6,50.0
45,29,33,3,6,6,50.0
45,28,60,3,6,6,50.0
34,69,30,3,5,6,50.0
45,24,75,3,6,6,50.0
34,70,72,3,5,6,50.0
45,15,72,3,6,6,50.0
45,14,36,3,6,6,50.0
45,10,51,3,6,6,50.0
34,72,45,3,5,6,50.0
34,73,24,3,5,6,50.0
34,74,39,3,5,6,50.0
45,1,45,3,6,6,50.0
44,99,42,3,4,6,50.0
44,98,30,3,4,6,50.0
44,97,57,3,4,6,50.0
34,75,18,3,5,6,50.0
44,96,33,3,4,6,50.0
44,95,36,3,4,6,50.0
44,94,45,3,4,6,50.0
44,93,45,3,5,6,50.0
34,80,68,3,5,6,50.0
34,82,36,3,5,6,50.0
44,88,51,3,4,6,50.0
34,83,12,3,5,6,50.0
44,87,9,3,4,6,50.0
44,83,21,3,4,6,50.0
44,82,75,3,3,6,50.0
34,86,12,3,6,6,50.0
44,80,74,3,4,6,50.0
34,87,27,3,5,6,50.0
34,88,60,3,5,6,50.0
34,89,42,3,5,6,50.0
34,93,56,3,5,6,50.0
34,94,30,3,6,6,50.0
44,75,48,3,3,6,50.0
44,74,63,3,4,6,50.0
44,73,27,3,4,6,50.0
44,72,54,3,4,6,50.0
44,69,60,3,4,6,50.0
44,67,48,3,4,6,50.0
44,63,66,3,4,6,50.0
44,62,77,3,4,6,50.0
34,95,39,3,6,6,50.0
34,96,50,3,5,6,50.0
44,58,69,3,4,6,50.0
34,97,42,3,6,6,50.0
44,57,39,3,4,6,50.0
44,56,51,3,5,6,50.0
34,98,36,3,6,6,50.0
44,55,66,3,5,6,50.0
34,99,54,3,6,6,50.0
35,1,55,3,3,6,50.0
44,54,48,3,5,6,50.0
44,53,27,3,5,6,50.0
44,52,54,3,5,6,50.0
35,6,36,3,4,6,50.0
44,51,24,3,5,6,50.0
44,49,12,3,4,6,50.0
44,48,0,3,4,6,50.0
44,47,6,3,4,5,50.0
44,46,15,3,4,6,50.0
44,45,18,3,4,5,50.0
44,43,3,3,4,4,50.0
44,42,3,3,5,4,50.0
44,41,69,3,5,3,50.0
44,40,30,3,5,4,50.0
44,39,39,3,5,3,50.0
35,10,71,3,3,6,50.0
35,13,72,3,4,6,50.0
44,38,15,3,5,4,50.0
44,36,33,3,5,4,50.0
44,35,0,3,5,4,50.0
44,34,6,3,5,5,50.0
35,14,39,3,4,6,50.0
44,33,9,3,5,6,50.0
44,31,57,3,5,6,50.0
35,15,75,3,4,6,50.0
44,30,63,3,5,6,50.0
35,16,77,3,5,6,50.0
44,29,36,3,5,6,50.0
44,18,75,3,5,6,50.0
44,13,75,3,6,6,50.0
44,10,42,3,5,6,50.0
44,6,60,3,5,6,50.0
35,29,45,3,4,6,50.0
35,30,57,3,4,6,50.0
35,31,48,3,4,6,50.0
43,99,62,3,4,6,50.0
43,98,42,3,4,6,50.0
43,97,65,3,4,6,50.0
35,32,3,3,4,6,50.0
43,96,30,3,4,6,50.0
43,95,54,3,4,6,50.0
35,33,6,3,4,6,50.0
35,34,9,3,4,5,50.0
43,88,74,3,4,6,50.0
35,37,12,3,4,4,50.0
35,38,18,3,4,4,50.0
43,87,33,3,4,6,50.0
35,40,24,3,4,4,50.0
43,86,70,3,4,6,50.0
35,41,54,3,4,3,50.0
43,83,24,3,5,6,50.0
35,42,27,3,4,4,50.0
35,43,51,3,4,4,50.0
35,45,15,3,4,6,50.0
35,47,60,3,4,5,50.0
43,82,21,3,4,6,50.0
35,49,30,3,4,6,50.0
43,80,77,3,4,6,50.0
35,50,24,3,5,5,50.0
43,75,36,3,4,6,50.0
35,51,51,3,5,6,50.0
35,52,64,3,4,6,50.0
43,74,33,3,5,6,50.0
35,53,42,3,4,6,50.0
35,54,69,3,4,6,50.0
35,55,45,3,5,6,50.0
43,69,42,3,5,6,50.0
35,61,39,3,5,6,50.0
35,62,62,3,5,6,50.0
43,67,57,3,4,6,50.0
35,63,75,3,6,6,50.0
35,69,33,3,4,6,50.0
43,62,51,3,5,6,50.0
43,61,48,3,5,6,50.0
43,58,66,3,5,6,50.0
43,57,45,3,5,6,50.0
43,56,57,3,5,6,50.0
35,72,33,3,5,6,50.0
43,53,30,3,5,6,50.0
43,52,74,3,5,6,50.0
43,50,3,3,5,6,50.0
35,73,42,3,5,6,50.0
35,75,21,3,5,6,50.0
43,47,39,3,4,6,50.0
43,46,0,3,5,6,50.0
43,45,6,3,5,6,50.0
35,80,30,3,5,6,50.0
43,42,21,3,5,4,50.0
43,40,27,3,5,4,50.0
35,82,18,3,5,6,50.0
43,39,54,3,5,3,50.0
43,38,36,3,5,4,50.0
43,37,15,3,5,4,50.0
43,33,18,3,5,6,50.0
35,83,70,3,5,6,50.0
43,32,9,3,5,6,50.0
43,31,60,3,5,6,50.0
43,28,63,3,5,6,50.0
35,86,33,3,6,6,50.0
35,88,63,3,6,6,50.0
43,14,70,3,5,6,50.0
35,89,54,3,5,6,50.0
43,10,33,3,6,6,50.0
43,6,52,3,6,6,50.0
42,98,45,3,4,6,50.0
42,96,39,3,4,6,50.0
42,94,36,3,4,6,50.0
42,89,66,3,4,6,50.0
35,94,57,3,5,6,50.0
35,95,45,3,6,6,50.0
35,96,24,3,6,6,50.0
42,86,63,3,5,6,50.0
42,82,66,3,5,6,50.0
42,80,33,3,4,6,50.0
35,98,56,3,6,6,50.0
42,75,70,3,4,6,50.0
42,73,70,3,5,6,50.0
42,67,73,3,4,6,50.0
42,62,73,3,5,6,50.0
42,61,59,3,4,6,50.0
42,57,76,3,4,6,50.0
42,53,36,3,5,6,50.0
42,52,51,3,5,6,50.0
42,50,9,3,5,6,50.0
42,49,15,3,5,6,50.0
42,48,3,3,5,6,50.0
42,46,12,3,5,6,50.0
42,45,18,3,5,6,50.0
42,43,42,3,4,6,50.0
42,39,48,3,4,3,50.0
36,14,42,3,4,6,50.0
42,38,21,3,5,4,50.0
42,35,0,3,5,5,50.0
42,34,6,3,5,6,50.0
42,33,33,3,5,6,50.0
42,31,54,3,5,6,50.0
42,30,66,3,6,6,50.0
36,28,48,3,4,6,50.0
42,14,45,3,5,6,50.0
36,29,54,3,4,6,50.0
36,30,69,3,4,6,50.0
36,31,51,3,4,6,50.0
42,10,36,3,6,6,50.0
36,32,45,3,4,6,50.0
36,33,15,3,4,6,50.0
36,35,27,3,4,5,50.0
42,1,48,3,5,6,50.0
36,37,24,3,4,4,50.0
36,38,30,3,4,4,50.0
36,39,60,3,4,3,50.0
36,40,36,3,4,4,50.0
36,41,39,3,4,4,50.0
41,94,42,3,4,6,50.0
36,43,77,3,4,5,50.0
36,44,72,3,4,5,50.0
41,89,30,3,4,6,50.0
36,45,57,3,4,6,50.0
41,87,12,3,4,6,50.0
36,46,63,3,4,6,50.0
41,82,63,3,4,6,50.0
36,47,18,3,5,5,50.0
36,48,9,3,5,6,50.0
36,49,66,3,4,6,50.0
36,53,45,3,5,6,50.0
36,56,63,3,5,6,50.0
36,57,68,3,5,6,50.0
36,58,72,3,5,6,50.0
41,75,24,3,4,6,50.0
41,74,51,3,4,6,50.0
41,73,63,3,5,6,50.0
36,62,65,3,6,6,50.0
41,72,60,3,4,6,50.0
36,67,51,3,5,6,50.0
41,67,76,3,5,6,50.0
36,69,68,3,6,6,50.0
41,61,66,3,4,6,50.0
41,58,75,3,6,6,50.0
36,72,75,3,5,6,50.0
41,56,45,3,4,6,50.0
36,75,30,3,5,6,50.0
41,53,51,3,5,6,50.0
41,50,15,3,4,6,50.0
41,49,21,3,4,6,50.0
41,48,27,3,4,6,50.0
41,47,57,3,4,5,50.0
41,46,9,3,4,6,50.0
41,44,18,3,4,5,50.0
41,43,0,3,4,6,50.0
41,40,54,3,4,4,50.0
41,38,33,3,4,4,50.0
41,37,36,3,4,4,50.0
36,89,57,3,5,6,50.0
41,36,48,3,4,5,50.0
41,35,69,3,4,6,50.0
36,95,60,3,5,6,50.0
36,96,54,3,5,6,50.0
41,34,72,3,4,6,50.0
41,33,0,3,5,6,50.0
41,31,66,3,5,6,50.0
41,30,72,3,5,6,50.0
41,29,48,3,5,6,50.0
41,28,70,3,6,6,50.0
41,14,63,3,6,6,50.0
41,10,54,3,5,6,50.0
37,14,73,3,4,6,50.0
40,96,57,3,4,6,50.0
40,95,57,3,5,6,50.0
40,89,51,3,4,6,50.0
37,28,76,3,4,6,50.0
40,74,66,3,4,6,50.0
37,29,57,3,4,6,50.0
40,69,71,3,4,6,50.0
37,31,69,3,4,6,50.0
40,56,74,3,4,6,50.0
37,32,42,3,4,6,50.0
40,50,77,3,4,6,50.0
40,48,45,3,4,6,50.0
40,47,63,3,4,5,50.0
40,44,42,3,4,6,50.0
37,33,21,3,4,6,50.0
40,43,60,3,4,6,50.0
40,41,3,3,5,5,50.0
40,36,0,3,5,5,50.0
37,34,53,3,4,5,50.0
40,35,6,3,5,5,50.0
40,34,15,3,5,5,50.0
40,32,48,3,5,6,50.0
40,31,72,3,5,6,50.0
40,29,65,3,5,6,50.0
37,35,48,3,4,5,50.0
40,28,73,3,6,6,50.0
37,36,27,3,4,5,50.0
37,41,30,3,4,5,50.0
40,14,76,3,5,6,50.0
37,44,33,3,4,6,50.0
37,45,39,3,4,6,50.0
37,46,45,3,4,6,50.0
37,48,60,3,4,6,50.0
37,49,63,3,4,6,50.0
37,50,12,3,5,6,50.0
37,53,61,3,5,6,50.0
37,56,71,3,5,6,50.0
39,75,39,3,4,6,50.0
39,74,77,3,3,6,50.0
39,72,63,3,4,6,50.0
39,69,74,3,3,6,50.0
39,61,51,3,4,6,50.0
39,56,77,3,4,6,50.0
39,53,73,3,4,6,50.0
39,50,21,3,4,6,50.0
39,49,24,3,4,6,50.0
39,48,12,3,4,6,50.0
39,47,0,3,4,6,50.0
39,46,18,3,4,6,50.0
39,45,3,3,4,6,50.0
39,44,6,3,4,6,50.0
37,72,66,3,4,6,50.0
39,43,9,3,4,6,50.0
39,42,27,3,4,5,50.0
37,74,24,3,5,6,50.0
39,41,15,3,4,5,50.0
39,40,30,3,4,5,50.0
37,75,45,3,5,6,50.0
39,38,42,3,4,4,50.0
39,37,33,3,4,5,50.0
39,36,36,3,4,5,50.0
39,34,45,3,4,6,50.0
39,33,48,3,4,6,50.0
39,32,54,3,4,6,50.0
39,31,75,3,5,6,50.0
39,29,68,3,4,6,50.0
37,89,69,3,6,6,50.0
38,96,60,3,4,6,50.0
38,75,54,3,4,6,50.0
38,61,69,3,4,6,50.0
38,53,76,3,4,6,50.0
38,49,39,3,4,6,50.0
38,48,63,3,4,6,50.0
38,47,24,3,4,5,50.0
38,46,27,3,4,6,50.0
38,45,66,3,4,6,50.0
38,44,3,3,4,6,50.0
38,42,57,3,4,5,50.0
38,39,45,3,4,5,50.0
38,36,48,3,4,6,50.0
38,35,73,3,4,5,50.0
38,34,0,3,5,5,50.0
38,32,6,3,5,6,50.0
