src,dst,spec,slots_used,core_src,core_dst,cores_used,tfk_slot
0,41,77,3,0,0,1,38.0
0,62,74,3,0,0,1,38.0
99,22,0,18,0,0,1,424.0
98,62,0,18,0,0,1,424.0
0,70,71,3,0,0,1,38.0
0,79,68,3,0,0,1,38.0
98,49,18,18,0,0,1,424.0
1,70,77,3,0,0,1,38.0
1,75,74,3,0,0,1,38.0
97,95,0,18,0,0,1,424.0
1,76,71,3,0,0,1,38.0
94,95,18,18,0,0,1,424.0
1,86,68,3,0,0,1,38.0
1,87,65,3,0,0,1,38.0
94,83,0,18,0,0,1,424.0
93,57,0,18,0,0,1,424.0
2,1,62,3,0,0,1,38.0
93,9,18,18,0,0,1,424.0
91,59,0,18,0,0,1,424.0
2,6,77,3,0,0,1,38.0
2,11,74,3,0,0,1,38.0
91,56,18,18,0,0,1,424.0
91,50,36,18,0,0,1,424.0
89,22,18,18,0,0,1,424.0
2,14,71,3,0,0,1,38.0
2,20,68,3,0,0,1,38.0
88,56,0,18,0,0,1,424.0
88,16,18,18,0,0,1,424.0
87,24,0,18,0,0,1,424.0
2,26,65,3,0,0,1,38.0
2,36,59,3,0,0,1,38.0
87,4,18,18,0,0,1,424.0
2,43,56,3,0,0,1,38.0
86,75,0,18,0,0,1,424.0
2,52,53,3,0,0,1,38.0
85,98,36,18,0,0,1,424.0
85,97,18,18,0,0,1,424.0
2,55,50,3,0,0,1,38.0
2,63,47,3,0,0,1,38.0
84,66,0,18,0,0,1,424.0
83,56,36,18,0,0,1,424.0
2,66,44,3,0,0,1,38.0
80,92,0,18,0,0,1,424.0
2,93,41,3,0,0,1,38.0
80,68,18,18,0,0,1,424.0
2,94,38,3,0,0,1,38.0
3,13,77,3,0,0,1,38.0
3,17,74,3,0,0,1,38.0
3,23,71,3,0,0,1,38.0
3,24,68,3,0,0,1,38.0
80,4,36,18,0,0,1,424.0
79,52,0,18,0,0,1,424.0
78,67,0,18,0,0,1,424.0
77,72,0,18,0,0,1,424.0
3,28,65,3,0,0,1,38.0
3,51,62,3,0,0,1,38.0
3,55,59,3,0,0,1,38.0
75,87,36,18,0,0,1,424.0
3,56,56,3,0,0,1,38.0
74,81,0,18,0,0,1,424.0
72,93,44,18,0,0,1,424.0
72,35,18,18,0,0,1,424.0
69,90,0,18,0,0,1,424.0
69,48,18,18,0,0,1,424.0
3,66,53,3,0,0,1,38.0
3,86,50,3,0,0,1,38.0
3,90,47,3,0,0,1,38.0
69,47,36,18,0,0,1,424.0
4,59,77,3,0,0,1,38.0
4,62,71,3,0,0,1,38.0
63,84,18,18,0,0,1,424.0
5,10,77,3,0,0,1,38.0
63,60,0,18,0,0,1,424.0
5,23,74,3,0,0,1,38.0
5,28,71,3,0,0,1,38.0
61,95,36,18,0,0,1,424.0
5,30,68,3,0,0,1,38.0
5,43,65,3,0,0,1,38.0
60,39,18,18,0,0,1,424.0
5,45,62,3,0,0,1,38.0
5,61,59,3,0,0,1,38.0
59,73,18,18,0,0,1,424.0
5,62,56,3,0,0,1,38.0
59,45,36,18,0,0,1,424.0
5,79,53,3,0,0,1,38.0
58,81,18,18,0,0,1,424.0
5,95,50,3,0,1,1,38.0
5,99,47,3,0,0,1,38.0
6,15,74,3,0,0,1,38.0
58,51,0,18,0,0,1,424.0
6,41,71,3,0,0,1,38.0
6,48,68,3,0,0,1,38.0
57,69,54,18,0,0,1,424.0
6,54,65,3,0,0,1,38.0
57,49,36,18,0,0,1,424.0
6,75,62,3,0,0,1,38.0
57,35,18,18,0,1,1,424.0
52,92,18,18,0,0,1,424.0
7,13,74,3,0,0,1,38.0
52,84,56,18,0,0,1,424.0
7,16,77,3,0,0,1,38.0
52,45,0,18,1,0,1,424.0
7,17,71,3,0,0,1,38.0
51,82,18,18,0,0,1,424.0
7,35,68,3,0,0,1,38.0
7,66,65,3,0,0,1,38.0
7,71,62,3,0,0,1,38.0
8,13,71,3,0,0,1,38.0
51,40,36,18,0,0,1,424.0
51,30,0,18,1,0,1,424.0
8,32,77,3,0,0,1,38.0
50,65,0,18,0,0,1,424.0
50,41,18,18,0,0,1,424.0
8,35,74,3,0,0,1,38.0
49,13,0,18,0,0,1,424.0
8,36,68,3,0,0,1,38.0
8,44,65,3,0,0,1,38.0
48,56,0,18,0,1,1,424.0
48,53,36,18,0,0,1,424.0
46,91,54,18,0,0,1,424.0
8,56,62,3,0,0,1,38.0
8,65,59,3,0,0,1,38.0
8,81,56,3,0,0,1,38.0
8,90,53,3,0,0,1,38.0
46,49,0,18,0,1,1,424.0
46,44,18,18,0,0,1,424.0
9,1,59,3,0,0,1,38.0
42,11,0,18,0,0,1,424.0
9,3,44,3,0,0,1,38.0
9,46,77,3,0,0,1,38.0
9,75,71,3,0,0,1,38.0
9,94,74,3,0,0,1,38.0
10,13,68,3,0,0,1,38.0
10,14,74,3,0,0,1,38.0
41,54,0,18,0,0,1,424.0
41,44,36,18,0,0,1,424.0
10,23,65,3,0,0,1,38.0
40,36,0,18,0,0,1,424.0
10,57,71,3,0,1,1,38.0
10,91,62,3,0,1,1,38.0
10,93,38,3,0,0,1,38.0
10,98,59,3,0,0,1,38.0
36,75,18,18,0,0,1,424.0
36,58,36,18,0,0,1,424.0
11,6,59,3,0,0,1,38.0
11,16,71,3,0,0,1,38.0
11,30,77,3,0,0,1,38.0
11,53,68,3,0,0,1,38.0
11,58,65,3,0,0,1,38.0
36,55,0,18,1,0,1,424.0
11,71,56,3,0,0,1,38.0
11,83,62,3,0,0,1,38.0
33,85,0,18,0,0,1,424.0
11,89,53,3,0,0,1,38.0
12,1,56,3,0,0,1,38.0
12,5,44,3,0,0,1,38.0
33,21,18,18,0,0,1,424.0
28,94,41,18,0,0,1,424.0
28,4,0,18,0,0,1,424.0
12,60,77,3,0,0,1,38.0
12,61,74,3,0,0,1,38.0
27,52,18,18,0,1,1,424.0
12,62,68,3,0,0,1,38.0
12,79,71,3,0,0,1,38.0
23,95,0,18,0,1,1,424.0
13,16,65,3,0,0,1,38.0
23,77,18,18,0,0,1,424.0
22,26,36,18,0,0,1,424.0
13,18,62,3,0,0,1,38.0
22,0,54,18,0,1,1,424.0
21,81,36,18,0,0,1,424.0
21,53,0,18,0,0,1,424.0
21,18,54,18,0,1,1,424.0
21,12,0,18,1,0,1,424.0
13,24,59,3,0,0,1,38.0
16,87,0,18,0,1,1,424.0
15,37,0,18,0,0,1,424.0
14,94,0,18,0,1,1,424.0
13,39,56,3,0,0,1,38.0
13,54,53,3,0,0,1,38.0
13,56,50,3,0,1,1,38.0
13,61,33,3,0,0,1,38.0
13,83,30,3,0,0,1,38.0
4,90,18,18,1,0,1,424.0
14,1,53,3,0,0,1,38.0
14,9,68,3,0,0,1,38.0
14,11,50,3,0,0,1,38.0
14,19,77,3,0,0,1,38.0
14,28,62,3,0,0,1,38.0
3,34,0,18,0,0,1,424.0
14,31,65,3,0,0,1,38.0
3,9,18,18,0,1,1,424.0
14,32,59,3,0,0,1,38.0
14,42,56,3,0,0,1,38.0
1,38,0,18,0,0,1,424.0
14,60,47,3,0,0,1,38.0
14,70,44,3,0,0,1,38.0
14,98,41,3,0,1,1,38.0
0,90,0,18,0,1,1,424.0
15,76,77,3,0,0,1,38.0
99,65,18,18,0,0,1,408.0
15,83,71,3,0,0,1,38.0
99,47,54,18,0,0,1,408.0
15,99,51,3,0,0,1,38.0
97,91,36,18,0,1,1,408.0
16,9,62,3,0,0,1,38.0
16,29,74,3,0,0,1,38.0
97,12,54,18,0,1,1,408.0
97,1,18,18,1,0,1,408.0
96,85,54,18,0,0,1,408.0
16,30,59,3,0,0,1,38.0
96,79,18,18,0,0,1,408.0
96,58,0,18,0,1,1,408.0
16,51,68,3,0,0,1,38.0
16,60,56,3,0,0,1,38.0
16,65,53,3,0,0,1,38.0
17,5,41,3,0,0,1,38.0
17,15,68,3,0,0,1,38.0
96,22,36,18,0,1,1,408.0
96,13,0,18,1,1,1,408.0
95,64,54,18,0,0,1,408.0
95,57,18,18,1,1,1,408.0
17,18,77,3,0,0,1,38.0
17,19,65,3,0,0,1,38.0
94,57,36,18,1,1,1,408.0
94,14,18,18,1,0,1,408.0
92,78,36,18,0,0,1,408.0
17,24,62,3,0,0,1,38.0
92,64,54,18,0,1,1,408.0
17,34,59,3,0,0,1,38.0
92,8,0,18,1,0,1,408.0
17,60,53,3,0,0,1,38.0
17,66,56,3,0,0,1,38.0
17,75,50,3,0,1,1,38.0
91,67,18,18,1,0,1,408.0
91,57,0,18,1,1,1,408.0
91,11,18,18,2,0,1,408.0
90,37,56,18,0,0,1,408.0
90,34,18,18,1,0,1,408.0
90,26,36,18,1,1,1,408.0
89,85,0,18,0,1,1,408.0
89,57,56,18,0,2,1,408.0
88,72,62,18,0,0,1,408.0
17,89,47,3,0,0,1,38.0
18,5,38,3,0,0,1,38.0
88,64,36,18,0,0,1,408.0
18,23,68,3,0,0,1,38.0
88,37,18,18,1,0,1,408.0
87,99,18,18,1,1,1,408.0
87,29,36,18,1,0,1,408.0
86,69,18,18,0,1,1,408.0
86,45,18,18,1,0,1,408.0
86,32,0,18,1,0,1,408.0
18,24,74,3,0,0,1,38.0
85,81,59,18,1,0,1,408.0
84,93,36,18,0,1,1,408.0
84,91,0,18,1,2,1,408.0
18,45,71,3,0,0,1,38.0
18,48,65,3,0,0,1,38.0
83,87,54,18,1,1,1,408.0
83,77,36,18,1,0,1,408.0
18,53,59,3,0,0,1,38.0
83,42,18,18,1,0,1,408.0
18,60,50,3,0,0,1,38.0
82,16,0,18,0,1,1,408.0
18,68,56,3,0,0,1,38.0
81,73,0,18,1,0,1,408.0
81,37,36,18,1,0,1,408.0
19,21,74,3,0,0,1,38.0
80,56,54,18,0,1,1,408.0
80,24,18,18,1,0,1,408.0
79,55,18,18,1,0,1,408.0
19,47,33,3,0,0,1,38.0
19,56,71,3,0,0,1,38.0
19,89,50,3,0,0,1,38.0
78,95,54,18,0,1,1,408.0
78,58,18,18,0,1,1,408.0
20,8,50,3,0,0,1,38.0
20,9,65,3,0,0,1,38.0
76,85,18,18,0,1,1,408.0
20,10,56,3,0,0,1,38.0
76,46,36,18,0,0,1,408.0
20,16,47,3,0,0,1,38.0
76,0,0,18,0,1,1,408.0
75,57,0,18,1,2,1,408.0
20,30,74,3,0,0,1,38.0
75,31,18,18,1,0,1,408.0
74,82,36,18,0,0,1,408.0
20,79,77,3,0,0,1,38.0
74,39,59,18,0,0,1,408.0
74,29,18,18,0,0,1,408.0
20,86,71,3,0,0,1,38.0
21,1,77,3,0,1,1,38.0
74,15,18,18,1,0,1,408.0
21,68,77,3,1,0,1,38.0
21,70,74,3,1,0,1,38.0
21,71,71,3,1,0,1,38.0
23,1,50,3,0,0,1,38.0
74,8,0,18,1,1,1,408.0
74,6,36,18,1,0,1,408.0
73,87,36,18,0,2,1,408.0
23,13,47,3,0,0,1,38.0
23,15,62,3,0,0,1,38.0
23,24,77,3,0,0,1,38.0
73,46,54,18,0,1,1,408.0
73,15,0,18,1,1,1,408.0
23,51,59,3,0,0,1,38.0
73,8,18,18,1,0,1,408.0
72,60,59,18,1,0,1,408.0
23,54,56,3,0,0,1,38.0
23,56,44,3,0,1,1,38.0
23,75,53,3,0,1,1,38.0
72,36,18,18,1,1,1,408.0
72,11,0,18,1,1,1,408.0
69,80,0,18,1,1,1,408.0
69,16,36,18,1,1,1,408.0
23,99,41,3,0,0,1,38.0
67,28,36,18,0,1,1,408.0
24,43,71,3,0,0,1,38.0
67,22,54,18,0,1,1,408.0
24,49,65,3,0,0,1,38.0
65,99,62,18,0,1,1,408.0
24,64,51,3,0,1,1,38.0
65,80,36,18,1,1,1,408.0
24,94,56,3,0,1,1,38.0
25,17,44,3,0,0,1,38.0
65,70,0,18,1,0,1,408.0
25,28,77,3,0,0,1,38.0
25,38,74,3,0,0,1,38.0
25,48,71,3,0,0,1,38.0
65,60,18,18,1,1,1,408.0
25,54,68,3,0,0,1,38.0
65,29,54,18,1,0,1,408.0
25,59,65,3,0,0,1,38.0
25,79,62,3,0,0,1,38.0
25,87,59,3,0,0,1,38.0
65,20,0,18,2,0,1,408.0
64,97,0,18,0,1,1,408.0
64,25,18,18,0,0,1,408.0
63,30,50,18,0,1,1,408.0
62,77,18,18,0,1,1,408.0
26,30,71,3,0,0,1,38.0
26,39,77,3,0,0,1,38.0
26,49,74,3,0,0,1,38.0
61,85,0,18,0,2,1,408.0
26,55,68,3,0,0,1,38.0
26,99,59,3,0,1,1,38.0
61,24,0,18,1,1,1,408.0
61,8,18,18,1,1,1,408.0
27,2,15,3,0,0,1,38.0
27,9,56,3,0,0,1,38.0
27,10,53,3,0,0,1,38.0
61,7,36,18,1,0,1,408.0
27,34,77,3,0,0,1,38.0
60,91,36,18,1,2,1,408.0
60,40,54,18,1,0,1,408.0
27,54,74,3,0,0,1,38.0
59,80,54,18,1,1,1,408.0
59,69,0,18,1,2,1,408.0
57,70,18,18,2,0,1,408.0
27,56,68,3,0,0,1,38.0
27,60,44,3,0,0,1,38.0
28,1,38,3,0,0,1,38.0
28,2,35,3,0,0,1,38.0
28,3,74,3,0,1,1,38.0
28,6,32,3,0,0,1,38.0
28,36,68,3,0,1,1,38.0
28,40,29,3,0,0,1,38.0
28,56,59,3,0,0,1,38.0
55,39,0,18,1,0,1,408.0
52,71,36,18,1,0,1,408.0
28,58,26,3,0,2,1,38.0
28,97,23,3,0,2,1,38.0
29,9,15,3,0,0,1,38.0
52,55,54,18,1,1,1,408.0
52,17,0,18,2,0,1,408.0
29,23,77,3,0,1,1,38.0
29,30,12,3,0,1,1,38.0
51,91,54,18,1,2,1,408.0
50,61,54,18,0,1,1,408.0
29,71,9,3,0,0,1,38.0
29,86,6,3,0,2,1,38.0
50,54,18,18,1,0,1,408.0
50,34,36,18,1,0,1,408.0
50,19,0,18,1,0,1,408.0
30,12,65,3,0,0,1,38.0
30,13,44,3,0,0,1,38.0
30,38,62,3,0,0,1,38.0
30,47,30,3,0,0,1,38.0
48,70,47,18,1,0,1,408.0
30,53,56,3,0,0,1,38.0
47,77,0,18,0,1,1,408.0
30,72,41,3,0,0,1,38.0
47,37,0,18,1,1,1,408.0
30,78,53,3,0,1,1,38.0
46,53,18,18,1,0,1,408.0
46,41,0,18,1,1,1,408.0
30,90,50,3,0,0,1,38.0
46,24,36,18,1,1,1,408.0
44,40,0,18,0,1,1,408.0
40,73,36,18,1,1,1,408.0
31,40,77,3,0,0,1,38.0
40,51,18,18,1,1,1,408.0
38,76,18,18,0,1,1,408.0
37,66,18,18,1,0,1,408.0
31,45,74,3,0,0,1,38.0
31,49,71,3,0,0,1,38.0
31,67,68,3,0,1,1,38.0
36,77,36,18,1,1,1,408.0
34,77,54,18,1,0,1,408.0
33,69,54,18,0,1,1,408.0
33,7,36,18,0,1,1,408.0
33,3,0,18,1,1,1,408.0
32,10,50,3,0,0,1,38.0
32,2,18,18,0,1,1,408.0
31,87,0,18,0,2,1,408.0
30,91,15,18,1,3,1,408.0
30,20,18,18,2,0,1,408.0
29,98,62,18,1,0,1,408.0
29,53,0,18,1,1,1,408.0
32,21,68,3,0,1,1,38.0
32,22,74,3,0,0,1,38.0
32,36,71,3,0,0,1,38.0
32,38,65,3,0,0,1,38.0
27,92,18,18,1,1,1,408.0
32,49,62,3,0,0,1,38.0
27,62,36,18,1,0,1,408.0
32,81,56,3,0,1,1,38.0
32,86,53,3,0,0,1,38.0
27,40,54,18,1,1,1,408.0
32,93,47,3,0,2,1,38.0
33,1,74,3,0,1,1,38.0
27,37,0,18,1,2,1,408.0
33,19,77,3,0,1,1,38.0
33,32,44,3,1,0,1,38.0
26,5,0,18,0,0,1,408.0
33,44,77,3,1,0,1,38.0
33,53,74,3,1,0,1,38.0
33,68,71,3,1,0,1,38.0
25,22,0,18,0,1,1,408.0
23,50,54,18,1,1,1,408.0
23,40,0,18,1,2,1,408.0
34,4,74,3,0,0,1,38.0
34,10,71,3,0,1,1,38.0
22,51,18,18,1,2,1,408.0
34,14,68,3,0,1,1,38.0
34,40,65,3,0,2,1,38.0
21,87,18,18,1,2,1,408.0
20,56,18,18,1,1,1,408.0
20,12,0,18,1,1,1,408.0
20,11,36,18,1,1,1,408.0
34,58,62,3,0,0,1,38.0
18,73,0,18,0,2,1,408.0
34,81,56,3,0,2,1,38.0
34,94,77,3,1,0,1,38.0
18,43,18,18,0,0,1,408.0
17,79,18,18,0,2,1,408.0
16,72,18,18,1,2,1,408.0
15,49,18,18,1,1,1,408.0
35,1,47,3,0,0,1,38.0
35,23,38,3,0,0,1,38.0
35,67,77,3,0,0,1,38.0
14,81,18,18,1,1,1,408.0
14,53,36,18,1,1,1,408.0
14,22,0,18,1,2,1,408.0
14,7,0,18,2,0,1,408.0
36,6,56,3,0,0,1,38.0
36,10,77,3,0,1,1,38.0
13,11,18,18,1,1,1,408.0
12,45,18,18,0,1,1,408.0
11,20,54,18,1,1,1,408.0
9,31,36,18,1,0,1,408.0
8,43,36,18,1,0,1,408.0
8,6,54,18,1,1,1,408.0
36,18,74,3,0,1,1,38.0
36,28,65,3,0,1,1,38.0
36,35,62,3,0,0,1,38.0
36,45,77,3,1,0,1,38.0
7,81,18,18,0,2,1,408.0
36,66,74,3,1,0,1,38.0
7,27,0,18,1,2,1,408.0
36,88,59,3,1,0,1,38.0
37,4,77,3,0,1,1,38.0
37,38,74,3,0,1,1,38.0
7,25,18,18,1,1,1,408.0
37,82,77,3,1,0,1,38.0
38,4,68,3,0,0,1,38.0
38,5,77,3,0,1,1,38.0
7,22,54,18,1,2,1,408.0
7,3,18,18,2,1,1,408.0
5,3,18,18,0,2,1,408.0
38,16,50,3,0,0,1,38.0
4,32,0,18,1,1,1,408.0
38,19,59,3,0,0,1,38.0
4,15,36,18,1,1,1,408.0
3,52,36,18,1,2,1,408.0
38,24,47,3,0,0,1,38.0
3,21,54,18,1,2,1,408.0
0,82,18,18,0,1,1,408.0
0,55,36,18,0,1,1,408.0
0,39,36,18,1,0,1,408.0
38,34,44,3,0,1,1,38.0
0,36,18,18,1,2,1,408.0
0,31,0,18,2,1,1,408.0
38,37,71,3,0,1,1,38.0
38,39,56,3,0,1,1,38.0
38,44,53,3,0,1,1,38.0
38,54,41,3,0,0,1,38.0
0,30,36,18,2,2,1,408.0
38,55,38,3,0,0,1,38.0
38,56,77,3,1,0,1,38.0
38,63,71,3,1,0,1,38.0
0,24,18,18,2,1,1,408.0
99,31,36,17,1,1,1,392.0
38,66,68,3,1,0,1,38.0
96,46,18,17,1,2,1,392.0
96,14,35,17,1,2,1,392.0
38,71,65,3,1,0,1,38.0
38,82,62,3,1,0,1,38.0
38,97,59,3,1,1,1,38.0
95,53,18,17,2,1,1,392.0
38,98,56,3,1,0,1,38.0
39,5,74,3,1,1,1,38.0
39,12,62,3,1,0,1,38.0
39,27,71,3,1,0,1,38.0
39,87,77,3,1,0,1,38.0
95,42,36,17,2,0,1,392.0
40,35,74,3,0,1,1,38.0
41,5,68,3,0,1,1,38.0
41,18,74,3,0,2,1,38.0
94,53,59,17,1,1,1,392.0
41,27,65,3,0,0,1,38.0
41,52,62,3,0,2,1,38.0
94,44,0,17,2,1,1,392.0
41,76,59,3,0,0,1,38.0
41,89,56,3,0,1,1,38.0
42,2,77,3,0,1,1,38.0
93,84,62,17,0,1,1,392.0
93,44,17,17,1,1,1,392.0
93,28,0,17,1,1,1,392.0
42,14,74,3,0,1,1,38.0
42,23,71,3,0,2,1,38.0
42,54,62,3,0,0,1,38.0
42,71,68,3,0,0,1,38.0
42,72,53,3,0,1,1,38.0
92,93,54,17,1,1,1,392.0
92,81,36,17,1,2,1,392.0
42,79,65,3,0,0,1,38.0
92,73,54,17,2,1,1,392.0
42,82,59,3,0,0,1,38.0
92,70,0,17,2,1,1,392.0
42,95,77,3,1,0,1,38.0
43,9,12,3,0,0,1,38.0
43,17,77,3,0,1,1,38.0
43,29,3,3,0,0,1,38.0
92,50,17,17,2,2,1,392.0
91,85,36,17,3,1,1,392.0
91,20,53,17,3,2,1,392.0
43,42,74,3,0,1,1,38.0
43,66,62,3,0,0,1,38.0
43,79,59,3,0,0,1,38.0
43,82,68,3,0,0,1,38.0
90,18,54,17,1,2,1,392.0
44,8,74,3,0,1,1,38.0
89,66,0,17,1,1,1,392.0
44,11,71,3,0,2,1,38.0
88,39,0,17,1,1,1,392.0
44,17,68,3,0,1,1,38.0
44,18,62,3,0,3,1,38.0
44,35,59,3,0,0,1,38.0
44,49,56,3,0,0,1,38.0
44,53,77,3,1,0,1,38.0
88,32,36,17,1,1,1,392.0
44,61,71,3,1,0,1,38.0
87,95,54,17,2,2,1,392.0
44,67,74,3,1,0,1,38.0
44,72,38,3,1,0,1,38.0
87,85,18,17,3,2,1,392.0
44,79,56,3,1,0,1,38.0
44,88,68,3,1,1,1,38.0
87,82,0,17,3,1,1,392.0
44,89,44,3,1,0,1,38.0
44,92,50,3,1,2,1,38.0
44,97,65,3,1,1,1,38.0
87,40,35,17,3,2,1,392.0
45,9,68,3,0,1,1,38.0
86,25,36,17,1,1,1,392.0
86,13,53,17,1,1,1,392.0
45,13,65,3,0,2,1,38.0
45,17,59,3,0,1,1,38.0
85,90,35,17,2,2,1,392.0
85,89,59,17,2,1,1,392.0
45,32,56,3,0,1,1,38.0
45,34,74,3,1,1,1,38.0
85,6,0,17,3,0,1,392.0
84,7,36,17,1,2,1,392.0
45,53,71,3,1,0,1,38.0
83,55,0,17,1,2,1,392.0
45,55,77,3,1,0,1,38.0
83,54,0,17,2,1,1,392.0
45,68,68,3,1,0,1,38.0
82,74,54,17,1,1,1,392.0
82,26,36,17,1,2,1,392.0
45,84,59,3,1,1,1,38.0
45,97,62,3,1,1,1,38.0
45,99,44,3,1,0,1,38.0
46,19,74,3,0,1,1,38.0
80,55,18,17,2,1,1,392.0
46,48,77,3,1,0,1,38.0
46,54,74,3,1,1,1,38.0
46,68,74,3,2,0,1,38.0
80,51,36,17,2,1,1,392.0
80,33,53,17,2,1,1,392.0
47,3,77,3,0,1,1,38.0
78,12,18,17,1,1,1,392.0
77,81,59,17,1,1,1,392.0
77,69,18,17,2,2,1,392.0
47,45,74,3,0,2,1,38.0
77,27,35,17,2,2,1,392.0
47,54,27,3,0,1,1,38.0
47,63,24,3,0,1,1,38.0
47,64,21,3,0,1,1,38.0
47,89,18,3,0,1,1,38.0
48,3,74,3,0,2,1,38.0
77,24,54,17,2,1,1,392.0
76,72,36,17,1,1,1,392.0
48,7,59,3,0,0,1,38.0
48,18,56,3,0,3,1,38.0
48,31,62,3,0,0,1,38.0
76,40,0,17,1,3,1,392.0
76,30,54,17,1,2,1,392.0
76,22,18,17,2,2,1,392.0
76,15,54,17,2,1,1,392.0
48,35,71,3,1,0,1,38.0
48,61,77,3,1,0,1,38.0
48,72,74,3,1,2,1,38.0
76,6,0,17,2,1,1,392.0
48,99,38,3,1,0,1,38.0
49,1,68,3,0,1,1,38.0
49,8,77,3,0,1,1,38.0
49,26,59,3,0,1,1,38.0
75,69,56,17,1,2,1,392.0
49,32,41,3,1,0,1,38.0
49,41,77,3,1,1,1,38.0
74,52,36,17,2,0,1,392.0
49,45,65,3,1,1,1,38.0
74,45,0,17,2,1,1,392.0
74,28,17,17,2,1,1,392.0
74,23,53,17,2,2,1,392.0
74,16,54,17,3,1,1,392.0
72,71,0,17,2,1,1,392.0
72,62,36,17,2,1,1,392.0
72,26,53,17,2,2,1,392.0
49,48,68,3,1,1,1,38.0
49,51,74,3,1,0,1,38.0
49,62,62,3,1,0,1,38.0
70,42,17,17,1,1,1,392.0
49,79,50,3,1,0,1,38.0
50,60,77,3,0,1,1,38.0
67,99,0,17,1,1,1,392.0
50,62,74,3,0,1,1,38.0
50,79,74,3,1,0,1,38.0
67,33,18,17,1,1,1,392.0
51,34,77,3,0,2,1,38.0
51,41,71,3,0,1,1,38.0
66,1,17,17,1,1,1,392.0
65,63,36,17,0,1,1,392.0
65,54,30,17,2,1,1,392.0
63,54,53,17,1,1,1,392.0
52,10,74,3,0,1,1,38.0
63,12,0,17,1,2,1,392.0
62,68,0,17,1,0,1,392.0
62,9,17,17,1,2,1,392.0
61,79,0,17,2,1,1,392.0
52,19,77,3,0,2,1,38.0
59,56,18,17,1,2,1,392.0
52,32,77,3,1,1,1,38.0
52,39,74,3,1,2,1,38.0
59,22,35,17,1,2,1,392.0
58,49,36,17,1,2,1,392.0
52,86,77,3,2,0,1,38.0
53,2,65,3,0,1,1,38.0
53,26,62,3,0,0,1,38.0
58,20,53,17,1,3,1,392.0
58,18,0,17,2,1,1,392.0
56,47,35,17,2,1,1,392.0
53,59,56,3,1,0,1,38.0
56,32,59,17,2,1,1,392.0
55,78,35,17,2,1,1,392.0
53,85,77,3,1,0,1,38.0
54,23,50,3,0,1,1,38.0
55,6,74,3,0,1,1,38.0
52,97,18,17,2,3,1,392.0
52,80,0,17,3,2,1,392.0
52,48,17,17,3,1,1,392.0
51,55,52,17,2,2,1,392.0
55,7,56,3,0,0,1,38.0
50,40,34,17,2,3,1,392.0
50,7,0,17,2,2,1,392.0
48,39,0,17,1,2,1,392.0
55,10,47,3,0,0,1,38.0
55,11,44,3,0,0,1,38.0
55,52,71,3,0,2,1,38.0
55,62,65,3,0,0,1,38.0
47,62,53,17,1,1,1,392.0
47,13,18,17,1,2,1,392.0
46,90,0,17,2,2,1,392.0
55,75,41,3,0,1,1,38.0
55,79,62,3,0,1,1,38.0
46,51,35,17,2,3,1,392.0
46,15,52,17,2,2,1,392.0
55,81,53,3,0,2,1,38.0
45,67,35,17,2,1,1,392.0
55,93,77,3,1,1,1,38.0
45,58,52,17,2,2,1,392.0
55,94,74,3,1,2,1,38.0
45,43,0,17,2,1,1,392.0
56,26,74,3,0,1,1,38.0
43,77,17,17,1,3,1,392.0
43,31,53,17,1,1,1,392.0
43,15,34,17,1,2,1,392.0
56,41,65,3,0,1,1,38.0
56,59,74,3,1,0,1,38.0
42,84,0,17,1,2,1,392.0
56,64,77,3,1,0,1,38.0
56,79,47,3,1,0,1,38.0
42,58,34,17,1,2,1,392.0
42,33,51,17,1,2,1,392.0
42,1,0,17,2,1,1,392.0
40,84,18,17,2,1,1,392.0
39,23,18,17,1,1,1,392.0
56,88,41,3,1,2,1,38.0
38,64,0,17,1,1,1,392.0
38,29,18,17,1,1,1,392.0
36,59,0,17,2,2,1,392.0
57,10,77,3,0,2,1,38.0
57,16,74,3,0,1,1,38.0
36,7,53,17,2,2,1,392.0
34,93,0,17,1,2,1,392.0
34,48,17,17,1,2,1,392.0
57,19,68,3,1,0,1,38.0
57,24,77,3,1,1,1,38.0
57,25,56,3,1,0,1,38.0
33,99,0,17,2,2,1,392.0
33,98,17,17,2,1,1,392.0
33,94,34,17,2,2,1,392.0
33,87,52,17,3,3,1,392.0
57,37,74,3,1,1,1,38.0
33,37,18,17,3,2,1,392.0
57,48,65,3,1,1,1,38.0
33,8,0,17,3,2,1,392.0
57,71,59,3,1,0,1,38.0
57,78,62,3,1,1,1,38.0
32,53,18,17,1,2,1,392.0
57,79,44,3,2,0,1,38.0
58,15,59,3,0,0,1,38.0
31,97,18,17,1,4,1,392.0
31,69,35,17,2,2,1,392.0
58,16,77,3,0,1,1,38.0
31,60,0,17,2,1,1,392.0
31,21,17,17,2,2,1,392.0
31,18,52,17,2,4,1,392.0
58,24,74,3,0,1,1,38.0
58,39,68,3,0,1,1,38.0
58,60,71,3,0,2,1,38.0
58,90,56,3,0,2,1,38.0
29,83,35,17,1,2,1,392.0
59,10,68,3,0,1,1,38.0
29,55,17,17,2,2,1,392.0
29,24,0,17,2,2,1,392.0
59,11,62,3,0,2,1,38.0
27,61,18,17,2,2,1,392.0
59,15,71,3,0,1,1,38.0
27,16,52,17,2,2,1,392.0
59,16,59,3,0,3,1,38.0
59,24,77,3,1,2,1,38.0
26,68,18,17,0,1,1,392.0
26,53,0,17,1,2,1,392.0
26,3,17,17,1,3,1,392.0
25,85,53,17,1,3,1,392.0
25,30,0,17,1,2,1,392.0
59,35,74,3,1,2,1,38.0
59,47,77,3,2,1,1,38.0
59,66,71,3,2,0,1,38.0
23,29,34,17,2,2,1,392.0
22,77,0,17,3,2,1,392.0
59,68,65,3,2,0,1,38.0
59,89,74,3,2,0,1,38.0
22,63,17,17,3,2,1,392.0
22,37,36,17,3,1,1,392.0
60,15,41,3,0,0,1,38.0
22,32,53,17,3,2,1,392.0
60,73,38,3,0,2,1,38.0
21,82,36,17,1,2,1,392.0
21,69,0,17,2,3,1,392.0
21,39,35,17,2,1,1,392.0
60,74,74,3,1,1,1,38.0
61,1,65,3,0,1,1,38.0
61,4,62,3,0,0,1,38.0
61,6,29,3,0,0,1,38.0
21,26,0,17,3,2,1,392.0
61,10,26,3,0,0,1,38.0
21,5,17,17,3,1,1,392.0
19,93,17,17,1,2,1,392.0
19,42,34,17,1,2,1,392.0
19,25,0,17,1,2,1,392.0
18,38,35,17,1,1,1,392.0
61,16,23,3,0,2,1,38.0
17,11,0,17,1,2,1,392.0
17,2,18,17,1,0,1,392.0
61,28,20,3,0,0,1,38.0
16,36,0,17,2,3,1,392.0
15,56,0,17,2,2,1,392.0
15,50,17,17,2,3,1,392.0
14,79,52,17,2,2,1,392.0
14,39,18,17,2,2,1,392.0
10,76,0,17,0,3,1,392.0
61,30,68,3,0,1,1,38.0
10,50,51,17,1,2,1,392.0
10,31,0,17,1,3,1,392.0
9,82,0,17,1,2,1,392.0
61,39,56,3,0,2,1,38.0
61,44,77,3,1,2,1,38.0
9,58,0,17,2,3,1,392.0
9,43,34,17,2,2,1,392.0
8,75,17,17,2,2,1,392.0
61,54,74,3,1,2,1,38.0
61,66,77,3,2,0,1,38.0
8,61,35,17,2,2,1,392.0
6,88,17,17,1,2,1,392.0
61,67,74,3,2,1,1,38.0
6,82,34,17,1,3,1,392.0
6,64,24,17,2,1,1,392.0
61,71,71,3,2,1,1,38.0
61,98,68,3,2,1,1,38.0
62,11,77,3,0,1,1,38.0
6,13,0,17,2,2,1,392.0
62,29,59,3,0,1,1,38.0
62,35,77,3,1,1,1,38.0
5,36,36,17,1,2,1,392.0
62,39,71,3,1,2,1,38.0
3,50,0,17,2,3,1,392.0
62,71,77,3,2,0,1,38.0
62,79,41,3,2,0,1,38.0
2,51,0,17,1,2,1,392.0
2,38,36,17,1,2,1,392.0
62,93,74,3,2,1,1,38.0
62,99,56,3,2,1,1,38.0
63,16,44,3,0,0,1,38.0
0,95,54,17,2,3,1,392.0
0,43,0,17,3,2,1,392.0
0,34,17,17,3,2,1,392.0
0,4,54,17,3,1,1,392.0
99,38,17,17,2,2,1,376.0
63,23,74,3,0,1,1,38.0
63,34,41,3,0,1,1,38.0
63,35,68,3,0,1,1,38.0
99,6,41,17,2,2,1,376.0
63,37,77,3,0,2,1,38.0
94,58,17,17,2,3,1,376.0
93,40,51,17,2,3,1,376.0
92,76,35,17,3,2,1,376.0
92,16,0,17,3,3,1,376.0
92,9,52,17,3,2,1,376.0
63,39,38,3,0,2,1,38.0
89,63,34,17,1,2,1,376.0
87,71,12,17,4,0,1,376.0
87,60,29,17,4,2,1,376.0
63,61,77,3,1,3,1,38.0
87,27,46,17,4,3,1,376.0
63,72,71,3,1,2,1,38.0
63,79,74,3,1,1,1,38.0
63,89,31,3,1,1,1,38.0
85,71,17,17,3,1,1,376.0
64,2,74,3,0,1,1,38.0
85,26,34,17,3,3,1,376.0
84,99,58,17,2,2,1,376.0
84,48,34,17,2,2,1,376.0
64,26,77,3,1,1,1,38.0
82,94,53,17,2,2,1,376.0
80,83,17,17,3,2,1,376.0
64,30,47,3,1,0,1,38.0
78,20,0,17,1,2,1,376.0
64,43,74,3,1,1,1,38.0
64,56,44,3,1,3,1,38.0
77,93,0,17,3,3,1,376.0
77,6,58,17,3,2,1,376.0
75,20,34,17,2,2,1,376.0
74,37,35,17,3,2,1,376.0
64,68,41,3,1,0,1,38.0
64,76,18,3,1,3,1,38.0
74,17,0,17,3,2,1,376.0
64,83,77,3,2,0,1,38.0
65,5,56,3,0,1,1,38.0
65,10,74,3,1,2,1,38.0
74,10,17,17,3,1,1,376.0
73,63,51,17,2,2,1,376.0
65,12,77,3,1,1,1,38.0
73,37,18,17,2,3,1,376.0
72,33,35,17,3,3,1,376.0
68,29,51,17,1,2,1,376.0
66,59,34,17,1,2,1,376.0
66,16,62,17,1,3,1,376.0
65,17,74,3,2,1,1,38.0
63,83,0,17,2,3,1,376.0
65,19,62,3,2,0,1,38.0
61,60,0,17,3,2,1,376.0
65,25,53,3,2,0,1,38.0
60,27,46,17,2,4,1,376.0
59,65,17,17,2,3,1,376.0
57,45,17,17,3,2,1,376.0
65,28,77,3,2,1,1,38.0
65,34,50,3,2,1,1,38.0
65,41,68,3,2,1,1,38.0
65,45,56,3,2,1,1,38.0
57,28,0,17,3,2,1,376.0
65,48,71,3,2,2,1,38.0
53,82,51,17,2,3,1,376.0
65,71,65,3,2,1,1,38.0
65,79,59,3,2,1,1,38.0
66,15,48,3,0,0,1,38.0
66,19,41,3,0,0,1,38.0
50,70,34,17,3,1,1,376.0
50,48,51,17,3,2,1,376.0
66,23,38,3,0,1,1,38.0
50,46,0,17,4,3,1,376.0
66,52,59,3,0,2,1,38.0
50,33,17,17,4,4,1,376.0
66,55,59,3,1,3,1,38.0
49,34,0,17,2,2,1,376.0
66,56,56,3,1,2,1,38.0
66,62,53,3,1,2,1,38.0
49,5,17,17,2,2,1,376.0
48,5,0,17,2,1,1,376.0
66,64,74,3,2,2,1,38.0
66,65,47,3,2,2,1,38.0
46,88,44,17,3,2,1,376.0
66,99,77,3,2,0,1,38.0
67,6,77,3,1,1,1,38.0
45,24,17,17,3,2,1,376.0
67,8,71,3,1,2,1,38.0
67,12,59,3,1,0,1,38.0
42,94,17,17,2,3,1,376.0
40,47,17,17,3,2,1,376.0
67,25,65,3,1,2,1,38.0
38,23,0,17,2,2,1,376.0
67,49,56,3,1,1,1,38.0
67,62,62,3,1,2,1,38.0
67,73,53,3,1,3,1,38.0
67,75,77,3,2,0,1,38.0
67,78,74,3,2,0,1,38.0
67,84,56,3,2,1,1,38.0
37,70,53,17,1,1,1,376.0
34,33,34,17,2,4,1,376.0
67,96,71,3,2,1,1,38.0
68,23,47,3,0,1,1,38.0
68,38,53,3,0,1,1,38.0
68,57,50,3,0,2,1,38.0
68,75,59,3,0,0,1,38.0
31,0,34,17,3,3,1,376.0
68,83,62,3,0,2,1,38.0
68,89,38,3,0,0,1,38.0
68,92,44,3,0,2,1,38.0
30,17,33,17,1,2,1,376.0
29,46,17,17,3,3,1,376.0
68,98,77,3,1,1,1,38.0
69,19,74,3,0,2,1,38.0
69,39,77,3,0,2,1,38.0
69,44,74,3,1,2,1,38.0
28,47,34,17,2,2,1,376.0
69,55,77,3,1,2,1,38.0
69,56,77,3,2,2,1,38.0
69,60,74,3,2,2,1,38.0
69,62,53,3,2,3,1,38.0
69,79,38,3,3,0,1,38.0
27,78,0,17,3,2,1,376.0
69,89,77,3,3,0,1,38.0
70,9,41,3,0,0,1,38.0
70,11,38,3,0,0,1,38.0
27,43,17,17,3,2,1,376.0
26,90,17,17,2,2,1,376.0
70,33,68,3,0,2,1,38.0
23,93,17,17,2,3,1,376.0
22,28,17,17,4,2,1,376.0
21,41,34,17,3,1,1,376.0
70,62,65,3,0,2,1,38.0
71,21,74,3,0,2,1,38.0
20,43,17,17,2,3,1,376.0
20,40,0,17,3,4,1,376.0
71,26,31,3,0,3,1,38.0
71,32,6,3,0,2,1,38.0
19,51,52,17,1,3,1,376.0
18,90,17,17,1,3,1,376.0
16,47,26,17,2,3,1,376.0
71,40,77,3,1,1,1,38.0
71,96,3,3,0,2,1,38.0
72,10,56,3,1,2,1,38.0
72,37,77,3,1,3,1,38.0
72,51,77,3,2,1,1,38.0
72,63,28,3,3,1,1,38.0
15,40,17,17,3,4,1,376.0
14,57,34,17,3,3,1,376.0
13,81,36,17,1,3,1,376.0
12,21,35,17,1,4,1,376.0
11,88,17,17,2,3,1,376.0
9,88,0,17,3,2,1,376.0
8,14,52,17,2,3,1,376.0
7,57,51,17,3,3,1,376.0
72,68,74,3,3,1,1,38.0
3,16,36,17,2,3,1,376.0
72,98,71,3,3,1,1,38.0
73,26,77,3,0,2,1,38.0
73,31,74,3,0,1,1,38.0
73,34,74,3,1,2,1,38.0
73,35,71,3,1,1,1,38.0
0,98,0,17,4,1,1,376.0
73,39,77,3,1,3,1,38.0
99,87,73,4,0,0,1,66.0
73,47,74,3,2,1,1,38.0
73,53,77,3,2,2,1,38.0
99,75,76,4,2,1,1,66.0
99,30,37,4,2,0,1,66.0
99,15,55,4,3,0,1,66.0
73,55,71,3,2,2,1,38.0
98,97,55,4,1,1,1,66.0
98,95,46,4,1,1,1,66.0
73,66,68,3,2,2,1,38.0
98,91,64,4,1,4,1,66.0
73,67,48,3,2,2,1,38.0
73,98,35,3,2,1,1,38.0
98,82,60,4,1,4,1,66.0
74,41,56,3,0,1,1,38.0
98,71,51,4,1,1,1,66.0
74,47,77,3,0,2,1,38.0
98,48,43,4,2,1,1,66.0
74,53,71,3,1,2,1,38.0
74,71,77,3,1,2,1,38.0
98,47,70,4,2,1,1,66.0
75,1,56,3,0,1,1,38.0
98,29,55,4,2,1,1,66.0
75,3,68,3,0,2,1,38.0
98,21,64,4,2,1,1,66.0
98,20,60,4,2,0,1,66.0
98,16,39,4,2,0,1,66.0
98,10,34,4,2,0,1,66.0
75,5,65,3,0,1,1,38.0
75,6,73,3,1,3,1,38.0
75,12,47,3,1,0,1,38.0
98,6,25,4,2,0,1,66.0
97,92,76,4,0,0,1,66.0
97,87,72,4,0,1,1,66.0
75,18,44,3,1,0,1,38.0
75,47,38,3,1,4,1,38.0
75,62,71,3,2,2,1,38.0
97,47,73,4,1,2,1,66.0
75,70,77,3,2,1,1,38.0
75,79,68,3,2,1,1,38.0
97,44,69,4,1,2,1,66.0
97,39,51,4,1,2,1,66.0
75,89,53,3,2,1,1,38.0
76,4,65,3,0,0,1,38.0
76,44,62,3,0,1,1,38.0
76,62,68,3,0,2,1,38.0
76,70,74,3,0,1,1,38.0
97,18,47,4,1,2,1,66.0
97,4,43,4,1,2,1,66.0
96,93,76,4,0,2,1,66.0
76,71,56,3,0,1,1,38.0
76,79,77,3,1,1,1,38.0
96,86,72,4,0,1,1,66.0
77,9,77,3,0,1,1,38.0
96,77,76,4,1,1,1,66.0
77,19,74,3,0,3,1,38.0
77,68,56,3,1,2,1,38.0
96,67,67,4,1,2,1,66.0
77,71,74,3,2,1,1,38.0
96,63,63,4,1,3,1,66.0
78,8,77,3,0,2,1,38.0
96,55,55,4,1,3,1,66.0
96,52,59,4,1,3,1,66.0
78,30,77,3,1,1,1,38.0
78,31,59,3,1,0,1,38.0
96,48,34,4,2,1,1,66.0
96,44,65,4,2,2,1,66.0
78,36,71,3,1,1,1,38.0
78,37,74,3,1,2,1,38.0
96,35,55,4,2,0,1,66.0
96,23,43,4,2,1,1,66.0
78,44,56,3,1,2,1,38.0
96,6,21,4,2,0,1,66.0
96,3,39,4,2,0,1,66.0
95,92,72,4,0,0,1,66.0
78,62,68,3,1,3,1,38.0
78,90,65,3,1,2,1,38.0
78,98,74,3,2,1,1,38.0
95,81,76,4,1,1,1,66.0
79,1,44,3,1,0,1,38.0
79,46,71,3,1,2,1,38.0
95,65,72,4,1,3,1,66.0
79,74,65,3,1,4,1,38.0
79,75,56,3,1,2,1,38.0
79,92,47,3,1,2,1,38.0
80,2,77,3,0,2,1,38.0
80,39,74,3,0,3,1,38.0
80,41,74,3,1,1,1,38.0
95,51,42,4,1,2,1,66.0
95,22,38,4,1,4,1,66.0
80,64,77,3,1,3,1,38.0
95,16,76,4,2,2,1,66.0
94,98,70,4,0,3,1,66.0
94,97,66,4,0,2,1,66.0
80,79,77,3,2,2,1,38.0
94,80,62,4,0,3,1,66.0
81,9,77,3,0,2,1,38.0
94,68,76,4,1,2,1,66.0
81,10,71,3,2,2,1,38.0
81,41,62,3,2,1,1,38.0
81,48,77,3,2,2,1,38.0
94,67,70,4,2,3,1,66.0
94,59,61,4,3,2,1,66.0
81,56,74,3,2,3,1,38.0
82,45,71,3,0,2,1,38.0
82,62,74,3,0,3,1,38.0
94,31,55,4,3,0,1,66.0
82,70,65,3,0,2,1,38.0
94,12,51,4,3,0,1,66.0
82,84,55,3,0,2,1,38.0
94,10,43,4,3,0,1,66.0
94,5,76,4,3,2,1,66.0
94,3,72,4,3,3,1,66.0
93,88,72,4,2,1,1,66.0
83,2,68,3,0,1,1,38.0
93,82,68,4,2,3,1,66.0
83,4,59,3,0,0,1,38.0
83,24,74,3,0,2,1,38.0
93,77,43,4,2,3,1,66.0
93,73,39,4,2,3,1,66.0
93,29,35,4,2,3,1,66.0
93,27,61,4,3,0,1,66.0
93,1,52,4,3,1,1,66.0
92,95,72,4,1,2,1,66.0
83,25,56,3,0,2,1,38.0
83,31,65,3,0,3,1,38.0
92,89,76,4,1,1,1,66.0
83,34,33,3,0,3,1,38.0
92,61,73,4,2,3,1,66.0
83,66,27,3,0,2,1,38.0
83,71,24,3,0,2,1,38.0
84,2,74,3,0,2,1,38.0
92,59,40,4,2,3,1,66.0
84,6,77,3,0,2,1,38.0
84,15,53,3,1,3,1,38.0
92,51,36,4,2,2,1,66.0
92,46,76,4,3,3,1,66.0
92,42,70,4,3,1,1,66.0
84,17,52,3,2,1,1,38.0
92,38,31,4,3,3,1,66.0
92,37,27,4,3,4,1,66.0
92,35,23,4,3,2,1,66.0
92,4,19,4,3,2,1,66.0
91,97,76,4,0,2,1,66.0
84,19,30,3,2,0,1,38.0
84,25,77,3,2,1,1,38.0
84,43,27,3,2,4,1,38.0
84,51,24,3,2,3,1,38.0
84,56,21,3,2,3,1,38.0
84,79,18,3,2,3,1,38.0
91,96,72,4,0,2,1,66.0
91,80,73,4,1,2,1,66.0
91,79,69,4,1,2,1,66.0
91,66,58,4,1,2,1,66.0
85,8,74,3,0,2,1,38.0
91,26,54,4,1,0,1,66.0
91,25,65,4,1,3,1,66.0
91,18,76,4,2,3,1,66.0
85,9,53,3,1,0,1,38.0
91,13,72,4,2,1,1,66.0
91,9,8,4,3,0,1,66.0
85,30,77,3,1,2,1,38.0
91,8,76,4,3,3,1,66.0
91,6,4,4,3,3,1,66.0
90,86,43,4,0,0,1,66.0
85,44,56,3,1,3,1,38.0
90,78,39,4,0,2,1,66.0
85,55,77,3,2,3,1,38.0
90,56,76,4,0,4,1,66.0
85,66,55,3,2,2,1,38.0
90,48,76,4,1,3,1,66.0
90,19,72,4,1,4,1,66.0
90,17,76,4,2,2,1,66.0
85,79,52,3,2,1,1,38.0
86,1,62,3,0,1,1,38.0
90,6,69,4,2,3,1,66.0
86,2,59,3,0,1,1,38.0
89,84,27,4,1,3,1,66.0
89,81,23,4,1,3,1,66.0
89,75,64,4,2,2,1,66.0
89,69,73,4,2,3,1,66.0
89,68,69,4,2,1,1,66.0
89,51,55,4,2,0,1,66.0
89,23,60,4,2,3,1,66.0
86,7,74,3,0,1,1,38.0
86,9,47,3,0,0,1,38.0
88,82,55,4,0,4,1,66.0
86,19,56,3,0,0,1,38.0
86,31,65,3,0,4,1,38.0
86,34,38,3,0,1,1,38.0
86,35,77,3,1,2,1,38.0
86,48,74,3,2,2,1,38.0
88,81,76,4,1,3,1,66.0
86,56,38,3,2,1,1,38.0
86,57,77,3,2,2,1,38.0
88,76,64,4,1,3,1,66.0
86,84,71,3,2,3,1,38.0
86,88,61,3,2,1,1,38.0
88,75,57,4,1,3,1,66.0
88,53,53,4,1,3,1,66.0
86,94,68,3,2,3,1,38.0
88,49,37,4,2,1,1,66.0
86,95,15,3,2,2,1,38.0
88,48,72,4,2,3,1,66.0
87,19,70,3,0,1,1,38.0
87,56,62,3,0,3,1,38.0
88,34,68,4,2,2,1,66.0
88,11,77,3,2,2,1,38.0
89,2,41,3,0,2,1,38.0
89,24,44,3,2,0,1,38.0
88,26,64,4,2,1,1,66.0
89,30,34,3,2,0,1,38.0
89,32,38,3,2,0,1,38.0
89,36,77,3,2,2,1,38.0
88,12,40,4,3,0,1,66.0
89,37,52,3,2,2,1,38.0
88,8,46,4,3,0,1,66.0
89,43,15,3,2,0,1,38.0
88,4,55,4,3,0,1,66.0
89,56,49,3,2,3,1,38.0
89,77,41,3,2,4,1,38.0
87,48,55,4,0,3,1,66.0
87,42,76,4,1,2,1,66.0
87,16,72,4,2,2,1,66.0
89,93,31,3,2,4,1,38.0
86,96,51,4,2,2,1,66.0
86,67,44,4,2,2,1,66.0
90,10,36,3,0,1,1,38.0
86,59,57,4,2,2,1,66.0
86,50,64,4,2,4,1,66.0
90,23,73,3,2,3,1,38.0
90,61,62,3,2,2,1,38.0
90,62,59,3,2,2,1,38.0
90,79,53,3,2,3,1,38.0
86,44,34,4,2,1,1,66.0
86,43,11,4,2,3,1,66.0
90,88,61,3,3,2,1,38.0
91,1,77,3,1,2,1,38.0
86,18,30,4,2,2,1,66.0
91,4,73,3,3,1,1,38.0
91,17,70,3,3,2,1,38.0
85,93,76,4,3,3,1,66.0
91,32,33,3,3,2,1,38.0
85,62,72,4,3,4,1,66.0
91,54,12,3,3,2,1,38.0
85,59,53,4,4,2,1,66.0
85,46,72,4,4,3,1,66.0
85,41,30,4,4,1,1,66.0
85,39,67,4,4,2,1,66.0
92,25,77,3,2,2,1,38.0
92,30,27,3,4,0,1,38.0
92,31,77,3,4,1,1,38.0
85,28,61,4,4,1,1,66.0
85,13,40,4,4,0,1,66.0
84,97,39,4,3,1,1,66.0
84,80,76,4,3,3,1,66.0
92,41,59,3,4,1,1,38.0
84,75,60,4,3,2,1,66.0
92,44,47,3,4,1,1,38.0
92,62,50,3,4,2,1,38.0
84,63,20,4,3,1,1,66.0
84,38,67,4,3,2,1,66.0
93,6,71,3,1,4,1,38.0
93,19,47,3,3,0,1,38.0
93,39,65,3,3,1,1,38.0
84,28,56,4,3,1,1,66.0
84,23,52,4,3,3,1,66.0
84,18,43,4,3,2,1,66.0
93,48,68,3,3,2,1,38.0
83,98,20,4,0,2,1,66.0
93,53,44,3,3,2,1,38.0
83,89,76,4,1,3,1,66.0
83,85,76,4,2,4,1,66.0
83,80,72,4,1,3,1,66.0
93,68,41,3,3,1,1,38.0
83,73,72,4,2,3,1,66.0
93,70,71,3,3,1,1,38.0
94,8,59,3,0,3,1,38.0
83,72,67,4,2,3,1,66.0
94,25,77,3,2,3,1,38.0
83,69,58,4,2,3,1,66.0
83,68,52,4,2,2,1,66.0
94,30,9,3,3,1,1,38.0
94,62,47,3,3,2,1,38.0
83,63,76,4,3,2,1,66.0
94,99,34,3,3,2,1,38.0
83,52,67,4,3,2,1,66.0
95,1,12,3,2,2,1,38.0
83,35,51,4,3,0,1,66.0
95,2,9,3,2,0,1,38.0
83,20,43,4,3,0,1,66.0
83,18,39,4,3,2,1,66.0
95,5,6,3,2,2,1,38.0
83,14,63,4,3,1,1,66.0
95,23,3,3,2,3,1,38.0
95,29,0,3,2,0,1,38.0
83,10,30,4,3,0,1,66.0
95,35,44,3,3,0,1,38.0
82,89,72,4,1,3,1,66.0
82,56,70,4,2,3,1,66.0
95,39,48,3,3,2,1,38.0
95,47,51,3,3,2,1,38.0
82,34,76,4,1,3,1,66.0
95,58,77,3,3,1,1,38.0
95,82,74,3,3,2,1,38.0
82,28,32,4,2,3,1,66.0
95,84,36,3,3,3,1,38.0
95,98,31,3,3,2,1,38.0
82,14,28,4,2,3,1,66.0
96,2,52,3,1,2,1,38.0
96,9,0,3,2,0,1,38.0
96,17,62,3,2,1,1,38.0
96,18,47,3,2,0,1,38.0
96,19,27,3,2,0,1,38.0
82,11,24,4,2,3,1,66.0
81,90,67,4,2,3,1,66.0
96,28,69,3,2,1,1,38.0
96,30,18,3,2,0,1,38.0
96,39,59,3,2,1,1,38.0
96,43,9,3,2,0,1,38.0
96,54,77,3,2,0,1,38.0
81,33,13,4,2,4,1,66.0
81,19,9,4,2,2,1,66.0
81,16,5,4,2,4,1,66.0
81,5,1,4,2,2,1,66.0
81,4,72,4,3,2,1,66.0
80,93,57,4,3,3,1,66.0
96,56,31,3,2,3,1,38.0
96,66,15,3,2,2,1,38.0
96,89,12,3,2,2,1,38.0
80,90,53,4,3,3,1,66.0
96,99,6,3,2,3,1,38.0
97,6,77,3,1,3,1,38.0
97,36,36,3,1,3,1,38.0
80,88,68,4,3,3,1,66.0
97,37,71,3,2,2,1,38.0
80,81,13,4,3,3,1,66.0
97,49,59,3,2,1,1,38.0
97,53,48,3,2,2,1,38.0
97,63,17,3,2,1,1,38.0
80,71,47,4,3,1,1,66.0
80,40,43,4,3,4,1,66.0
80,25,39,4,3,0,1,66.0
80,21,9,4,3,4,1,66.0
80,20,35,4,3,3,1,66.0
80,10,5,4,3,2,1,66.0
97,64,63,3,2,2,1,38.0
80,9,1,4,3,4,1,66.0
97,66,52,3,2,2,1,38.0
97,72,56,3,2,3,1,38.0
97,79,41,3,2,1,1,38.0
80,6,17,4,4,0,1,66.0
97,93,38,3,2,3,1,38.0
79,78,37,4,1,3,1,66.0
79,72,14,4,2,3,1,66.0
79,63,73,4,2,3,1,66.0
97,96,45,3,2,3,1,38.0
98,9,38,3,1,0,1,38.0
98,11,47,3,2,0,1,38.0
79,53,40,4,2,2,1,66.0
98,17,52,3,2,2,1,38.0
98,26,74,3,2,2,1,38.0
79,47,10,4,2,2,1,66.0
78,97,34,4,2,2,1,66.0
78,71,61,4,2,1,1,66.0
78,63,70,4,2,2,1,66.0
98,28,77,3,2,2,1,38.0
98,37,15,3,2,3,1,38.0
98,39,12,3,2,3,1,38.0
78,59,66,4,2,3,1,66.0
78,53,57,4,2,3,1,66.0
98,42,9,3,2,3,1,38.0
78,43,53,4,2,2,1,66.0
78,35,49,4,2,1,1,66.0
98,53,6,3,2,3,1,38.0
98,57,3,3,2,4,1,38.0
98,64,0,3,2,2,1,38.0
98,67,64,3,3,2,1,38.0
78,27,30,4,2,4,1,66.0
98,86,48,3,3,2,1,38.0
98,92,74,3,3,4,1,38.0
99,3,53,3,1,2,1,38.0
99,4,77,3,3,2,1,38.0
78,15,44,4,2,0,1,66.0
78,10,22,4,2,0,1,66.0
99,32,74,3,3,2,1,38.0
77,95,39,4,3,3,1,66.0
77,90,76,4,3,3,1,66.0
99,36,65,3,3,1,1,38.0
99,42,71,3,3,2,1,38.0
99,62,44,3,3,2,1,38.0
99,70,68,3,3,2,1,38.0
99,89,28,3,3,2,1,38.0
77,61,54,4,3,2,1,66.0
0,1,64,4,0,2,1,52.0
77,49,50,4,3,3,1,66.0
0,10,60,4,0,2,1,52.0
0,12,56,4,0,2,1,52.0
77,38,35,4,3,3,1,66.0
77,29,76,4,4,2,1,66.0
0,19,76,4,1,4,1,52.0
77,12,36,4,4,0,1,66.0
0,25,72,4,1,1,1,52.0
0,32,76,4,2,3,1,52.0
0,35,72,4,2,3,1,52.0
0,47,76,4,3,3,1,52.0
77,11,72,4,4,1,1,66.0
0,53,72,4,3,3,1,52.0
0,71,43,4,4,1,1,52.0
77,1,48,4,4,1,1,66.0
1,8,42,4,1,0,1,52.0
76,97,73,4,1,3,1,66.0
1,44,38,4,1,2,1,52.0
76,67,76,4,2,3,1,66.0
76,60,72,4,2,3,1,66.0
76,58,73,4,3,1,1,66.0
1,66,34,4,1,2,1,52.0
1,77,68,4,2,4,1,52.0
1,83,72,4,2,3,1,52.0
1,99,60,4,2,3,1,52.0
2,7,5,4,0,3,1,52.0
76,51,69,4,3,2,1,66.0
2,12,1,4,0,3,1,52.0
76,38,60,4,3,2,1,66.0
2,17,55,4,1,1,1,52.0
76,37,56,4,3,2,1,66.0
76,36,52,4,3,3,1,66.0
2,24,37,4,2,0,1,52.0
2,25,48,4,2,0,1,52.0
2,31,70,4,2,1,1,52.0
2,32,44,4,2,2,1,52.0
76,28,48,4,3,3,1,66.0
2,40,32,4,2,0,1,52.0
2,41,26,4,2,1,1,52.0
76,24,44,4,3,2,1,66.0
76,20,39,4,3,0,1,66.0
2,44,61,4,2,2,1,52.0
2,45,66,4,2,3,1,52.0
76,13,26,4,3,0,1,66.0
75,93,13,4,2,4,1,66.0
2,47,57,4,2,2,1,52.0
2,58,22,4,2,2,1,52.0
2,59,18,4,2,3,1,52.0
2,60,14,4,2,3,1,52.0
75,82,9,4,2,3,1,66.0
2,61,10,4,2,4,1,52.0
75,66,5,4,2,2,1,66.0
75,60,1,4,2,3,1,66.0
2,64,6,4,2,2,1,52.0
2,65,2,4,2,3,1,52.0
75,56,52,4,3,2,1,66.0
2,69,69,4,3,3,1,52.0
75,48,68,4,3,3,1,66.0
75,7,76,4,3,2,1,66.0
2,70,76,4,3,2,1,52.0
74,86,76,4,2,3,1,66.0
2,72,63,4,3,3,1,52.0
74,79,72,4,2,3,1,66.0
2,84,48,4,3,3,1,52.0
2,88,59,4,3,3,1,52.0
74,63,76,4,3,4,1,66.0
2,91,0,4,3,3,1,52.0
2,92,55,4,3,4,1,52.0
2,97,30,4,3,2,1,52.0
2,98,44,4,3,3,1,52.0
2,99,40,4,3,3,1,52.0
74,35,72,4,3,4,1,66.0
74,34,34,4,4,1,1,66.0
3,2,64,4,2,4,1,52.0
3,4,60,4,2,2,1,52.0
3,8,56,4,2,4,1,52.0
74,30,23,4,4,0,1,66.0
74,19,19,4,4,0,1,66.0
74,5,61,4,4,1,1,66.0
73,91,44,4,2,4,1,66.0
3,12,76,4,3,2,1,52.0
73,86,26,4,3,2,1,66.0
3,19,37,4,3,0,1,52.0
3,25,68,4,3,2,1,52.0
73,83,59,4,3,3,1,66.0
73,72,31,4,3,3,1,66.0
3,31,61,4,3,3,1,52.0
73,52,76,4,3,3,1,66.0
73,49,46,4,3,1,1,66.0
73,48,64,4,3,3,1,66.0
73,32,22,4,3,2,1,66.0
73,25,35,4,3,2,1,66.0
3,32,49,4,3,2,1,52.0
73,23,68,4,3,3,1,66.0
73,19,18,4,3,2,1,66.0
73,9,4,4,3,0,1,66.0
3,37,57,4,3,3,1,52.0
3,39,44,4,3,2,1,52.0
3,44,13,4,3,2,1,52.0
72,66,23,4,3,2,1,66.0
3,47,6,4,3,2,1,52.0
3,48,2,4,3,3,1,52.0
72,59,59,4,3,3,1,66.0
3,54,53,4,3,2,1,52.0
3,62,37,4,4,2,1,52.0
72,39,52,4,3,1,1,66.0
72,34,19,4,3,3,1,66.0
72,31,10,4,3,4,1,66.0
3,64,70,4,4,2,1,52.0
72,29,6,4,3,3,1,66.0
3,67,60,4,4,2,1,52.0
3,71,66,4,4,2,1,52.0
3,89,24,4,4,2,1,52.0
3,99,51,4,4,3,1,52.0
4,2,36,4,2,3,1,52.0
4,9,64,4,2,1,1,52.0
4,13,68,4,2,2,1,52.0
72,19,2,4,3,2,1,66.0
4,17,48,4,2,1,1,52.0
72,13,36,4,4,0,1,66.0
4,25,52,4,2,2,1,52.0
72,7,72,4,4,2,1,66.0
71,42,39,4,1,3,1,66.0
4,49,56,4,2,2,1,52.0
70,45,52,4,2,1,1,66.0
4,52,32,4,2,4,1,52.0
70,3,56,4,2,4,1,66.0
4,54,23,4,2,1,1,52.0
4,63,28,4,2,3,1,52.0
69,93,34,4,3,3,1,66.0
69,92,65,4,3,4,1,66.0
69,81,54,4,3,3,1,66.0
4,66,11,4,2,2,1,52.0
4,68,7,4,2,1,1,52.0
69,37,50,4,3,3,1,66.0
69,36,46,4,3,3,1,66.0
4,73,0,4,2,3,1,52.0
69,35,42,4,3,1,1,66.0
4,75,15,4,2,3,1,52.0
4,79,48,4,3,2,1,52.0
69,34,29,4,3,3,1,66.0
4,83,55,4,3,3,1,52.0
69,26,25,4,3,3,1,66.0
4,86,22,4,3,2,1,52.0
69,17,21,4,3,2,1,66.0
69,12,17,4,3,2,1,66.0
69,9,73,4,4,1,1,66.0
4,92,70,4,3,4,1,52.0
69,6,20,4,4,2,1,66.0
4,93,76,4,3,4,1,52.0
4,98,60,4,3,3,1,52.0
69,2,26,4,4,3,1,66.0
68,55,47,4,1,3,1,66.0
68,13,37,4,1,2,1,66.0
67,81,32,4,2,3,1,66.0
67,63,52,4,2,3,1,66.0
5,2,13,4,2,3,1,52.0
67,56,40,4,2,3,1,66.0
5,4,66,4,2,3,1,52.0
67,43,36,4,2,3,1,66.0
66,98,40,4,2,3,1,66.0
5,9,60,4,2,1,1,52.0
66,95,19,4,2,3,1,66.0
5,11,56,4,2,2,1,52.0
66,86,1,4,2,2,1,66.0
5,16,48,4,2,2,1,52.0
5,19,70,4,2,2,1,52.0
66,80,64,4,2,4,1,66.0
66,75,30,4,2,3,1,66.0
5,29,52,4,2,3,1,52.0
66,47,69,4,3,2,1,66.0
5,32,40,4,2,2,1,52.0
5,37,44,4,2,3,1,52.0
5,39,36,4,2,3,1,52.0
5,42,9,4,2,4,1,52.0
5,44,52,4,3,2,1,52.0
5,51,73,4,3,1,1,52.0
5,58,69,4,3,2,1,52.0
5,67,28,4,3,2,1,52.0
66,38,76,4,3,2,1,66.0
5,70,61,4,3,2,1,52.0
5,73,14,4,3,3,1,52.0
5,78,18,4,3,2,1,52.0
5,86,65,4,3,3,1,52.0
66,37,65,4,3,2,1,66.0
5,93,57,4,3,4,1,52.0
5,97,10,4,3,2,1,52.0
66,24,61,4,3,2,1,66.0
6,4,44,4,3,3,1,52.0
6,5,48,4,3,3,1,52.0
66,7,47,4,3,3,1,66.0
65,90,26,4,2,4,1,66.0
6,9,56,4,3,1,1,52.0
65,51,20,4,2,3,1,66.0
65,44,48,4,3,2,1,66.0
65,38,56,4,3,2,1,66.0
6,10,18,4,3,0,1,52.0
65,37,61,4,3,2,1,66.0
65,21,76,4,3,3,1,66.0
6,18,35,4,3,2,1,52.0
6,19,23,4,3,0,1,52.0
6,23,64,4,3,3,1,52.0
6,25,60,4,3,2,1,52.0
65,18,13,4,3,2,1,66.0
64,84,32,4,2,3,1,66.0
64,80,59,4,2,4,1,66.0
64,36,55,4,2,1,1,66.0
64,7,43,4,2,3,1,66.0
64,5,39,4,2,3,1,66.0
6,31,52,4,3,3,1,52.0
6,45,40,4,3,1,1,52.0
64,3,47,4,2,4,1,66.0
63,88,36,4,3,3,1,66.0
6,51,31,4,3,3,1,52.0
6,56,27,4,3,3,1,52.0
63,82,20,4,3,2,1,66.0
6,62,14,4,3,2,1,52.0
6,78,10,4,3,3,1,52.0
6,86,0,4,3,3,1,52.0
63,75,48,4,3,3,1,66.0
6,98,56,4,4,3,1,52.0
63,71,59,4,3,2,1,66.0
7,1,39,4,3,2,1,52.0
7,4,35,4,3,3,1,52.0
7,8,72,4,3,3,1,52.0
7,10,31,4,3,2,1,52.0
7,11,76,4,3,3,1,52.0
7,12,68,4,3,2,1,52.0
7,19,27,4,3,2,1,52.0
7,28,23,4,3,3,1,52.0
63,68,14,4,3,1,1,66.0
7,31,19,4,3,3,1,52.0
7,34,15,4,3,3,1,52.0
7,39,1,4,3,3,1,52.0
63,55,69,4,3,3,1,66.0
7,44,9,4,3,2,1,52.0
7,48,60,4,4,3,1,52.0
7,53,36,4,4,2,1,52.0
63,49,44,4,3,3,1,66.0
63,40,24,4,3,0,1,66.0
63,5,32,4,3,3,1,66.0
7,55,73,4,4,3,1,52.0
62,76,33,4,2,3,1,66.0
62,31,29,4,2,3,1,66.0
7,60,67,4,4,2,1,52.0
7,68,3,4,4,1,1,52.0
7,79,44,4,4,2,1,52.0
61,83,58,4,2,4,1,66.0
61,81,68,4,3,3,1,66.0
8,10,38,4,0,2,1,52.0
8,12,64,4,3,2,1,52.0
8,24,68,4,3,2,1,52.0
8,26,55,4,3,1,1,52.0
8,51,48,4,3,2,1,52.0
61,65,52,4,3,3,1,66.0
8,58,30,4,3,2,1,52.0
8,63,40,4,3,3,1,52.0
8,68,44,4,3,2,1,52.0
61,59,48,4,3,3,1,66.0
8,78,26,4,3,2,1,52.0
8,83,35,4,3,3,1,52.0
8,84,16,4,3,3,1,52.0
61,49,64,4,3,2,1,66.0
8,94,12,4,3,3,1,52.0
8,96,22,4,3,3,1,52.0
61,25,44,4,3,2,1,66.0
8,97,6,4,3,2,1,52.0
61,17,37,4,3,0,1,66.0
9,8,73,4,2,4,1,52.0
9,15,69,4,2,2,1,52.0
61,5,24,4,3,3,1,66.0
9,17,44,4,3,1,1,52.0
60,87,63,4,2,4,1,66.0
60,77,25,4,2,4,1,66.0
9,22,76,4,3,1,1,52.0
60,57,21,4,2,4,1,66.0
9,28,72,4,3,1,1,52.0
60,23,17,4,2,3,1,66.0
9,36,68,4,3,3,1,52.0
60,19,66,4,3,2,1,66.0
59,91,76,4,3,4,1,66.0
59,67,24,4,3,2,1,66.0
59,43,70,4,3,1,1,66.0
9,45,48,4,3,1,1,52.0
9,48,40,4,3,3,1,52.0
9,74,57,4,3,4,1,52.0
59,41,52,4,3,1,1,66.0
59,38,44,4,3,3,1,66.0
59,27,36,4,3,0,1,66.0
9,80,53,4,3,4,1,52.0
9,97,26,4,3,2,1,52.0
10,3,43,4,1,4,1,52.0
59,20,31,4,3,3,1,66.0
10,4,39,4,1,3,1,52.0
10,5,47,4,1,4,1,52.0
59,4,14,4,3,3,1,66.0
10,8,1,4,2,3,1,52.0
10,20,49,4,2,3,1,52.0
10,21,67,4,2,3,1,52.0
10,24,45,4,2,3,1,52.0
10,29,13,4,2,3,1,52.0
59,1,8,4,3,2,1,66.0
10,30,27,4,2,3,1,52.0
10,32,18,4,2,2,1,52.0
10,34,23,4,2,3,1,52.0
58,82,76,4,2,3,1,66.0
58,76,18,4,2,4,1,66.0
10,35,9,4,2,0,1,52.0
58,70,72,4,3,2,1,66.0
10,39,63,4,3,2,1,52.0
10,40,20,4,3,0,1,52.0
58,59,76,4,3,4,1,66.0
58,52,55,4,3,2,1,66.0
10,47,2,4,3,2,1,52.0
58,42,67,4,3,2,1,66.0
10,49,76,4,3,2,1,52.0
10,59,72,4,3,4,1,52.0
58,32,36,4,3,2,1,66.0
58,21,60,4,3,1,1,66.0
10,65,68,4,3,3,1,52.0
10,77,59,4,3,4,1,52.0
58,8,51,4,3,4,1,66.0
10,81,28,4,3,3,1,52.0
10,89,8,4,3,2,1,52.0
57,84,40,4,2,4,1,66.0
10,96,55,4,3,3,1,52.0
11,1,52,4,2,2,1,52.0
11,5,44,4,2,3,1,52.0
11,7,48,4,2,4,1,52.0
11,8,67,4,2,4,1,52.0
57,67,36,4,2,3,1,66.0
11,10,40,4,2,3,1,52.0
57,65,76,4,3,4,1,66.0
11,32,36,4,2,3,1,52.0
11,42,63,4,3,2,1,52.0
57,61,72,4,3,4,1,66.0
57,47,68,4,3,3,1,66.0
57,39,59,4,4,2,1,66.0
11,44,44,4,3,2,1,52.0
57,26,70,4,4,1,1,66.0
56,86,58,4,3,3,1,66.0
56,60,54,4,3,3,1,66.0
55,76,22,4,3,3,1,66.0
11,59,4,4,3,3,1,52.0
55,59,0,4,3,3,1,66.0
11,60,59,4,3,3,1,52.0
11,72,68,4,3,4,1,52.0
55,45,36,4,3,1,1,66.0
11,75,72,4,3,3,1,52.0
11,78,55,4,3,3,1,52.0
11,82,30,4,3,3,1,52.0
55,30,5,4,3,1,1,66.0
55,24,51,4,3,2,1,66.0
12,4,73,4,1,4,1,52.0
55,0,65,4,3,4,1,66.0
54,25,46,4,0,3,1,66.0
53,89,20,4,3,2,1,66.0
53,61,33,4,3,3,1,66.0
12,16,44,4,2,2,1,52.0
52,99,47,4,3,3,1,66.0
12,32,29,4,2,2,1,52.0
52,91,72,4,3,4,1,66.0
12,47,72,4,2,3,1,52.0
12,70,48,4,2,2,1,52.0
52,90,43,4,3,3,1,66.0
52,89,68,4,3,3,1,66.0
52,73,64,4,3,4,1,66.0
52,70,39,4,3,2,1,66.0
12,75,40,4,2,3,1,52.0
13,6,22,4,0,4,1,52.0
13,8,18,4,0,4,1,52.0
13,23,76,4,1,2,1,52.0
52,68,35,4,3,2,1,66.0
52,65,55,4,3,4,1,66.0
13,26,76,4,2,3,1,52.0
52,56,51,4,3,4,1,66.0
52,54,37,4,4,0,1,66.0
13,28,72,4,2,2,1,52.0
52,49,72,4,4,2,1,66.0
13,29,61,4,2,3,1,52.0
52,34,64,4,4,2,1,66.0
52,31,76,4,4,2,1,66.0
52,27,49,4,4,0,1,66.0
52,25,28,4,4,2,1,66.0
13,32,57,4,2,3,1,52.0
52,9,22,4,4,3,1,66.0
51,93,72,4,3,4,1,66.0
51,21,76,4,2,4,1,66.0
13,34,53,4,2,2,1,52.0
13,42,49,4,2,3,1,52.0
51,18,9,4,3,2,1,66.0
51,2,5,4,3,3,1,66.0
13,44,45,4,2,3,1,52.0
13,47,41,4,2,4,1,52.0
13,48,51,4,3,3,1,52.0
50,99,76,4,2,4,1,66.0
13,49,68,4,3,2,1,52.0
50,88,72,4,2,3,1,66.0
13,52,60,4,3,4,1,52.0
13,60,76,4,3,3,1,52.0
50,71,68,4,2,3,1,66.0
50,39,70,4,3,3,1,66.0
13,67,20,4,3,2,1,52.0
50,28,76,4,3,3,1,66.0
50,24,57,4,4,2,1,66.0
13,68,72,4,3,2,1,52.0
13,84,12,4,3,3,1,52.0
50,17,40,4,4,1,1,66.0
13,86,47,4,3,3,1,52.0
49,97,60,4,2,3,1,66.0
14,2,37,4,0,4,1,52.0
49,86,18,4,3,2,1,66.0
14,4,59,4,1,4,1,52.0
14,5,55,4,1,4,1,52.0
49,78,76,4,3,3,1,66.0
14,8,24,4,3,4,1,52.0
49,76,72,4,3,4,1,66.0
49,69,68,4,3,4,1,66.0
14,10,76,4,2,4,1,52.0
49,64,28,4,3,2,1,66.0
49,57,64,4,3,4,1,66.0
49,40,60,4,3,2,1,66.0
14,12,72,4,2,3,1,52.0
14,13,16,4,3,3,1,52.0
49,27,40,4,3,0,1,66.0
49,23,56,4,3,3,1,66.0
49,19,36,4,3,2,1,66.0
14,15,76,4,3,1,1,52.0
49,4,10,4,3,3,1,66.0
14,16,20,4,3,3,1,52.0
48,84,8,4,3,3,1,66.0
14,30,72,4,3,1,1,52.0
14,34,11,4,3,3,1,52.0
48,82,26,4,3,3,1,66.0
14,35,5,4,3,0,1,52.0
48,43,47,4,3,3,1,66.0
47,98,65,4,2,4,1,66.0
14,37,1,4,3,3,1,52.0
47,91,60,4,3,4,1,66.0
14,44,34,4,4,2,1,52.0
47,75,61,4,2,3,1,66.0
14,48,30,4,4,3,1,52.0
14,54,70,4,4,1,1,52.0
47,74,53,4,3,4,1,66.0
14,55,43,4,4,3,1,52.0
47,44,22,4,3,2,1,66.0
14,56,66,4,4,3,1,52.0
14,62,25,4,4,2,1,52.0
47,7,18,4,3,4,1,66.0
14,64,51,4,4,2,1,52.0
14,68,62,4,4,2,1,52.0
15,41,37,4,0,2,1,52.0
47,5,6,4,3,3,1,66.0
46,97,68,4,3,3,1,66.0
46,83,64,4,3,4,1,66.0
15,44,76,4,2,3,1,52.0
15,55,13,4,3,3,1,52.0
46,73,40,4,3,4,1,66.0
46,59,36,4,3,4,1,66.0
15,60,49,4,3,3,1,52.0
46,40,73,4,4,1,1,66.0
46,35,14,4,4,0,1,66.0
15,63,9,4,3,3,1,52.0
46,3,33,4,4,4,1,66.0
15,68,68,4,3,2,1,52.0
45,96,76,4,3,3,1,66.0
45,95,13,4,3,3,1,66.0
15,84,4,4,3,3,1,52.0
45,94,39,4,3,3,1,66.0
45,87,72,4,3,3,1,66.0
45,81,62,4,3,3,1,66.0
15,91,56,4,3,4,1,52.0
16,3,19,4,2,4,1,52.0
45,59,58,4,3,4,1,66.0
45,41,54,4,3,2,1,66.0
16,14,55,4,3,4,1,52.0
45,29,48,4,3,3,1,66.0
16,37,32,4,3,4,1,52.0
16,41,28,4,3,2,1,52.0
16,45,24,4,3,4,1,52.0
16,49,32,4,4,3,1,52.0
45,23,44,4,3,3,1,66.0
16,61,60,4,4,3,1,52.0
16,62,21,4,4,2,1,52.0
16,67,16,4,4,2,1,52.0
16,84,0,4,4,3,1,52.0
16,86,72,4,4,3,1,52.0
17,1,35,4,1,2,1,52.0
45,11,35,4,3,3,1,66.0
45,6,9,4,3,4,1,66.0
17,7,56,4,2,4,1,52.0
44,69,30,4,2,4,1,66.0
44,59,26,4,2,4,1,66.0
17,9,64,4,2,3,1,52.0
44,56,17,4,2,3,1,66.0
17,14,17,4,2,4,1,52.0
17,25,60,4,2,3,1,52.0
44,30,1,4,2,1,1,66.0
44,12,5,4,2,3,1,66.0
17,27,26,4,2,4,1,52.0
17,29,72,4,3,2,1,52.0
17,35,1,4,3,0,1,52.0
17,36,76,4,3,3,1,52.0
17,41,22,4,3,1,1,52.0
44,6,67,4,3,4,1,66.0
44,2,22,4,3,3,1,66.0
17,43,68,4,3,2,1,52.0
43,86,76,4,2,4,1,66.0
17,44,63,4,3,3,1,52.0
17,45,5,4,3,3,1,52.0
17,56,36,4,3,3,1,52.0
43,85,57,4,2,4,1,66.0
43,80,72,4,2,4,1,66.0
43,78,64,4,2,3,1,66.0
43,38,72,4,3,2,1,66.0
17,58,47,4,3,3,1,52.0
17,59,54,4,3,4,1,52.0
43,3,76,4,3,4,1,66.0
17,63,59,4,3,4,1,52.0
42,3,29,4,3,4,1,66.0
17,65,43,4,3,3,1,52.0
41,86,18,4,1,3,1,66.0
17,68,31,4,3,2,1,52.0
41,74,76,4,2,4,1,66.0
17,72,27,4,3,4,1,52.0
41,31,72,4,2,2,1,66.0
17,78,18,4,3,3,1,52.0
17,88,13,4,3,3,1,52.0
17,93,9,4,3,4,1,52.0
41,0,61,4,2,4,1,66.0
40,82,72,4,2,3,1,66.0
40,72,76,4,2,4,1,66.0
18,1,26,4,2,2,1,52.0
40,59,68,4,2,4,1,66.0
18,4,18,4,2,3,1,52.0
40,58,56,4,2,4,1,66.0
18,10,22,4,2,4,1,52.0
18,11,0,4,2,3,1,52.0
18,15,5,4,2,4,1,52.0
18,16,68,4,3,4,1,52.0
18,17,72,4,3,4,1,52.0
18,19,52,4,3,2,1,52.0
18,26,21,4,3,3,1,52.0
18,30,48,4,3,3,1,52.0
40,52,68,4,3,4,1,66.0
40,31,52,4,2,4,1,66.0
18,35,38,4,3,1,1,52.0
40,9,76,4,3,4,1,66.0
18,44,34,4,3,3,1,52.0
39,79,6,4,3,2,1,66.0
18,51,27,4,3,3,1,52.0
18,54,17,4,3,1,1,52.0
18,63,5,4,3,3,1,52.0
39,74,49,4,3,4,1,66.0
18,79,1,4,3,2,1,52.0
18,81,9,4,3,3,1,52.0
39,61,56,4,3,3,1,66.0
39,43,66,4,3,3,1,66.0
39,17,62,4,3,4,1,66.0
39,3,15,4,3,4,1,66.0
18,82,13,4,3,3,1,52.0
38,92,40,4,3,4,1,66.0
18,98,44,4,3,4,1,52.0
18,99,36,4,4,3,1,52.0
19,12,60,4,2,2,1,52.0
38,86,54,4,3,3,1,66.0
19,13,56,4,2,3,1,52.0
19,27,42,4,2,3,1,52.0
19,46,48,4,2,4,1,52.0
38,78,72,4,3,3,1,66.0
38,77,64,4,3,4,1,66.0
38,62,10,4,3,2,1,66.0
19,58,32,4,2,4,1,52.0
38,48,22,4,3,3,1,66.0
19,59,22,4,2,4,1,52.0
19,74,14,4,2,4,1,52.0
38,42,59,4,3,2,1,66.0
19,80,68,4,3,4,1,52.0
19,85,49,4,3,4,1,52.0
19,90,57,4,3,3,1,52.0
38,35,14,4,3,1,1,66.0
38,18,76,4,3,4,1,66.0
38,1,48,4,3,2,1,66.0
37,93,68,4,3,4,1,66.0
19,91,40,4,3,4,1,52.0
20,2,76,4,1,4,1,52.0
37,89,64,4,3,3,1,66.0
37,88,9,4,3,3,1,66.0
37,87,73,4,3,4,1,66.0
37,83,40,4,3,4,1,66.0
20,4,27,4,3,3,1,52.0
20,17,76,4,2,4,1,52.0
20,19,45,4,3,3,1,52.0
20,24,72,4,1,3,1,52.0
20,28,72,4,2,3,1,52.0
37,69,36,4,3,4,1,66.0
36,80,42,4,3,4,1,66.0
36,70,73,4,2,3,1,66.0
20,32,70,4,3,2,1,52.0
36,46,64,4,3,4,1,66.0
36,4,31,4,3,3,1,66.0
34,63,1,4,3,3,1,66.0
34,51,60,4,2,4,1,66.0
20,34,41,4,3,3,1,52.0
34,39,45,4,3,3,1,66.0
20,39,23,4,3,3,1,52.0
34,7,52,4,3,4,1,66.0
33,95,49,4,1,4,1,66.0
33,89,40,4,1,3,1,66.0
20,47,76,4,3,4,1,52.0
20,48,18,4,3,3,1,52.0
20,53,76,4,4,3,1,52.0
20,55,32,4,4,3,1,52.0
20,62,6,4,4,2,1,52.0
20,64,66,4,4,2,1,52.0
33,79,36,4,1,2,1,66.0
20,66,57,4,4,3,1,52.0
33,70,76,4,2,4,1,66.0
33,56,72,4,2,4,1,66.0
33,51,76,4,3,3,1,66.0
20,70,44,4,4,2,1,52.0
33,41,72,4,3,3,1,66.0
20,71,72,4,4,2,1,52.0
20,81,19,4,4,3,1,52.0
20,89,2,4,4,2,1,52.0
33,34,72,4,4,3,1,66.0
33,18,9,4,4,4,1,66.0
33,9,68,4,4,4,1,66.0
33,5,2,4,4,3,1,66.0
32,73,10,4,2,3,1,66.0
21,10,56,4,1,4,1,52.0
32,71,14,4,2,2,1,66.0
32,62,2,4,2,2,1,66.0
21,17,58,4,3,4,1,52.0
21,24,63,4,3,3,1,52.0
32,52,53,4,3,4,1,66.0
32,7,40,4,3,4,1,66.0
32,0,72,4,3,4,1,66.0
21,44,72,4,3,3,1,52.0
21,56,13,4,4,3,1,52.0
21,60,54,4,3,4,1,52.0
21,89,60,4,4,3,1,52.0
22,1,72,4,1,3,1,52.0
31,26,70,4,3,2,1,66.0
22,12,76,4,2,3,1,52.0
31,19,25,4,3,3,1,66.0
30,83,73,4,2,4,1,66.0
22,19,64,4,4,3,1,52.0
22,35,70,4,3,2,1,52.0
30,77,55,4,3,4,1,66.0
22,39,72,4,2,4,1,52.0
22,41,76,4,3,3,1,52.0
22,47,49,4,4,3,1,52.0
22,53,68,4,4,3,1,52.0
22,54,60,4,4,2,1,52.0
30,68,40,4,3,2,1,66.0
22,62,56,4,4,3,1,52.0
22,68,13,4,4,2,1,52.0
22,70,34,4,4,2,1,52.0
30,19,36,4,3,3,1,66.0
22,71,45,4,4,2,1,52.0
22,79,76,4,4,3,1,52.0
23,2,9,4,3,3,1,52.0
23,6,76,4,3,4,1,52.0
30,14,76,4,3,4,1,66.0
23,17,48,4,3,4,1,52.0
23,18,40,4,3,4,1,52.0
30,9,32,4,3,3,1,66.0
23,26,13,4,3,3,1,52.0
23,31,36,4,3,4,1,52.0
23,34,32,4,3,4,1,52.0
30,4,6,4,3,3,1,66.0
23,39,28,4,3,3,1,52.0
23,62,24,4,3,3,1,52.0
23,64,24,4,4,2,1,52.0
23,65,39,4,4,3,1,52.0
24,5,40,4,2,4,1,52.0
24,22,9,4,3,4,1,52.0
30,2,18,4,3,3,1,66.0
29,88,68,4,2,4,1,66.0
29,67,2,4,3,2,1,66.0
29,60,44,4,3,3,1,66.0
24,44,36,4,2,4,1,52.0
24,47,14,4,3,3,1,52.0
24,70,30,4,3,2,1,52.0
29,43,57,4,3,3,1,66.0
24,78,68,4,3,3,1,52.0
24,95,26,4,3,3,1,52.0
25,1,22,4,2,2,1,52.0
29,41,68,4,3,2,1,66.0
25,3,11,4,3,4,1,52.0
29,40,72,4,3,3,1,66.0
25,21,72,4,2,4,1,52.0
29,35,40,4,3,2,1,66.0
29,27,76,4,3,1,1,66.0
29,14,47,4,4,4,1,66.0
25,43,40,4,2,3,1,52.0
25,50,48,4,2,4,1,52.0
25,56,18,4,2,4,1,52.0
25,67,7,4,3,2,1,52.0
29,4,2,4,4,3,1,66.0
29,2,72,4,4,4,1,66.0
25,72,56,4,3,4,1,52.0
25,82,22,4,3,3,1,52.0
25,94,3,4,3,3,1,52.0
26,13,64,4,3,3,1,52.0
28,93,64,4,2,4,1,66.0
26,15,72,4,3,3,1,52.0
28,79,68,4,2,3,1,66.0
26,17,68,4,3,4,1,52.0
26,32,17,4,3,3,1,52.0
28,75,60,4,2,4,1,66.0
26,35,60,4,3,1,1,52.0
28,38,56,4,2,4,1,66.0
28,37,52,4,2,4,1,66.0
26,48,56,4,3,4,1,52.0
28,34,68,4,3,3,1,66.0
28,23,64,4,3,4,1,66.0
28,15,60,4,3,3,1,66.0
26,72,52,4,3,4,1,52.0
26,79,9,4,3,3,1,52.0
26,81,5,4,3,3,1,52.0
27,1,4,4,0,2,1,52.0
27,12,11,4,0,3,1,52.0
27,19,0,4,0,3,1,52.0
28,13,43,4,3,3,1,66.0
27,24,72,4,1,4,1,52.0
27,25,73,4,2,3,1,52.0
27,97,69,4,2,4,1,66.0
27,32,68,4,3,3,1,52.0
27,53,64,4,3,3,1,66.0
27,35,36,4,3,2,1,52.0
27,41,76,4,3,4,1,52.0
27,51,72,4,3,4,1,66.0
27,48,36,4,4,3,1,66.0
27,47,64,4,4,3,1,52.0
27,66,42,4,4,3,1,52.0
27,39,19,4,4,3,1,66.0
27,71,10,4,4,2,1,52.0
27,79,14,4,4,3,1,52.0
27,89,6,4,4,3,1,52.0
28,8,39,4,3,4,1,52.0
27,38,68,4,4,3,1,66.0
28,16,56,4,3,4,1,52.0
27,15,76,4,4,3,1,66.0
27,8,2,4,4,4,1,66.0
28,17,52,4,3,4,1,52.0
28,20,28,4,3,4,1,52.0
28,26,1,4,3,3,1,52.0
26,86,43,4,4,3,1,66.0
26,85,36,4,4,4,1,66.0
26,76,76,4,4,4,1,66.0
28,29,19,4,3,4,1,52.0
26,71,55,4,4,2,1,66.0
28,30,14,4,3,3,1,52.0
26,60,32,4,4,3,1,66.0
26,6,63,4,4,4,1,66.0
28,32,10,4,3,3,1,52.0
25,90,39,4,3,3,1,66.0
28,39,6,4,3,4,1,52.0
25,46,69,4,3,4,1,66.0
28,43,62,4,4,3,1,52.0
25,23,52,4,3,4,1,66.0
28,60,40,4,4,3,1,52.0
28,66,53,4,4,3,1,52.0
28,71,35,4,4,1,1,52.0
25,13,35,4,3,3,1,66.0
25,0,31,4,3,4,1,66.0
24,97,2,4,3,2,1,66.0
28,82,18,4,4,3,1,52.0
28,89,49,4,4,3,1,52.0
28,90,72,4,4,3,1,52.0
28,95,9,4,4,3,1,52.0
24,90,49,4,3,3,1,66.0
24,40,76,4,3,4,1,66.0
24,32,22,4,3,3,1,66.0
23,96,72,4,4,3,1,66.0
28,96,68,4,4,3,1,52.0
23,85,45,4,4,4,1,66.0
29,1,56,4,4,2,1,52.0
29,8,63,4,4,4,1,52.0
23,81,58,4,4,3,1,66.0
29,10,51,4,4,3,1,52.0
23,78,33,4,4,3,1,66.0
29,12,36,4,4,2,1,52.0
23,61,29,4,4,3,1,66.0
23,47,10,4,4,3,1,66.0
23,43,6,4,4,3,1,66.0
23,42,76,4,4,3,1,66.0
23,38,18,4,4,3,1,66.0
29,15,43,4,4,3,1,52.0
29,25,27,4,4,3,1,52.0
29,28,76,4,4,4,1,52.0
29,31,68,4,4,4,1,52.0
29,68,23,4,4,2,1,52.0
29,70,15,4,4,2,1,52.0
23,11,14,4,4,3,1,66.0
29,81,32,4,4,4,1,52.0
23,10,68,4,4,4,1,66.0
22,95,5,4,4,3,1,66.0
22,48,72,4,4,4,1,66.0
22,11,1,4,4,4,1,66.0
29,89,11,4,4,3,1,52.0
21,99,31,4,4,3,1,66.0
21,93,53,4,4,4,1,66.0
21,86,27,4,4,3,1,66.0
21,46,23,4,4,4,1,66.0
30,6,44,4,3,4,1,52.0
21,43,2,4,4,3,1,66.0
30,16,64,4,3,4,1,52.0
21,38,68,4,4,4,1,66.0
21,35,64,4,4,1,1,66.0
30,18,72,4,3,4,1,52.0
30,21,19,4,4,4,1,52.0
30,27,72,4,4,4,1,52.0
30,28,23,4,3,4,1,52.0
30,41,10,4,3,2,1,52.0
30,42,68,4,3,3,1,52.0
30,43,60,4,3,4,1,52.0
30,57,76,4,4,4,1,52.0
30,62,2,4,3,3,1,52.0
30,70,26,4,4,2,1,52.0
20,92,36,4,4,4,1,66.0
20,76,62,4,4,4,1,66.0
20,41,50,4,4,2,1,66.0
20,18,24,4,4,4,1,66.0
20,15,40,4,4,4,1,66.0
20,1,15,4,4,2,1,66.0
30,71,51,4,4,2,1,52.0
19,32,32,4,3,3,1,66.0
19,7,14,4,3,4,1,66.0
30,75,44,4,4,3,1,52.0
30,95,1,4,4,3,1,52.0
31,29,6,4,4,4,1,52.0
31,36,57,4,3,3,1,52.0
18,84,48,4,4,4,1,66.0
18,83,20,4,4,3,1,66.0
18,75,5,4,4,3,1,66.0
31,37,76,4,3,4,1,52.0
18,67,44,4,4,3,1,66.0
18,42,16,4,4,3,1,66.0
18,9,32,4,4,4,1,66.0
18,3,1,4,4,4,1,66.0
17,84,44,4,4,4,1,66.0
17,57,40,4,4,4,1,66.0
17,51,16,4,4,3,1,66.0
17,39,32,4,4,3,1,66.0
31,65,72,4,4,4,1,52.0
17,37,5,4,4,3,1,66.0
16,70,11,4,4,2,1,66.0
16,19,52,4,4,4,1,66.0
16,13,39,4,4,3,1,66.0
31,86,32,4,4,3,1,52.0
15,94,64,4,3,4,1,66.0
31,89,56,4,4,3,1,52.0
32,5,64,4,3,4,1,52.0
15,87,0,4,3,4,1,66.0
15,46,39,4,3,4,1,66.0
15,0,35,4,3,4,1,66.0
14,97,39,4,4,3,1,66.0
14,89,21,4,4,3,1,66.0
32,11,49,4,3,3,1,52.0
14,66,13,4,4,3,1,66.0
14,59,9,4,4,4,1,66.0
32,12,45,4,3,3,1,52.0
14,43,5,4,4,4,1,66.0
32,13,28,4,3,3,1,52.0
32,15,1,4,3,4,1,52.0
14,25,1,4,4,4,1,66.0
32,23,2,4,4,4,1,52.0
32,26,6,4,3,4,1,52.0
32,28,58,4,4,4,1,52.0
13,82,5,4,3,3,1,66.0
13,66,24,4,3,3,1,66.0
32,30,68,4,4,4,1,52.0
32,35,54,4,4,1,1,52.0
13,57,55,4,4,4,1,66.0
32,40,72,4,4,4,1,52.0
32,41,46,4,4,2,1,52.0
13,55,1,4,3,4,1,66.0
13,37,72,4,4,4,1,66.0
32,54,64,4,4,2,1,52.0
32,66,38,4,4,3,1,52.0
13,17,36,4,4,4,1,66.0
32,67,12,4,4,2,1,52.0
13,5,76,4,4,4,1,66.0
13,1,44,4,4,2,1,66.0
13,0,51,4,4,4,1,66.0
32,79,42,4,4,3,1,52.0
12,42,52,4,2,2,1,66.0
32,80,76,4,4,4,1,52.0
32,96,50,4,4,3,1,52.0
11,97,10,4,3,3,1,66.0
32,99,24,4,4,3,1,52.0
33,10,64,4,4,4,1,52.0
33,12,60,4,4,3,1,52.0
11,94,40,4,3,4,1,66.0
33,25,76,4,4,4,1,52.0
11,81,20,4,3,4,1,66.0
11,65,35,4,4,3,1,66.0
11,63,72,4,4,4,1,66.0
11,57,51,4,4,4,1,66.0
33,62,56,4,4,4,1,52.0
33,71,52,4,4,3,1,52.0
34,12,64,4,3,3,1,52.0
34,19,7,4,3,3,1,52.0
34,20,11,4,4,4,1,52.0
34,32,28,4,4,4,1,52.0
11,54,47,4,4,1,1,66.0
34,35,60,4,3,2,1,52.0
11,36,27,4,4,3,1,66.0
34,49,56,4,3,4,1,52.0
34,83,36,4,3,4,1,52.0
34,88,76,4,4,3,1,52.0
11,35,10,4,4,1,1,66.0
10,86,36,4,3,3,1,66.0
35,8,6,4,1,4,1,52.0
10,67,32,4,3,3,1,66.0
35,9,18,4,2,3,1,52.0
35,15,66,4,2,4,1,52.0
10,64,16,4,3,2,1,66.0
35,47,2,4,1,3,1,52.0
35,61,56,4,2,4,1,52.0
10,38,47,4,3,4,1,66.0
35,94,52,4,2,4,1,52.0
35,96,32,4,2,3,1,52.0
36,5,72,4,3,4,1,52.0
10,18,28,4,4,4,1,66.0
10,17,24,4,3,4,1,66.0
9,99,36,4,3,4,1,66.0
9,60,36,4,4,3,1,66.0
9,47,45,4,4,3,1,66.0
8,69,47,4,4,4,1,66.0
36,15,23,4,3,4,1,52.0
36,19,19,4,3,3,1,52.0
36,26,72,4,4,4,1,52.0
36,31,76,4,4,4,1,52.0
36,39,41,4,4,3,1,52.0
36,43,53,4,4,3,1,52.0
8,54,43,4,4,2,1,66.0
36,51,1,4,4,3,1,52.0
36,53,49,4,4,3,1,52.0
8,5,35,4,4,4,1,66.0
7,78,29,4,4,3,1,66.0
7,69,10,4,4,4,1,66.0
36,54,68,4,4,2,1,52.0
36,56,9,4,4,3,1,52.0
36,60,28,4,4,3,1,52.0
36,62,64,4,4,3,1,52.0
36,63,45,4,4,4,1,52.0
36,64,20,4,4,2,1,52.0
36,68,5,4,4,2,1,52.0
36,78,60,4,4,3,1,52.0
36,81,37,4,4,4,1,52.0
7,67,25,4,4,3,1,66.0
36,86,14,4,4,3,1,52.0
36,99,32,4,4,4,1,52.0
37,12,23,4,4,2,1,52.0
37,34,68,4,4,4,1,52.0
37,35,48,4,4,2,1,52.0
37,47,64,4,4,4,1,52.0
37,49,14,4,4,3,1,52.0
37,53,44,4,4,3,1,52.0
37,57,36,4,4,4,1,52.0
37,62,60,4,4,3,1,52.0
37,79,56,4,4,3,1,52.0
37,97,6,4,4,3,1,52.0
38,8,31,4,4,4,1,52.0
6,94,48,4,4,4,1,66.0
38,10,6,4,3,4,1,52.0
6,74,40,4,4,4,1,66.0
38,11,76,4,4,4,1,52.0
6,46,52,4,4,4,1,66.0
38,12,27,4,3,3,1,52.0
6,37,18,4,4,4,1,66.0
6,1,31,4,4,2,1,66.0
5,98,51,4,4,3,1,66.0
38,13,2,4,3,4,1,52.0
5,83,26,4,4,3,1,66.0
5,66,31,4,4,3,1,66.0
5,63,68,4,4,4,1,66.0
5,49,22,4,4,3,1,66.0
38,15,72,4,4,4,1,52.0
38,17,20,4,4,4,1,52.0
38,26,51,4,4,4,1,52.0
38,30,64,4,4,4,1,52.0
38,32,16,4,4,4,1,52.0
5,15,60,4,4,4,1,66.0
38,41,42,4,4,2,1,52.0
38,51,38,4,4,4,1,52.0
38,53,27,4,4,3,1,52.0
38,60,10,4,4,3,1,52.0
5,13,18,4,4,4,1,66.0
5,12,14,4,4,4,1,66.0
38,67,60,4,4,3,1,52.0
38,68,1,4,4,2,1,52.0
38,70,6,4,4,2,1,52.0
4,94,69,4,4,4,1,66.0
39,1,0,4,4,2,1,52.0
39,11,68,4,4,4,1,52.0
39,13,64,4,4,4,1,52.0
39,28,45,4,4,4,1,52.0
4,88,64,4,4,3,1,66.0
39,34,60,4,4,4,1,52.0
39,35,28,4,4,2,1,52.0
39,36,24,4,4,4,1,52.0
39,40,56,4,4,4,1,52.0
39,48,14,4,4,3,1,52.0
4,60,24,4,4,3,1,66.0
39,68,19,4,4,2,1,52.0
39,72,41,4,4,4,1,52.0
4,56,5,4,4,3,1,66.0
4,39,52,4,4,4,1,66.0
39,76,37,4,4,4,1,52.0
40,2,68,4,4,4,1,52.0
40,19,64,4,4,4,1,52.0
4,16,48,4,4,4,1,66.0
40,62,49,4,4,3,1,52.0
4,12,41,4,4,3,1,66.0
40,68,60,4,4,3,1,52.0
4,10,12,4,4,3,1,66.0
4,1,37,4,4,3,1,66.0
3,97,7,4,4,4,1,66.0
40,71,39,4,4,2,1,52.0
40,89,35,4,4,3,1,52.0
41,2,33,4,2,4,1,52.0
41,34,24,4,2,4,1,52.0
2,95,60,4,4,4,1,66.0
2,76,56,4,4,4,1,66.0
41,45,1,4,2,3,1,52.0
2,67,52,4,4,3,1,66.0
2,50,44,4,4,4,1,66.0
2,46,29,4,4,4,1,66.0
2,37,10,4,4,4,1,66.0
41,47,20,4,2,4,1,52.0
41,59,16,4,2,4,1,52.0
41,61,6,4,2,4,1,52.0
2,15,48,4,4,4,1,66.0
41,70,22,4,3,2,1,52.0
2,4,20,4,4,4,1,66.0
1,88,51,4,3,3,1,66.0
1,46,60,4,3,4,1,66.0
0,89,27,4,4,3,1,66.0
41,73,68,4,3,4,1,52.0
41,90,35,4,3,3,1,52.0
41,96,64,4,3,3,1,52.0
0,64,57,4,4,3,1,66.0
42,8,12,4,3,4,1,52.0
0,54,47,4,4,2,1,66.0
42,9,72,4,3,4,1,52.0
42,13,60,4,3,4,1,52.0
42,15,56,4,3,4,1,52.0
42,16,44,4,3,4,1,52.0
0,44,39,4,4,3,1,66.0
42,25,64,4,3,4,1,52.0
42,30,35,4,3,4,1,52.0
42,31,25,4,3,4,1,52.0
0,42,21,4,4,3,1,66.0
99,98,20,4,3,3,1,52.0
99,81,1,4,3,3,1,52.0
99,71,16,4,3,3,1,52.0
99,67,12,4,3,3,1,52.0
42,43,1,4,3,4,1,52.0
99,66,20,4,4,3,1,52.0
42,44,5,4,3,3,1,52.0
42,51,76,4,4,4,1,52.0
99,48,68,4,4,4,1,52.0
42,53,40,4,4,3,1,52.0
99,43,72,4,4,4,1,52.0
99,34,64,4,4,4,1,52.0
42,55,28,4,4,3,1,52.0
42,62,45,4,4,3,1,52.0
42,63,64,4,4,4,1,52.0
42,64,72,4,4,3,1,52.0
99,25,16,4,4,3,1,52.0
42,68,68,4,4,3,1,52.0
42,70,2,4,4,2,1,52.0
42,75,36,4,4,3,1,52.0
99,13,40,4,4,4,1,52.0
42,90,13,4,4,3,1,52.0
99,12,56,4,4,3,1,52.0
43,4,33,4,4,4,1,52.0
43,5,10,4,4,4,1,52.0
43,6,14,4,4,4,1,52.0
99,11,60,4,4,4,1,52.0
98,99,28,4,3,4,1,52.0
98,96,36,4,3,3,1,52.0
43,10,52,4,4,4,1,52.0
43,11,64,4,4,4,1,52.0
43,24,56,4,4,3,1,52.0
98,89,16,4,3,3,1,52.0
43,26,68,4,4,4,1,52.0
98,88,5,4,3,3,1,52.0
43,30,40,4,4,4,1,52.0
43,35,44,4,4,2,1,52.0
43,55,18,4,4,3,1,52.0
98,81,24,4,3,4,1,52.0
43,70,48,4,4,3,1,52.0
98,79,32,4,3,3,1,52.0
98,78,1,4,3,3,1,52.0
43,75,23,4,4,3,1,52.0
43,98,76,4,4,4,1,52.0
98,75,11,4,3,3,1,52.0
44,24,18,4,3,3,1,52.0
98,60,20,4,4,3,1,52.0
98,54,39,4,4,2,1,52.0
44,25,59,4,3,4,1,52.0
98,51,56,4,4,4,1,52.0
98,44,52,4,4,3,1,52.0
44,26,28,4,3,4,1,52.0
98,32,34,4,4,4,1,52.0
98,31,61,4,4,4,1,52.0
98,30,30,4,4,4,1,52.0
98,13,26,4,4,4,1,52.0
44,31,14,4,3,4,1,52.0
44,37,1,4,3,4,1,52.0
44,50,76,4,4,4,1,52.0
44,54,10,4,3,3,1,52.0
98,1,16,4,4,3,1,52.0
44,62,41,4,4,3,1,52.0
44,64,12,4,4,2,1,52.0
44,66,8,4,4,3,1,52.0
44,70,69,4,4,3,1,52.0
44,81,65,4,4,4,1,52.0
97,99,52,4,3,4,1,52.0
44,85,26,4,4,4,1,52.0
97,98,48,4,3,4,1,52.0
97,90,2,4,3,3,1,52.0
97,78,44,4,3,3,1,52.0
44,91,52,4,4,4,1,52.0
44,94,60,4,4,4,1,52.0
97,75,64,4,3,4,1,52.0
45,1,76,4,4,3,1,52.0
97,70,56,4,3,3,1,52.0
45,10,72,4,4,4,1,52.0
97,68,35,4,3,3,1,52.0
97,67,14,4,3,4,1,52.0
45,16,28,4,4,4,1,52.0
97,56,1,4,4,3,1,52.0
97,48,76,4,4,4,1,52.0
45,26,59,4,4,4,1,52.0
45,30,55,4,4,4,1,52.0
45,31,48,4,4,4,1,52.0
45,35,14,4,4,2,1,52.0
97,41,60,4,4,3,1,52.0
45,44,32,4,4,4,1,52.0
45,54,20,4,4,2,1,52.0
45,56,68,4,4,4,1,52.0
45,65,9,4,4,3,1,52.0
97,35,65,4,4,3,1,52.0
97,34,56,4,4,4,1,52.0
45,75,1,4,4,3,1,52.0
45,79,64,4,4,3,1,52.0
45,88,44,4,4,4,1,52.0
45,90,40,4,4,4,1,52.0
97,31,44,4,4,4,1,52.0
97,28,14,4,4,4,1,52.0
46,1,56,4,4,3,1,52.0
97,19,48,4,4,4,1,52.0
46,2,6,4,4,4,1,52.0
46,9,19,4,4,4,1,52.0
97,11,40,4,4,4,1,52.0
46,34,44,4,4,4,1,52.0
46,47,10,4,4,4,1,52.0
46,62,2,4,4,4,1,52.0
96,98,12,4,3,4,1,52.0
96,90,8,4,3,3,1,52.0
96,82,1,4,3,3,1,52.0
96,78,60,4,3,4,1,52.0
47,12,68,4,4,3,1,52.0
96,71,28,4,3,2,1,52.0
47,53,16,4,4,3,1,52.0
96,68,41,4,3,3,1,52.0
47,71,34,4,4,2,1,52.0
96,62,18,4,3,3,1,52.0
47,72,60,4,4,4,1,52.0
96,60,6,4,4,3,1,52.0
96,51,68,4,4,4,1,52.0
96,47,72,4,4,4,1,52.0
96,45,36,4,4,4,1,52.0
47,73,56,4,4,4,1,52.0
96,42,60,4,4,4,1,52.0
47,95,45,4,4,4,1,52.0
96,37,40,4,4,4,1,52.0
47,97,52,4,4,4,1,52.0
96,34,52,4,4,4,1,52.0
96,32,20,4,4,4,1,52.0
48,10,60,4,4,4,1,52.0
96,31,2,4,4,4,1,52.0
96,26,47,4,4,4,1,52.0
96,25,32,4,4,4,1,52.0
48,34,48,4,4,4,1,52.0
48,49,6,4,4,3,1,52.0
48,55,64,4,4,4,1,52.0
48,64,52,4,4,3,1,52.0
96,24,76,4,4,4,1,52.0
96,15,28,4,4,4,1,52.0
48,78,25,4,4,3,1,52.0
96,11,56,4,4,4,1,52.0
96,10,16,4,4,4,1,52.0
48,83,44,4,4,4,1,52.0
48,86,10,4,4,3,1,52.0
48,90,36,4,4,4,1,52.0
48,92,32,4,4,4,1,52.0
95,99,24,4,4,4,1,52.0
48,95,40,4,4,4,1,52.0
48,98,2,4,4,4,1,52.0
49,2,2,4,3,4,1,52.0
49,9,64,4,4,4,1,52.0
95,79,36,4,4,3,1,52.0
95,71,20,4,4,2,1,52.0
49,10,48,4,4,4,1,52.0
95,70,65,4,4,3,1,52.0
49,12,52,4,4,3,1,52.0
95,66,4,4,4,3,1,52.0
49,15,76,4,4,4,1,52.0
95,62,32,4,4,3,1,52.0
95,60,76,4,4,4,1,52.0
95,56,56,4,4,4,1,52.0
49,17,28,4,4,4,1,52.0
49,24,41,4,4,3,1,52.0
49,30,60,4,4,4,1,52.0
95,48,16,4,4,4,1,52.0
49,31,21,4,4,4,1,52.0
49,35,10,4,4,2,1,52.0
95,41,28,4,4,3,1,52.0
95,30,12,4,4,4,1,52.0
95,28,0,4,4,4,1,52.0
49,39,33,4,4,4,1,52.0
49,44,17,4,4,4,1,52.0
95,24,8,4,4,4,1,52.0
49,53,2,4,4,3,1,52.0
49,54,6,4,4,2,1,52.0
49,60,72,4,4,4,1,52.0
49,68,68,4,4,4,1,52.0
49,71,37,4,4,3,1,52.0
94,89,44,4,4,3,1,52.0
94,81,76,4,4,4,1,52.0
94,79,28,4,4,3,1,52.0
49,89,53,3,1,3,2,52.0
94,70,36,4,4,3,1,52.0
94,66,0,4,4,3,1,52.0
94,56,32,4,4,4,1,52.0
50,1,68,4,4,3,1,52.0
94,54,24,4,4,2,1,52.0
94,41,56,4,4,3,1,52.0
50,9,53,4,4,4,1,52.0
50,12,36,4,4,3,1,52.0
94,35,6,4,4,2,1,52.0
94,34,20,4,4,4,1,52.0
50,68,72,4,4,3,1,52.0
51,24,34,4,4,3,1,52.0
51,26,24,4,4,4,1,52.0
51,39,10,4,4,4,1,52.0
51,48,20,4,4,4,1,52.0
51,57,47,4,4,4,1,52.0
94,24,16,4,4,4,1,52.0
94,19,12,4,4,4,1,52.0
51,58,43,4,4,3,1,52.0
51,65,64,4,4,4,1,52.0
51,66,52,4,4,4,1,52.0
51,75,30,4,4,4,1,52.0
51,84,16,4,4,4,1,52.0
51,90,6,4,4,4,1,52.0
52,11,18,4,4,4,1,52.0
52,12,45,4,4,4,1,52.0
52,13,14,4,4,4,1,52.0
52,15,10,4,4,4,1,52.0
52,35,2,4,4,2,1,52.0
52,41,41,4,4,3,1,52.0
93,89,2,4,4,3,1,52.0
93,67,48,4,4,3,1,52.0
52,67,6,4,4,3,1,52.0
93,55,44,4,4,4,1,52.0
53,0,76,4,4,4,1,52.0
93,47,27,4,4,4,1,52.0
93,41,18,4,4,3,1,52.0
93,35,40,4,4,3,1,52.0
93,34,36,4,4,4,1,52.0
53,12,10,4,3,4,1,52.0
53,13,68,4,4,4,1,52.0
53,17,12,4,4,4,1,52.0
92,56,23,4,4,4,1,52.0
53,69,64,4,4,4,1,52.0
53,78,51,4,4,3,1,52.0
53,86,23,4,4,3,1,52.0
92,55,9,4,4,3,1,52.0
53,92,19,4,4,4,1,52.0
92,54,15,4,4,2,1,52.0
92,47,5,4,4,4,1,52.0
54,5,2,4,2,4,1,52.0
54,12,32,4,2,3,1,52.0
92,34,1,4,4,4,1,52.0
54,16,76,4,3,4,1,52.0
54,18,77,3,1,1,2,52.0
54,67,28,4,2,4,1,52.0
91,71,6,4,4,2,1,52.0
91,70,32,4,4,3,1,52.0
91,53,36,4,4,4,1,52.0
54,76,68,4,3,4,1,52.0
91,44,48,4,4,4,1,52.0
91,41,14,4,4,3,1,52.0
91,24,68,4,4,4,1,52.0
91,12,23,4,4,3,1,52.0
91,10,10,4,4,4,1,52.0
55,34,72,4,4,4,1,52.0
90,89,31,4,4,3,1,52.0
90,68,48,4,4,2,1,52.0
90,67,66,4,4,3,1,52.0
90,64,62,4,4,3,1,52.0
90,60,58,4,4,4,1,52.0
90,54,72,4,4,3,1,52.0
90,42,54,4,4,4,1,52.0
55,42,50,4,4,4,1,52.0
90,35,76,4,4,3,1,52.0
90,15,44,4,4,4,1,52.0
55,64,68,4,4,3,1,52.0
90,12,19,4,4,3,1,52.0
55,69,60,4,4,4,1,52.0
90,11,14,4,4,4,1,52.0
90,4,1,4,4,4,1,52.0
89,96,64,4,4,4,1,52.0
55,71,76,4,4,3,1,52.0
55,80,38,4,4,4,1,52.0
55,82,34,4,4,4,1,52.0
55,85,22,4,4,4,1,52.0
55,86,6,4,4,3,1,52.0
55,88,56,4,4,4,1,52.0
89,95,72,4,4,4,1,52.0
89,79,60,4,4,3,1,52.0
55,89,30,4,4,4,1,52.0
55,96,12,4,4,4,1,52.0
56,44,4,4,4,4,1,52.0
89,78,14,4,4,3,1,52.0
89,65,68,4,4,4,1,52.0
56,57,28,4,4,4,1,52.0
89,45,5,4,4,4,1,52.0
89,41,49,4,4,3,1,52.0
89,25,45,4,4,4,1,52.0
56,67,40,4,4,3,1,52.0
89,15,36,4,4,4,1,52.0
89,13,22,4,4,4,1,52.0
89,6,26,4,4,4,1,52.0
56,71,0,4,4,2,1,52.0
56,74,45,4,4,4,1,52.0
88,99,1,4,3,4,1,52.0
56,77,14,4,4,4,1,52.0
56,97,36,4,4,4,1,52.0
88,98,72,4,4,4,1,52.0
57,2,16,4,4,4,1,52.0
88,79,49,4,4,3,1,52.0
57,11,6,4,4,4,1,52.0
57,12,32,4,4,4,1,52.0
88,78,6,4,4,3,1,52.0
57,62,12,4,4,3,1,52.0
88,71,64,4,4,3,1,52.0
88,66,76,4,4,4,1,52.0
88,63,40,4,4,4,1,52.0
88,51,2,4,4,4,1,52.0
58,1,64,4,4,3,1,52.0
58,9,60,4,4,4,1,52.0
58,11,23,4,4,4,1,52.0
58,12,15,4,4,3,1,52.0
58,13,10,4,4,4,1,52.0
58,25,72,4,4,4,1,52.0
88,42,32,4,4,4,1,52.0
58,28,28,4,4,4,1,52.0
88,35,60,4,4,3,1,52.0
58,30,6,4,4,4,1,52.0
58,31,40,4,4,4,1,52.0
58,35,52,4,4,3,1,52.0
88,2,25,4,4,4,1,52.0
58,47,1,4,4,4,1,52.0
88,1,21,4,4,3,1,52.0
58,54,48,4,4,3,1,52.0
58,62,36,4,4,3,1,52.0
58,64,44,4,4,3,1,52.0
58,79,76,4,4,4,1,52.0
87,70,8,4,4,3,1,52.0
87,54,76,4,2,4,1,52.0
59,9,49,4,4,4,1,52.0
59,12,64,4,4,4,1,52.0
59,19,44,4,4,4,1,52.0
59,25,40,4,4,4,1,52.0
87,25,68,4,4,4,1,52.0
59,28,5,4,4,4,1,52.0
87,12,76,4,3,4,1,52.0
59,44,0,4,4,4,1,52.0
59,53,32,4,4,4,1,52.0
87,1,4,4,4,3,1,52.0
86,81,72,4,4,4,1,52.0
86,79,24,4,4,3,1,52.0
86,78,68,4,4,4,1,52.0
86,72,64,4,4,4,1,52.0
86,68,9,4,4,2,1,52.0
60,10,44,4,4,4,1,52.0
86,66,60,4,4,4,1,52.0
86,65,51,4,4,4,1,52.0
60,26,20,4,4,4,1,52.0
86,63,55,4,4,4,1,52.0
60,35,48,4,4,3,1,52.0
60,41,10,4,4,3,1,52.0
86,62,28,4,4,3,1,52.0
86,61,20,4,4,3,1,52.0
86,54,44,4,4,3,1,52.0
60,67,16,4,4,3,1,52.0
60,76,33,4,4,4,1,52.0
60,83,68,4,4,4,1,52.0
86,26,16,4,4,4,1,52.0
86,15,32,4,4,4,1,52.0
60,85,6,4,4,4,1,52.0
61,9,41,4,4,4,1,52.0
61,11,31,4,4,4,1,52.0
61,12,68,4,4,4,1,52.0
61,34,16,4,4,4,1,52.0
86,6,36,4,4,4,1,52.0
61,42,24,4,4,4,1,52.0
85,56,10,4,4,4,1,52.0
85,35,18,4,4,3,1,52.0
61,53,60,4,4,4,1,52.0
85,15,14,4,4,4,1,52.0
61,56,64,4,4,4,1,52.0
61,64,48,4,4,3,1,52.0
61,68,76,4,4,3,1,52.0
61,70,52,4,4,3,1,52.0
85,12,2,4,4,4,1,52.0
61,89,1,4,4,4,1,52.0
62,42,20,4,4,4,1,52.0
84,98,8,4,4,4,1,52.0
62,90,10,4,4,4,1,52.0
62,96,24,4,4,4,1,52.0
84,89,76,4,4,4,1,52.0
84,86,4,4,4,4,1,52.0
63,1,33,4,4,3,1,52.0
84,81,61,4,4,4,1,52.0
84,71,72,4,4,3,1,52.0
63,6,5,4,4,4,1,52.0
63,10,1,4,4,4,1,52.0
84,67,56,4,4,3,1,52.0
84,54,52,4,4,3,1,52.0
84,53,28,4,4,4,1,52.0
84,41,0,4,4,3,1,52.0
63,19,29,4,4,4,1,52.0
63,66,25,4,4,4,1,52.0
84,26,12,4,4,4,1,52.0
63,99,12,4,4,4,1,52.0
64,1,29,4,3,3,1,52.0
64,4,16,4,3,4,1,52.0
64,6,1,4,3,4,1,52.0
64,12,40,4,3,4,1,52.0
84,13,32,4,4,4,1,52.0
84,12,36,4,4,4,1,52.0
84,1,68,4,4,4,1,52.0
83,79,47,4,3,4,1,52.0
64,19,36,4,3,4,1,52.0
83,70,28,4,4,3,1,52.0
64,34,7,4,3,4,1,52.0
83,67,21,4,4,3,1,52.0
64,35,25,4,3,3,1,52.0
83,64,12,4,4,3,1,52.0
64,39,76,4,4,4,1,52.0
64,41,21,4,3,4,1,52.0
83,62,8,4,4,3,1,52.0
83,53,4,4,4,4,1,52.0
64,53,72,4,4,4,1,52.0
64,55,26,4,4,4,1,52.0
64,61,37,4,4,4,1,52.0
64,62,68,4,4,4,1,52.0
83,19,53,4,4,3,1,52.0
83,17,0,4,4,4,1,52.0
83,12,49,4,4,4,1,52.0
64,71,60,4,4,3,1,52.0
64,72,48,4,4,4,1,52.0
64,73,52,4,4,4,1,52.0
64,75,19,4,4,3,1,52.0
83,1,32,4,4,4,1,52.0
82,68,27,4,4,2,1,52.0
82,67,2,4,4,3,1,52.0
64,78,64,4,4,4,1,52.0
64,79,5,4,4,3,1,52.0
82,61,20,4,4,4,1,52.0
64,86,0,4,4,4,1,52.0
64,88,15,4,4,4,1,52.0
82,53,47,4,4,4,1,52.0
65,1,47,4,4,3,1,52.0
65,4,29,4,4,4,1,52.0
65,9,25,4,4,4,1,52.0
82,41,6,4,4,3,1,52.0
65,24,60,4,4,4,1,52.0
82,10,40,4,4,4,1,52.0
82,9,15,4,4,4,1,52.0
65,26,2,4,4,4,1,52.0
65,35,36,4,4,3,1,52.0
65,53,43,4,4,4,1,52.0
81,99,48,4,4,4,1,52.0
81,89,56,4,4,4,1,52.0
65,55,18,4,4,4,1,52.0
81,71,44,4,4,3,1,52.0
65,78,14,4,4,4,1,52.0
81,67,52,4,4,4,1,52.0
81,35,14,4,4,3,1,52.0
65,89,10,4,4,4,1,52.0
81,24,28,4,4,4,1,52.0
66,10,36,4,4,4,1,52.0
80,70,24,4,4,3,1,52.0
80,62,49,4,4,4,1,52.0
80,60,29,4,4,4,1,52.0
80,54,34,4,4,3,1,52.0
80,53,8,4,4,4,1,52.0
66,35,56,4,4,3,1,52.0
66,58,68,4,4,4,1,52.0
66,68,64,4,4,3,1,52.0
80,35,4,4,4,3,1,52.0
66,69,43,4,4,4,1,52.0
66,76,48,4,4,4,1,52.0
66,79,1,4,4,3,1,52.0
66,81,10,4,4,4,1,52.0
66,84,21,4,4,4,1,52.0
67,5,6,4,4,4,1,52.0
80,19,0,4,4,4,1,52.0
67,9,10,4,4,4,1,52.0
67,10,32,4,4,4,1,52.0
67,24,64,4,4,4,1,52.0
79,35,32,4,4,3,1,52.0
79,34,40,4,4,4,1,52.0
67,58,19,4,4,4,1,52.0
67,60,40,4,4,4,1,52.0
79,24,56,4,4,4,1,52.0
67,64,56,4,4,4,1,52.0
67,66,72,4,4,4,1,52.0
67,68,48,4,4,3,1,52.0
67,70,60,4,4,3,1,52.0
78,88,36,4,4,4,1,52.0
68,0,17,4,3,4,1,52.0
78,75,76,4,4,4,1,52.0
68,35,10,4,3,3,1,52.0
78,70,44,4,4,3,1,52.0
78,66,32,4,4,4,1,52.0
78,64,10,4,4,4,1,52.0
78,41,72,4,4,4,1,52.0
78,32,6,4,4,4,1,52.0
78,25,55,4,4,4,1,52.0
78,19,40,4,4,4,1,52.0
68,53,56,4,3,4,1,52.0
68,54,30,4,3,3,1,52.0
68,67,24,4,3,4,1,52.0
69,1,0,4,4,3,1,52.0
69,15,52,4,4,4,1,52.0
69,24,4,4,4,4,1,52.0
78,1,25,4,4,3,1,52.0
69,25,16,4,4,4,1,52.0
77,79,21,4,4,4,1,52.0
77,70,4,4,4,3,1,52.0
69,68,56,4,4,4,1,52.0
77,62,44,4,4,4,1,52.0
77,60,0,4,4,4,1,52.0
77,54,32,4,4,4,1,52.0
77,41,10,4,4,4,1,52.0
76,89,41,4,4,4,1,52.0
76,68,52,4,4,3,1,52.0
76,54,26,4,4,3,1,52.0
76,53,0,4,4,4,1,52.0
76,41,14,4,4,4,1,52.0
70,56,60,4,4,4,1,52.0
76,35,22,4,4,4,1,52.0
70,71,20,4,3,3,1,52.0
70,80,13,4,3,4,1,52.0
71,1,12,4,3,3,1,52.0
76,25,10,4,4,4,1,52.0
76,19,6,4,4,4,1,52.0
71,9,6,4,3,4,1,52.0
71,24,48,4,3,4,1,52.0
71,81,2,4,3,4,1,52.0
71,82,76,4,4,4,1,52.0
75,99,44,4,4,4,1,52.0
75,81,6,4,4,4,1,52.0
72,15,19,4,4,4,1,52.0
72,24,32,4,4,4,1,52.0
75,72,23,4,4,4,1,52.0
75,71,56,4,4,3,1,52.0
73,1,8,4,4,3,1,52.0
75,68,2,4,4,3,1,52.0
75,67,68,4,4,4,1,52.0
73,24,44,4,4,4,1,52.0
73,41,60,4,4,4,1,52.0
73,54,22,4,4,3,1,52.0
75,35,52,4,4,4,1,52.0
75,24,40,4,4,4,1,52.0
73,62,76,4,4,4,1,52.0
75,19,19,4,4,4,1,52.0
73,64,33,4,4,4,1,52.0
73,70,0,4,4,3,1,52.0
73,71,29,4,4,3,1,52.0
73,79,72,4,4,4,1,52.0
73,89,18,4,4,4,1,52.0
74,1,72,4,4,4,1,52.0
74,12,28,4,4,4,1,52.0
74,24,0,4,4,4,1,52.0
74,25,6,4,4,4,1,52.0
74,54,68,4,4,4,1,52.0
74,70,10,4,4,4,1,52.0
