src,dst,spec,slots_used,core_src,core_dst,tfk_slot
0,10,0,2,0,0,20.0
74,17,0,20,0,0,460.0
0,14,2,2,0,0,20.0
0,38,4,2,0,0,20.0
0,48,6,2,0,0,20.0
0,54,8,2,0,0,20.0
73,74,20,20,0,0,460.0
0,71,10,2,0,0,20.0
0,82,12,2,0,0,20.0
0,96,14,2,0,0,20.0
62,16,0,20,0,0,460.0
0,99,16,2,0,0,20.0
53,44,0,20,0,0,460.0
49,56,0,20,0,0,460.0
48,34,8,20,0,0,460.0
1,12,0,2,0,0,20.0
1,46,2,2,0,0,20.0
2,1,4,2,0,0,20.0
2,7,0,2,0,0,20.0
2,13,2,2,0,0,20.0
2,14,6,2,0,0,20.0
2,17,20,2,0,0,20.0
40,56,20,20,0,0,460.0
2,22,8,2,0,0,20.0
2,39,10,2,0,0,20.0
2,52,12,2,0,0,20.0
2,54,14,2,0,0,20.0
2,58,16,2,0,0,20.0
2,61,18,2,0,0,20.0
2,62,22,2,0,0,20.0
40,18,0,20,0,0,460.0
2,72,24,2,0,0,20.0
2,75,26,2,0,0,20.0
2,76,28,2,0,0,20.0
2,77,30,2,0,0,20.0
2,82,32,2,0,0,20.0
21,66,0,20,0,0,460.0
2,84,34,2,0,0,20.0
2,86,36,2,0,0,20.0
0,63,18,20,0,0,460.0
2,87,38,2,0,0,20.0
2,91,40,2,0,0,20.0
2,92,42,2,0,0,20.0
2,93,44,2,0,0,20.0
3,0,38,2,0,0,20.0
3,4,0,2,0,0,20.0
3,12,2,2,0,0,20.0
3,21,20,2,0,0,20.0
3,23,4,2,0,0,20.0
3,29,6,2,0,0,20.0
98,23,6,18,0,0,420.0
3,32,8,2,0,0,20.0
3,40,40,2,0,0,20.0
82,89,14,18,0,0,420.0
3,50,10,2,0,0,20.0
3,51,12,2,0,0,20.0
3,52,14,2,0,0,20.0
3,54,16,2,0,0,20.0
82,53,34,18,0,0,420.0
3,63,42,2,0,0,20.0
3,85,18,2,0,0,20.0
3,89,32,2,0,0,20.0
3,94,22,2,0,0,20.0
3,95,24,2,0,0,20.0
4,57,2,2,0,0,20.0
4,64,4,2,0,0,20.0
4,65,6,2,0,0,20.0
78,41,0,18,0,0,420.0
4,76,8,2,0,0,20.0
5,39,0,2,0,0,20.0
77,40,42,18,0,0,420.0
73,64,40,18,0,0,420.0
5,48,2,2,0,0,20.0
72,61,0,18,0,0,420.0
5,83,4,2,0,0,20.0
6,12,4,2,0,0,20.0
6,32,0,2,0,0,20.0
57,63,44,18,0,0,420.0
6,85,2,2,0,0,20.0
7,3,26,2,0,0,20.0
7,4,10,2,0,0,20.0
7,11,2,2,0,0,20.0
7,12,6,2,0,0,20.0
7,31,4,2,0,0,20.0
7,33,8,2,0,0,20.0
7,90,12,2,0,0,20.0
7,93,14,2,0,0,20.0
57,5,6,18,0,0,420.0
8,2,46,2,0,0,20.0
8,7,16,2,0,0,20.0
8,9,0,2,0,0,20.0
8,10,2,2,0,0,20.0
8,12,8,2,0,0,20.0
8,13,4,2,0,0,20.0
8,14,10,2,0,0,20.0
56,40,60,18,0,0,420.0
53,36,52,18,0,0,420.0
8,15,6,2,0,0,20.0
51,1,14,18,0,0,420.0
8,16,20,2,0,0,20.0
40,0,40,18,1,0,420.0
8,18,22,2,0,0,20.0
8,36,12,2,0,0,20.0
8,68,14,2,0,0,20.0
8,70,18,2,0,0,20.0
37,1,32,18,0,0,420.0
8,73,58,2,0,0,20.0
8,78,24,2,0,0,20.0
8,87,26,2,0,0,20.0
8,90,28,2,0,0,20.0
8,94,30,2,0,0,20.0
8,98,32,2,0,0,20.0
9,4,12,2,0,0,20.0
9,17,22,2,0,0,20.0
9,30,2,2,0,0,20.0
9,51,4,2,0,0,20.0
9,53,20,2,0,0,20.0
9,66,24,2,0,0,20.0
36,48,28,18,0,0,420.0
31,76,10,18,0,0,420.0
26,39,12,18,0,0,420.0
9,69,6,2,0,0,20.0
9,74,40,2,0,0,20.0
9,75,8,2,0,0,20.0
9,79,10,2,0,0,20.0
9,80,14,2,0,0,20.0
9,95,16,2,0,0,20.0
10,2,48,2,0,0,20.0
10,5,24,2,0,0,20.0
10,12,10,2,0,0,20.0
10,35,4,2,0,0,20.0
10,49,20,2,0,0,20.0
10,79,6,2,0,0,20.0
23,40,58,18,0,1,420.0
10,93,8,2,0,0,20.0
21,89,34,18,0,0,420.0
10,95,12,2,0,0,20.0
21,74,52,18,0,0,420.0
11,9,18,2,0,0,20.0
11,12,12,2,0,0,20.0
11,13,0,2,0,0,20.0
11,35,6,2,0,0,20.0
11,56,40,2,0,0,20.0
11,75,4,2,0,0,20.0
11,88,8,2,0,0,20.0
21,12,14,18,1,0,420.0
18,34,28,18,0,0,420.0
11,99,10,2,0,0,20.0
12,13,32,2,0,0,20.0
6,66,26,18,0,0,420.0
12,16,34,2,0,0,20.0
12,21,70,2,0,0,20.0
12,22,36,2,0,0,20.0
12,44,38,2,0,0,20.0
12,55,40,2,0,0,20.0
12,65,42,2,0,0,20.0
12,75,44,2,0,0,20.0
98,74,34,17,0,1,380.0
12,79,46,2,0,0,20.0
12,87,48,2,0,0,20.0
12,99,50,2,0,0,20.0
13,0,58,2,0,0,20.0
98,59,51,17,0,0,380.0
13,1,6,2,0,0,20.0
13,18,20,2,0,0,20.0
87,39,50,17,0,0,380.0
86,40,0,17,0,1,380.0
13,43,8,2,0,0,20.0
86,36,17,17,0,1,380.0
86,18,46,17,0,0,380.0
75,26,46,17,0,0,380.0
13,44,22,2,0,0,20.0
13,72,18,2,0,0,20.0
64,69,8,17,0,0,380.0
13,98,24,2,0,0,20.0
14,5,26,2,0,0,20.0
14,7,18,2,0,0,20.0
14,64,0,2,0,0,20.0
14,69,4,2,0,0,20.0
14,72,20,2,0,0,20.0
14,98,28,2,0,0,20.0
64,63,62,17,0,0,380.0
15,16,22,2,0,0,20.0
15,20,0,2,0,0,20.0
64,36,0,17,1,1,380.0
60,53,0,17,0,1,380.0
15,23,2,2,0,0,20.0
60,18,63,17,0,0,380.0
57,46,24,17,0,0,380.0
15,24,4,2,0,0,20.0
15,26,8,2,0,0,20.0
15,44,20,2,0,0,20.0
52,17,24,17,0,0,380.0
15,59,10,2,0,0,20.0
15,71,12,2,0,0,20.0
15,79,14,2,0,0,20.0
15,83,16,2,0,0,20.0
15,89,52,2,0,0,20.0
51,7,32,17,0,0,380.0
15,92,18,2,0,0,20.0
16,52,41,2,0,0,20.0
49,75,63,17,0,0,380.0
17,72,41,2,0,0,20.0
18,54,24,2,0,0,20.0
18,73,26,2,0,1,20.0
18,94,0,2,1,0,20.0
19,1,8,2,0,0,20.0
46,77,4,17,0,0,380.0
19,44,24,2,0,0,20.0
19,57,0,2,0,0,20.0
19,69,2,2,0,0,20.0
44,62,40,17,0,0,380.0
41,23,24,17,0,0,380.0
19,78,18,2,0,0,20.0
19,91,4,2,0,0,20.0
19,98,26,2,0,0,20.0
20,11,14,2,0,0,20.0
20,91,2,2,0,0,20.0
21,15,24,2,0,0,20.0
21,33,22,2,0,0,20.0
21,47,26,2,0,0,20.0
39,76,30,17,0,0,380.0
22,3,28,2,0,0,20.0
22,4,14,2,0,0,20.0
22,6,6,2,0,0,20.0
22,11,16,2,0,0,20.0
38,56,42,17,0,0,380.0
22,14,12,2,0,0,20.0
22,18,2,2,0,1,20.0
22,19,10,2,0,0,20.0
22,27,0,2,0,0,20.0
22,30,4,2,0,0,20.0
22,31,30,2,0,0,20.0
22,40,78,2,0,0,20.0
22,42,18,2,0,0,20.0
22,43,20,2,0,0,20.0
22,46,22,2,0,0,20.0
22,47,24,2,0,0,20.0
22,59,26,2,0,0,20.0
26,23,63,17,0,1,380.0
22,78,32,2,0,0,20.0
22,89,54,2,0,0,20.0
22,97,34,2,0,0,20.0
23,22,41,2,0,0,20.0
23,50,0,2,0,0,20.0
23,53,76,2,0,0,20.0
18,39,4,17,1,1,380.0
24,49,22,2,0,0,20.0
25,7,20,2,0,0,20.0
25,27,2,2,0,0,20.0
25,34,0,2,0,0,20.0
25,38,6,2,0,0,20.0
16,75,43,17,0,1,380.0
25,43,4,2,0,0,20.0
10,56,26,17,0,1,380.0
25,49,24,2,0,0,20.0
25,53,22,2,0,0,20.0
10,31,50,17,0,0,380.0
9,44,57,17,0,0,380.0
7,19,49,17,0,0,380.0
25,54,10,2,0,0,20.0
25,75,12,2,0,0,20.0
0,7,60,17,0,1,380.0
25,76,47,2,0,0,20.0
25,77,26,2,0,0,20.0
98,76,49,15,1,0,340.0
25,85,8,2,0,0,20.0
98,68,16,15,1,0,340.0
25,88,14,2,0,0,20.0
25,94,16,2,0,0,20.0
98,48,64,15,1,0,340.0
26,20,4,2,0,0,20.0
26,24,0,2,0,0,20.0
26,25,30,2,0,0,20.0
91,68,42,15,0,0,340.0
26,29,2,2,0,0,20.0
26,48,6,2,0,1,20.0
91,1,57,15,0,0,340.0
26,49,32,2,0,0,20.0
78,5,34,15,0,0,340.0
77,18,60,15,0,1,340.0
26,66,44,2,0,0,20.0
26,73,10,2,0,0,20.0
26,86,34,2,0,0,20.0
27,3,30,2,0,0,20.0
27,5,28,2,0,0,20.0
27,19,6,2,0,0,20.0
27,43,10,2,0,0,20.0
73,49,60,15,0,1,340.0
27,44,26,2,0,0,20.0
27,46,41,2,0,0,20.0
27,61,20,2,0,0,20.0
27,65,4,2,0,0,20.0
71,24,24,15,0,0,340.0
27,66,22,2,0,0,20.0
27,73,8,2,0,0,20.0
27,75,14,2,0,0,20.0
27,77,24,2,0,0,20.0
27,86,38,2,0,0,20.0
27,89,12,2,0,0,20.0
27,98,68,2,0,0,20.0
28,8,34,2,0,0,20.0
70,88,20,15,0,0,340.0
69,78,49,15,0,0,340.0
28,19,12,2,0,0,20.0
28,20,6,2,0,0,20.0
28,24,2,2,0,0,20.0
68,24,57,15,0,0,340.0
66,75,60,15,0,1,340.0
64,78,25,15,0,1,340.0
28,25,18,2,0,0,20.0
28,33,0,2,0,0,20.0
28,39,4,2,0,0,20.0
28,64,58,2,0,0,20.0
28,65,8,2,0,0,20.0
28,66,20,2,0,0,20.0
28,72,22,2,0,0,20.0
28,82,10,2,0,0,20.0
62,40,24,15,0,1,340.0
28,86,40,2,0,0,20.0
29,5,30,2,0,0,20.0
62,34,57,15,0,0,340.0
29,13,10,2,0,0,20.0
29,25,28,2,0,0,20.0
62,4,16,15,1,0,340.0
29,26,36,2,0,0,20.0
29,43,0,2,0,0,20.0
29,61,22,2,0,0,20.0
29,85,4,2,0,0,20.0
55,49,42,15,0,0,340.0
29,95,8,2,0,0,20.0
29,97,12,2,0,0,20.0
30,12,52,2,0,0,20.0
52,56,43,15,0,1,340.0
48,44,46,15,0,1,340.0
30,40,17,2,0,1,20.0
42,53,20,15,0,1,340.0
39,51,49,15,1,0,340.0
30,50,6,2,0,0,20.0
38,77,8,15,0,1,340.0
30,51,0,2,0,0,20.0
36,75,34,15,1,2,340.0
30,53,24,2,0,0,20.0
36,62,49,15,1,1,340.0
30,55,8,2,0,0,20.0
30,57,41,2,0,0,20.0
30,63,10,2,0,0,20.0
30,64,60,2,0,0,20.0
30,68,12,2,0,0,20.0
30,87,14,2,0,0,20.0
30,88,35,2,0,0,20.0
34,52,58,15,1,0,340.0
30,93,19,2,0,0,20.0
30,95,21,2,0,0,20.0
30,98,30,2,0,0,20.0
30,99,26,2,0,0,20.0
34,17,43,15,1,0,340.0
31,7,32,15,0,1,340.0
31,21,28,2,0,0,20.0
31,38,0,2,0,0,20.0
19,26,28,15,0,1,340.0
16,5,60,15,0,0,340.0
14,66,30,15,0,1,340.0
31,72,47,2,0,0,20.0
32,25,32,2,0,0,20.0
32,46,43,2,0,0,20.0
7,89,0,15,1,1,340.0
33,16,24,2,0,0,20.0
33,27,16,2,0,0,20.0
4,59,31,15,0,0,340.0
33,28,14,2,0,0,20.0
33,39,2,2,0,0,20.0
33,47,4,2,0,0,20.0
33,49,26,2,0,0,20.0
99,82,0,5,0,0,80.0
33,50,12,2,0,0,20.0
33,52,6,2,0,0,20.0
33,64,18,2,0,1,20.0
33,69,28,2,0,0,20.0
33,77,32,2,0,0,20.0
99,72,28,5,0,0,80.0
33,78,20,2,0,0,20.0
33,81,10,2,0,0,20.0
99,70,5,5,0,0,80.0
99,69,33,5,0,0,80.0
99,60,18,5,0,0,80.0
33,87,30,2,0,0,20.0
34,14,46,2,0,0,20.0
99,58,38,5,0,0,80.0
34,46,48,2,0,0,20.0
99,56,58,5,0,1,80.0
99,55,63,5,0,0,80.0
99,46,52,5,0,0,80.0
34,94,2,2,0,0,20.0
35,21,30,2,0,0,20.0
35,32,2,2,0,0,20.0
35,37,0,2,0,0,20.0
35,45,8,2,0,0,20.0
99,34,72,5,0,0,80.0
35,60,23,2,0,0,20.0
99,16,43,5,0,1,80.0
99,7,66,5,1,0,80.0
36,11,20,2,0,0,20.0
36,76,0,2,0,0,20.0
37,6,8,2,0,0,20.0
37,14,14,2,0,0,20.0
37,15,26,2,0,0,20.0
37,20,10,2,0,0,20.0
37,28,16,2,0,0,20.0
37,30,28,2,0,0,20.0
37,38,2,2,0,0,20.0
37,46,50,2,0,0,20.0
37,50,4,2,0,0,20.0
37,57,62,2,0,0,20.0
37,64,6,2,0,0,20.0
37,67,12,2,0,0,20.0
37,95,18,2,0,0,20.0
99,6,10,5,1,0,80.0
98,97,0,5,0,0,80.0
98,91,72,5,0,0,80.0
98,88,0,5,1,0,80.0
37,97,20,2,0,0,20.0
38,4,59,2,0,0,20.0
38,18,23,2,0,1,20.0
38,28,25,2,0,0,20.0
38,30,32,2,0,0,20.0
38,31,67,2,0,0,20.0
38,37,30,2,0,0,20.0
98,26,38,5,1,0,80.0
38,48,61,2,0,0,20.0
38,72,34,2,0,0,20.0
38,73,75,2,0,0,20.0
38,89,63,2,0,0,20.0
98,11,31,5,1,0,80.0
38,93,27,2,0,0,20.0
39,4,47,2,0,0,20.0
39,18,75,2,0,1,20.0
39,21,72,2,0,0,20.0
97,98,5,5,0,1,80.0
39,33,67,2,0,0,20.0
39,49,6,2,0,1,20.0
39,54,69,2,0,0,20.0
97,90,14,5,0,0,80.0
39,60,8,2,0,1,20.0
39,86,77,2,0,0,20.0
39,93,0,2,1,0,20.0
40,12,76,2,1,0,20.0
40,57,78,2,1,0,20.0
40,66,19,2,1,1,20.0
40,79,21,2,1,0,20.0
40,87,0,2,2,0,20.0
97,78,26,5,0,0,80.0
41,30,43,2,0,0,20.0
41,31,69,2,0,0,20.0
41,56,78,2,0,0,20.0
41,60,41,2,0,0,20.0
41,65,18,2,0,0,20.0
41,90,20,2,0,0,20.0
42,1,10,2,0,0,20.0
42,13,12,2,0,0,20.0
42,23,43,2,0,0,20.0
42,25,35,2,0,0,20.0
97,69,38,5,0,0,80.0
97,64,43,5,0,1,80.0
97,63,48,5,0,1,80.0
97,51,64,5,0,0,80.0
42,80,0,2,0,0,20.0
97,47,53,5,0,0,80.0
42,91,6,2,0,0,20.0
43,1,12,2,0,0,20.0
43,4,49,2,0,0,20.0
43,5,32,2,0,0,20.0
97,41,58,5,0,0,80.0
43,23,45,2,0,0,20.0
43,36,2,2,0,0,20.0
43,37,22,2,0,0,20.0
43,55,6,2,0,0,20.0
43,57,64,2,0,0,20.0
43,59,14,2,0,0,20.0
43,63,16,2,0,0,20.0
43,70,35,2,0,0,20.0
43,80,18,2,0,0,20.0
44,1,74,2,0,0,20.0
44,39,28,2,0,1,20.0
44,61,30,2,0,0,20.0
44,82,76,2,0,0,20.0
44,96,32,2,0,0,20.0
97,38,69,5,0,0,80.0
45,10,14,2,0,0,20.0
45,24,6,2,0,0,20.0
97,32,74,5,0,0,80.0
45,25,37,2,0,0,20.0
45,34,4,2,0,0,20.0
45,40,2,2,0,2,20.0
45,43,24,2,0,0,20.0
45,48,0,2,0,0,20.0
45,55,10,2,0,0,20.0
45,61,26,2,0,0,20.0
45,69,30,2,0,0,20.0
97,27,32,5,1,0,80.0
45,85,12,2,0,0,20.0
97,18,25,5,1,1,80.0
97,17,58,5,1,0,80.0
46,23,78,2,0,0,20.0
46,33,45,2,0,0,20.0
46,51,69,2,0,0,20.0
46,60,57,2,0,0,20.0
46,82,59,2,0,0,20.0
97,4,51,5,1,0,80.0
46,95,0,2,0,0,20.0
47,7,22,2,0,0,20.0
47,13,14,2,0,0,20.0
96,69,43,5,0,0,80.0
47,17,63,2,0,0,20.0
47,20,8,2,0,0,20.0
47,23,47,2,0,0,20.0
96,61,34,5,0,0,80.0
96,60,25,5,0,0,80.0
47,27,18,2,0,0,20.0
47,30,37,2,0,0,20.0
47,35,10,2,0,0,20.0
47,48,0,2,0,1,20.0
47,51,2,2,0,0,20.0
47,54,6,2,0,0,20.0
47,72,39,2,0,0,20.0
47,81,12,2,0,0,20.0
47,88,16,2,0,0,20.0
47,92,20,2,0,0,20.0
47,95,28,2,0,0,20.0
47,97,31,2,0,0,20.0
48,14,4,2,0,1,20.0
48,28,27,2,1,0,20.0
96,53,70,5,0,0,80.0
48,31,2,2,1,0,20.0
48,49,29,2,1,0,20.0
48,82,8,2,1,0,20.0
48,86,42,2,1,0,20.0
48,95,4,2,1,0,20.0
49,8,36,2,0,0,20.0
49,12,57,2,0,0,20.0
49,17,34,2,0,1,20.0
96,44,0,5,0,1,80.0
49,35,38,2,0,0,20.0
49,54,40,2,0,0,20.0
49,65,59,2,0,0,20.0
96,18,48,5,0,1,80.0
49,87,61,2,0,1,20.0
96,14,53,5,0,0,80.0
49,90,0,2,1,0,20.0
95,94,32,5,0,0,80.0
95,89,56,5,0,0,80.0
50,5,49,2,0,0,20.0
50,6,15,2,0,0,20.0
95,82,61,5,0,0,80.0
50,12,54,2,0,0,20.0
50,20,17,2,0,0,20.0
50,26,2,2,0,1,20.0
50,27,43,2,0,0,20.0
50,28,29,2,0,0,20.0
50,29,19,2,0,0,20.0
50,30,39,2,0,0,20.0
95,73,37,5,0,1,80.0
95,70,42,5,0,0,80.0
50,32,21,2,0,0,20.0
95,54,47,5,0,0,80.0
50,39,23,2,0,1,20.0
50,45,32,2,0,0,20.0
50,53,26,2,0,0,20.0
50,58,8,2,0,0,20.0
50,66,46,2,0,0,20.0
50,81,34,2,0,0,20.0
50,83,36,2,0,0,20.0
50,89,61,2,0,0,20.0
50,93,41,2,0,0,20.0
50,94,51,2,0,0,20.0
51,16,75,2,0,0,20.0
51,36,6,2,0,0,20.0
51,91,8,2,0,0,20.0
51,92,10,2,0,0,20.0
52,6,17,2,0,0,20.0
95,47,66,5,0,0,80.0
52,11,22,2,0,0,20.0
52,13,73,2,0,0,20.0
52,21,75,2,0,0,20.0
95,22,71,5,0,0,80.0
52,25,77,2,0,0,20.0
52,29,0,2,0,1,20.0
52,33,2,2,0,1,20.0
52,55,4,2,0,0,20.0
52,65,10,2,0,0,20.0
52,67,8,2,0,0,20.0
94,72,53,5,0,0,80.0
52,70,19,2,0,1,20.0
52,79,0,2,1,0,20.0
52,98,70,2,1,0,20.0
53,13,28,2,0,0,20.0
53,34,78,2,0,0,20.0
94,61,39,5,0,0,80.0
94,58,10,5,0,0,80.0
94,53,44,5,0,1,80.0
53,41,30,2,0,1,20.0
54,6,19,2,0,0,20.0
54,16,26,2,0,0,20.0
94,22,58,5,0,0,80.0
54,29,32,2,0,0,20.0
54,32,4,2,0,0,20.0
94,4,63,5,0,0,80.0
94,0,4,5,0,1,80.0
54,35,12,2,0,0,20.0
93,98,2,5,0,2,80.0
93,90,22,5,0,0,80.0
54,37,52,2,0,0,20.0
54,51,71,2,0,0,20.0
54,62,73,2,0,0,20.0
54,66,54,2,0,0,20.0
54,77,0,2,0,0,20.0
54,82,56,2,0,0,20.0
93,89,65,5,0,0,80.0
54,89,2,2,0,0,20.0
54,90,30,2,0,0,20.0
93,81,29,5,0,0,80.0
55,5,57,2,0,0,20.0
55,11,24,2,0,0,20.0
55,15,28,2,0,0,20.0
55,35,14,2,0,0,20.0
55,41,22,2,0,0,20.0
55,46,61,2,0,0,20.0
55,54,34,2,0,0,20.0
93,75,34,5,0,0,80.0
55,68,0,2,0,0,20.0
55,71,2,2,0,0,20.0
93,69,70,5,0,0,80.0
55,76,68,2,0,0,20.0
55,91,12,2,0,0,20.0
93,66,48,5,0,0,80.0
93,64,53,5,0,1,80.0
55,95,26,2,0,0,20.0
55,96,16,2,0,0,20.0
56,7,24,2,1,0,20.0
56,28,63,2,1,0,20.0
56,60,0,2,1,1,20.0
56,67,2,2,1,0,20.0
56,73,4,2,1,0,20.0
56,84,6,2,1,0,20.0
56,88,10,2,1,0,20.0
56,89,8,2,1,0,20.0
57,55,70,2,0,0,20.0
58,7,28,2,0,0,20.0
58,12,59,2,0,0,20.0
58,17,65,2,0,0,20.0
93,47,58,5,0,0,80.0
58,36,4,2,0,0,20.0
93,36,75,5,0,0,80.0
58,37,24,2,0,0,20.0
58,41,45,2,0,0,20.0
58,42,2,2,0,0,20.0
93,31,71,5,1,0,80.0
93,29,14,5,1,0,80.0
58,52,6,2,0,1,20.0
93,24,8,5,1,0,80.0
58,82,52,2,0,0,20.0
58,86,63,2,0,0,20.0
58,94,18,2,0,0,20.0
59,14,8,2,0,0,20.0
59,17,68,2,0,0,20.0
93,2,50,5,1,0,80.0
59,19,16,2,0,0,20.0
92,99,0,5,0,1,80.0
59,27,46,2,0,0,20.0
92,96,5,5,0,0,80.0
59,32,6,2,0,0,20.0
59,43,28,2,0,0,20.0
59,44,78,2,0,0,20.0
59,53,18,2,0,1,20.0
59,54,21,2,0,0,20.0
59,56,12,2,0,1,20.0
59,75,0,2,0,0,20.0
59,83,2,2,0,0,20.0
92,94,24,5,0,0,80.0
92,81,36,5,0,0,80.0
59,98,23,2,0,2,20.0
60,11,36,2,0,0,20.0
60,38,38,2,0,0,20.0
60,54,43,2,0,0,20.0
60,64,30,2,0,1,20.0
60,75,32,2,0,0,20.0
60,79,34,2,0,0,20.0
92,76,70,5,0,0,80.0
60,80,45,2,0,0,20.0
61,8,44,2,0,0,20.0
61,46,63,2,0,0,20.0
61,51,73,2,0,0,20.0
61,57,66,2,0,0,20.0
61,71,46,2,0,0,20.0
61,74,48,2,0,0,20.0
61,92,32,2,0,0,20.0
61,95,52,2,0,0,20.0
61,98,77,2,0,0,20.0
63,10,0,2,0,1,20.0
63,37,2,2,0,1,20.0
63,46,4,2,0,1,20.0
64,1,2,2,0,1,20.0
64,18,21,2,1,1,20.0
64,25,39,2,1,0,20.0
64,68,32,2,1,0,20.0
64,80,23,2,1,0,20.0
65,10,16,2,0,0,20.0
65,46,65,2,0,0,20.0
65,55,20,2,0,0,20.0
65,67,0,2,0,0,20.0
92,66,75,5,0,0,80.0
65,98,12,2,0,1,20.0
92,62,44,5,0,1,80.0
66,12,56,2,0,1,20.0
66,13,58,2,0,1,20.0
66,23,49,2,1,0,20.0
66,27,51,2,1,0,20.0
66,35,16,2,1,0,20.0
66,64,25,2,1,1,20.0
66,98,10,2,1,1,20.0
92,53,49,5,0,1,80.0
67,0,77,2,0,0,20.0
67,6,21,2,0,0,20.0
67,16,28,2,0,0,20.0
67,17,70,2,0,0,20.0
67,43,26,2,0,0,20.0
67,46,67,2,0,0,20.0
67,48,10,2,0,1,20.0
67,51,4,2,0,1,20.0
67,55,18,2,0,0,20.0
67,68,6,2,0,0,20.0
67,78,64,2,0,0,20.0
92,52,12,5,0,1,80.0
67,82,54,2,0,0,20.0
67,90,32,2,0,0,20.0
68,31,8,2,0,0,20.0
68,41,72,2,0,0,20.0
92,26,54,5,0,1,80.0
68,56,74,2,0,1,20.0
92,21,59,5,0,1,80.0
68,90,2,2,0,0,20.0
69,7,75,2,0,0,20.0
69,10,67,2,0,0,20.0
69,38,65,2,0,0,20.0
69,46,0,2,0,1,20.0
69,53,77,2,0,1,20.0
69,66,25,2,0,2,20.0
70,1,50,2,0,0,20.0
70,8,38,2,0,0,20.0
70,47,71,2,0,0,20.0
70,60,47,2,0,0,20.0
92,2,64,5,0,0,80.0
70,75,2,2,0,0,20.0
71,0,0,2,0,1,20.0
71,13,16,2,0,0,20.0
71,16,39,2,0,0,20.0
91,96,18,5,0,0,80.0
91,90,34,5,0,0,80.0
91,83,23,5,0,0,80.0
91,81,28,5,0,1,80.0
71,33,41,2,0,0,20.0
91,65,22,5,1,0,80.0
91,58,30,5,1,0,80.0
91,57,72,5,1,0,80.0
91,56,14,5,1,1,80.0
71,69,4,2,0,1,20.0
71,80,6,2,0,0,20.0
71,87,8,2,0,0,20.0
72,18,36,2,0,1,20.0
91,55,0,5,1,1,80.0
72,42,45,2,0,0,20.0
91,42,37,5,1,0,80.0
72,73,77,2,0,0,20.0
72,93,63,2,0,0,20.0
73,5,0,2,0,1,20.0
73,7,15,2,0,1,20.0
73,51,2,2,0,1,20.0
73,54,6,2,0,1,20.0
91,41,47,5,1,0,80.0
73,62,12,2,0,1,20.0
73,89,17,2,0,1,20.0
73,91,0,2,1,0,20.0
73,92,22,2,1,0,20.0
91,39,42,5,1,1,80.0
91,38,5,5,1,1,80.0
74,18,42,2,0,1,20.0
74,73,44,2,0,1,20.0
91,34,52,5,1,0,80.0
75,6,23,2,0,0,20.0
75,7,30,2,0,0,20.0
75,35,18,2,0,0,20.0
75,43,39,2,0,0,20.0
75,45,16,2,0,0,20.0
75,58,20,2,0,0,20.0
91,32,57,5,1,0,80.0
76,5,75,2,0,0,20.0
76,23,2,2,0,1,20.0
76,46,6,2,0,1,20.0
76,81,4,2,0,0,20.0
77,8,40,2,0,0,20.0
77,10,22,2,0,0,20.0
91,11,62,5,1,0,80.0
77,12,78,2,0,0,20.0
77,15,34,2,0,0,20.0
77,43,37,2,0,0,20.0
77,79,2,2,0,0,20.0
77,87,28,2,0,0,20.0
91,4,67,5,1,1,80.0
78,46,71,2,0,0,20.0
78,55,73,2,0,0,20.0
78,85,22,2,0,0,20.0
79,3,36,2,0,0,20.0
79,10,18,2,0,0,20.0
79,30,48,2,0,0,20.0
91,3,44,5,2,0,80.0
91,2,55,5,2,0,80.0
79,35,25,2,0,0,20.0
79,47,41,2,0,0,20.0
79,48,12,2,0,1,20.0
79,77,75,2,0,0,20.0
90,95,4,5,0,1,80.0
90,73,46,5,0,1,80.0
79,85,16,2,0,0,20.0
79,86,44,2,0,0,20.0
80,17,72,2,0,0,20.0
80,18,30,2,0,1,20.0
80,34,50,2,0,0,20.0
80,37,54,2,0,0,20.0
80,40,4,2,0,2,20.0
80,66,2,2,0,1,20.0
80,75,10,2,0,0,20.0
80,87,12,2,0,0,20.0
81,3,49,2,0,0,20.0
90,70,52,5,0,0,80.0
81,23,51,2,0,0,20.0
90,56,65,5,0,1,80.0
81,25,41,2,0,0,20.0
90,55,75,5,0,0,80.0
81,41,53,2,0,0,20.0
81,44,6,2,0,1,20.0
90,47,39,5,0,1,80.0
81,75,0,2,0,1,20.0
81,83,8,2,0,0,20.0
81,85,14,2,0,0,20.0
81,92,2,2,0,1,20.0
82,15,66,2,0,0,20.0
82,18,78,2,0,1,20.0
82,27,70,2,0,0,20.0
82,33,72,2,0,0,20.0
90,37,57,5,0,0,80.0
90,27,70,5,0,1,80.0
82,60,5,2,0,1,20.0
82,66,68,2,0,1,20.0
82,87,74,2,0,0,20.0
82,92,29,2,1,0,20.0
83,4,56,2,0,0,20.0
83,7,71,2,0,0,20.0
83,15,30,2,0,0,20.0
83,19,14,2,0,0,20.0
90,21,0,5,1,1,80.0
83,20,12,2,0,0,20.0
83,22,38,2,0,0,20.0
83,23,53,2,0,0,20.0
83,25,43,2,0,0,20.0
83,26,0,2,0,1,20.0
83,29,34,2,0,0,20.0
83,48,18,2,0,1,20.0
90,13,34,5,1,0,80.0
83,51,77,2,0,0,20.0
83,53,32,2,0,0,20.0
90,9,26,5,1,0,80.0
83,59,48,2,0,0,20.0
83,63,6,2,0,0,20.0
90,6,44,5,1,0,80.0
83,65,28,2,0,0,20.0
83,77,40,2,0,1,20.0
90,0,9,5,1,1,80.0
83,84,10,2,0,0,20.0
84,19,20,2,0,0,20.0
84,39,2,2,0,1,20.0
84,42,4,2,0,0,20.0
89,90,70,5,0,1,80.0
89,73,75,5,0,1,80.0
84,48,14,2,0,1,20.0
89,57,19,5,1,1,80.0
84,52,8,2,0,1,20.0
84,85,0,2,0,0,20.0
89,50,56,5,1,0,80.0
84,91,16,2,0,0,20.0
89,45,39,5,1,0,80.0
84,94,37,2,0,0,20.0
85,2,60,2,0,0,20.0
85,7,73,2,0,0,20.0
85,13,26,2,0,0,20.0
89,34,24,5,1,1,80.0
89,11,44,5,1,0,80.0
85,14,24,2,0,0,20.0
89,5,51,5,1,0,80.0
85,19,43,2,0,0,20.0
89,2,69,5,1,0,80.0
85,23,55,2,0,0,20.0
85,33,34,2,0,0,20.0
85,37,64,2,0,0,20.0
85,43,30,2,0,0,20.0
88,80,37,5,0,0,80.0
85,45,20,2,0,0,20.0
85,62,75,2,0,0,20.0
85,63,38,2,0,0,20.0
85,68,10,2,0,0,20.0
88,17,74,5,0,0,80.0
85,88,6,2,0,0,20.0
87,97,2,5,0,1,80.0
85,92,28,2,0,1,20.0
85,96,40,2,0,0,20.0
86,0,65,2,0,1,20.0
86,3,67,2,0,0,20.0
86,16,69,2,0,1,20.0
86,23,71,2,0,2,20.0
86,58,73,2,0,0,20.0
87,90,16,5,0,1,80.0
86,87,75,2,0,1,20.0
87,11,42,2,0,0,20.0
88,18,44,2,0,1,20.0
87,75,21,5,0,1,80.0
89,0,0,2,0,2,20.0
89,6,4,2,0,1,20.0
89,24,6,2,0,1,20.0
86,97,7,5,1,1,80.0
89,64,10,2,0,2,20.0
89,93,29,2,1,1,20.0
86,82,0,5,1,1,80.0
90,5,9,2,0,1,20.0
86,25,49,5,1,0,80.0
86,19,66,5,1,0,80.0
90,24,44,2,0,0,20.0
90,29,62,2,0,0,20.0
90,30,50,2,1,0,20.0
90,39,21,2,1,1,20.0
90,74,75,2,1,0,20.0
85,87,67,5,0,0,80.0
85,83,45,5,0,1,80.0
91,6,77,2,0,0,20.0
91,40,10,2,0,2,20.0
91,72,14,2,0,1,20.0
91,84,12,2,1,0,20.0
91,85,77,2,1,0,20.0
91,97,10,2,1,0,20.0
85,76,50,5,0,1,80.0
92,1,34,2,0,1,20.0
92,8,42,2,1,0,20.0
92,14,16,2,1,0,20.0
92,27,48,2,1,0,20.0
92,35,20,2,1,0,20.0
92,39,25,2,1,1,20.0
92,44,34,2,1,0,20.0
85,72,58,5,1,0,80.0
92,46,73,2,1,0,20.0
92,59,4,2,1,0,20.0
92,64,36,2,1,1,20.0
92,74,46,2,1,0,20.0
92,87,10,2,1,0,20.0
92,90,6,2,1,1,20.0
85,71,18,5,1,0,80.0
85,51,6,5,1,1,80.0
93,1,10,2,0,1,20.0
93,23,12,2,0,1,20.0
93,25,16,2,0,1,20.0
93,27,39,2,0,1,20.0
93,37,46,2,0,1,20.0
93,41,55,2,1,0,20.0
85,29,38,5,1,0,80.0
93,56,19,2,1,1,20.0
93,63,40,2,1,0,20.0
93,97,22,2,1,0,20.0
94,6,49,2,0,0,20.0
94,7,77,2,0,0,20.0
94,13,68,2,0,0,20.0
94,14,70,2,0,0,20.0
94,17,20,2,0,1,20.0
85,16,0,5,1,1,80.0
94,28,72,2,0,0,20.0
94,33,74,2,0,0,20.0
94,44,36,2,1,0,20.0
94,47,33,2,1,0,20.0
94,54,28,2,1,0,20.0
94,63,8,2,1,0,20.0
94,66,0,2,1,1,20.0
94,78,66,2,1,0,20.0
94,79,4,2,1,0,20.0
95,0,2,2,0,1,20.0
95,8,54,2,0,0,20.0
95,16,30,2,0,0,20.0
95,20,76,2,0,0,20.0
95,38,78,2,0,0,20.0
95,42,14,2,0,0,20.0
85,4,68,5,1,0,80.0
95,46,10,2,0,1,20.0
85,0,23,5,1,1,80.0
95,48,6,2,0,2,20.0
95,53,35,2,1,1,20.0
95,84,18,2,1,0,20.0
95,85,32,2,1,0,20.0
95,93,0,2,1,1,20.0
96,9,75,2,0,0,20.0
96,11,58,2,0,0,20.0
96,17,10,2,0,1,20.0
96,23,23,2,0,1,20.0
84,96,60,5,0,0,80.0
84,75,26,5,0,1,80.0
96,30,65,2,0,0,20.0
96,33,77,2,0,0,20.0
84,73,51,5,0,1,80.0
96,35,67,2,0,0,20.0
96,36,12,2,0,2,20.0
84,69,39,5,0,1,80.0
96,48,30,2,0,2,20.0
96,58,0,2,1,0,20.0
96,66,4,2,1,1,20.0
96,70,10,2,1,0,20.0
84,65,44,5,0,0,80.0
96,71,14,2,1,0,20.0
84,60,65,5,0,1,80.0
96,72,26,2,1,0,20.0
84,49,75,5,0,1,80.0
96,75,6,2,1,0,20.0
96,87,32,2,1,0,20.0
96,92,8,2,1,1,20.0
97,6,24,2,0,1,20.0
84,37,70,5,0,0,80.0
84,30,54,5,1,0,80.0
97,24,36,2,0,1,20.0
97,39,30,2,1,1,20.0
84,23,4,5,1,1,80.0
97,44,12,2,1,1,20.0
97,45,18,2,1,0,20.0
97,60,49,2,1,0,20.0
84,21,9,5,1,1,80.0
97,83,20,2,1,0,20.0
97,84,22,2,1,0,20.0
97,87,40,2,1,0,20.0
97,92,0,2,1,1,20.0
98,0,14,2,1,1,20.0
98,7,47,2,1,1,20.0
98,35,36,2,1,0,20.0
98,49,43,2,1,1,20.0
84,12,61,5,1,0,80.0
98,57,45,2,1,1,20.0
98,64,27,2,2,1,20.0
98,65,14,2,2,0,20.0
98,92,12,2,2,1,20.0
84,5,14,5,1,1,80.0
98,94,10,2,2,1,20.0
99,3,69,2,0,0,20.0
99,23,14,2,0,1,20.0
99,28,48,2,0,0,20.0
99,36,23,2,0,0,20.0
83,90,58,5,0,1,80.0
99,54,77,2,0,0,20.0
83,67,63,5,0,1,80.0
99,59,12,2,0,1,20.0
99,62,20,2,1,0,20.0
99,65,30,2,1,0,20.0
99,89,15,2,1,1,20.0
99,97,37,2,1,1,20.0
0,1,52,3,1,0,40.0
83,61,54,5,1,0,80.0
0,15,36,3,1,0,40.0
83,32,10,5,1,0,80.0
0,28,31,3,1,0,40.0
0,32,16,3,1,0,40.0
0,33,47,3,1,0,40.0
0,37,67,3,1,0,40.0
83,27,59,5,1,0,80.0
0,40,19,3,1,2,40.0
0,45,44,3,1,0,40.0
0,50,70,3,1,0,40.0
0,51,28,3,1,1,40.0
0,57,39,3,1,1,40.0
0,59,73,3,1,0,40.0
83,3,71,5,1,0,80.0
82,57,5,5,1,1,80.0
82,49,10,5,1,1,80.0
0,60,59,3,1,0,40.0
82,42,47,5,1,0,80.0
0,64,62,3,1,1,40.0
0,67,56,3,1,0,40.0
0,68,76,3,1,0,40.0
0,69,6,3,2,1,40.0
0,73,2,3,2,1,40.0
0,86,12,3,2,1,40.0
0,94,15,3,2,1,40.0
0,97,42,3,2,1,40.0
82,40,22,5,1,2,80.0
1,43,76,3,0,0,40.0
1,54,36,3,1,0,40.0
1,62,77,3,1,0,40.0
1,82,15,3,1,1,40.0
82,25,54,5,1,0,80.0
1,85,57,3,1,0,40.0
2,3,76,3,0,0,40.0
2,6,51,3,1,0,40.0
2,18,32,3,1,1,40.0
2,23,9,3,1,1,40.0
2,28,36,3,1,0,40.0
82,21,32,5,1,1,80.0
2,30,45,3,1,0,40.0
2,45,48,3,1,0,40.0
82,0,37,5,1,2,80.0
2,48,20,3,1,1,40.0
2,55,5,3,1,1,40.0
2,60,54,3,1,0,40.0
2,65,39,3,1,0,40.0
81,65,67,5,0,0,80.0
2,66,12,3,1,1,40.0
2,68,0,3,1,1,40.0
81,60,16,5,0,1,80.0
2,89,61,3,1,1,40.0
3,5,51,3,0,1,40.0
3,6,54,3,0,0,40.0
81,55,21,5,0,1,80.0
3,8,60,3,0,0,40.0
3,10,57,3,0,1,40.0
3,17,63,3,0,1,40.0
3,19,45,3,1,0,40.0
3,20,19,3,1,0,40.0
3,25,59,3,1,0,40.0
81,47,73,5,0,0,80.0
81,38,43,5,0,1,80.0
3,34,0,3,1,1,40.0
81,24,55,5,0,1,80.0
3,35,27,3,1,0,40.0
3,43,41,3,1,0,40.0
3,47,49,3,1,0,40.0
3,48,23,3,1,1,40.0
3,53,37,3,1,1,40.0
3,61,68,3,1,0,40.0
3,64,65,3,1,1,40.0
80,98,32,5,0,2,80.0
3,72,71,3,1,0,40.0
3,77,3,3,1,1,40.0
3,79,30,3,1,0,40.0
3,88,52,3,1,0,40.0
3,92,55,3,1,1,40.0
4,13,75,3,0,0,40.0
4,16,36,3,1,0,40.0
80,83,25,5,0,1,80.0
80,82,59,5,0,1,80.0
4,18,39,3,1,1,40.0
4,29,24,3,1,0,40.0
4,38,0,3,1,1,40.0
4,40,6,3,1,2,40.0
4,44,9,3,1,1,40.0
4,53,54,3,1,1,40.0
4,56,21,3,1,1,40.0
80,64,74,5,0,1,80.0
4,58,47,3,1,0,40.0
4,74,72,3,1,0,40.0
4,92,30,3,1,1,40.0
5,1,77,3,0,2,40.0
80,61,64,5,0,1,80.0
5,18,54,3,1,1,40.0
5,27,64,3,1,0,40.0
5,29,43,3,1,0,40.0
5,34,3,3,1,1,40.0
80,60,10,5,1,1,80.0
5,35,32,3,1,0,40.0
5,42,57,3,1,0,40.0
5,46,75,3,1,0,40.0
5,50,67,3,1,0,40.0
5,51,11,3,1,1,40.0
5,76,6,3,1,1,40.0
80,53,57,5,1,1,80.0
80,47,0,5,1,1,80.0
5,91,19,3,1,1,40.0
5,92,22,3,1,1,40.0
5,95,25,3,1,1,40.0
5,98,29,3,1,2,40.0
80,11,26,5,1,0,80.0
6,4,57,3,0,1,40.0
6,25,62,3,0,0,40.0
6,48,65,3,0,1,40.0
6,56,70,3,0,1,40.0
6,63,73,3,0,1,40.0
6,71,43,3,1,0,40.0
6,84,31,3,1,0,40.0
7,2,17,3,1,1,40.0
7,8,49,3,1,0,40.0
7,14,77,3,1,0,40.0
80,5,35,5,1,1,80.0
7,21,52,3,1,1,40.0
7,28,55,3,1,0,40.0
79,84,66,5,0,1,80.0
7,30,20,3,1,1,40.0
7,35,23,3,1,1,40.0
7,36,26,3,1,2,40.0
7,37,29,3,1,1,40.0
79,74,51,5,0,1,80.0
79,53,56,5,0,2,80.0
7,38,10,3,2,1,40.0
7,43,51,3,2,0,40.0
79,52,61,5,0,1,80.0
7,45,34,3,2,0,40.0
7,63,13,3,2,0,40.0
7,76,64,3,2,0,40.0
7,80,20,3,2,0,40.0
7,81,26,3,2,0,40.0
7,84,56,3,2,0,40.0
79,36,14,5,1,0,80.0
7,86,16,3,2,1,40.0
7,87,44,3,2,0,40.0
7,91,0,3,2,2,40.0
7,92,38,3,2,1,40.0
7,95,29,3,2,1,40.0
7,98,7,3,2,2,40.0
79,17,0,5,1,1,80.0
8,1,63,3,0,1,40.0
8,5,70,3,0,1,40.0
8,6,66,3,0,1,40.0
8,25,73,3,0,0,40.0
8,29,76,3,0,0,40.0
79,12,5,5,1,1,80.0
8,33,36,3,1,0,40.0
79,11,49,5,1,0,80.0
8,39,32,3,1,1,40.0
8,42,52,3,1,0,40.0
8,44,14,3,1,1,40.0
8,47,43,3,1,0,40.0
8,49,2,3,1,1,40.0
8,54,58,3,1,0,40.0
8,57,10,3,1,1,40.0
8,59,70,3,1,0,40.0
8,71,48,3,1,0,40.0
8,74,77,3,1,0,40.0
8,76,17,3,1,1,40.0
8,77,23,3,1,1,40.0
8,82,64,3,1,1,40.0
8,88,55,3,1,0,40.0
8,96,20,3,1,1,40.0
8,97,67,3,1,1,40.0
9,0,31,3,0,2,40.0
9,1,42,3,0,1,40.0
79,9,34,5,1,0,80.0
9,3,77,3,0,1,40.0
9,6,46,3,0,1,40.0
78,73,75,5,0,2,80.0
9,7,49,3,0,3,40.0
9,8,52,3,0,2,40.0
9,12,66,3,1,0,40.0
78,72,65,5,1,0,80.0
78,61,0,5,1,1,80.0
9,24,13,3,1,0,40.0
9,43,54,3,1,0,40.0
9,46,16,3,1,1,40.0
9,50,63,3,1,0,40.0
9,56,76,3,1,1,40.0
9,57,0,3,1,1,40.0
9,63,3,3,1,1,40.0
9,71,51,3,1,0,40.0
9,73,6,3,1,1,40.0
9,81,60,3,1,0,40.0
9,88,46,3,1,0,40.0
9,91,27,3,1,1,40.0
9,93,24,3,1,1,40.0
9,98,19,3,1,2,40.0
9,99,32,3,1,1,40.0
78,51,14,5,1,1,80.0
78,19,71,5,1,0,80.0
10,4,43,3,0,1,40.0
78,1,5,5,1,1,80.0
10,19,76,3,0,0,40.0
10,20,69,3,0,0,40.0
77,76,26,5,1,1,80.0
10,22,72,3,0,1,40.0
10,26,4,3,1,1,40.0
77,13,42,5,1,0,80.0
10,32,23,3,1,0,40.0
10,37,75,3,1,0,40.0
76,78,20,5,1,1,80.0
10,39,35,3,1,1,40.0
10,41,63,3,1,0,40.0
10,47,7,3,1,1,40.0
10,50,10,3,1,1,40.0
76,73,9,5,1,1,80.0
10,52,17,3,1,1,40.0
10,54,66,3,1,0,40.0
10,66,27,3,1,1,40.0
10,68,38,3,1,0,40.0
10,71,54,3,1,0,40.0
10,73,14,3,1,1,40.0
10,77,31,3,1,1,40.0
10,80,42,3,1,0,40.0
76,31,0,5,1,1,80.0
10,82,69,3,1,1,40.0
10,85,45,3,1,1,40.0
10,89,20,3,1,2,40.0
11,0,54,3,0,2,40.0
11,1,67,3,0,1,40.0
11,2,70,3,0,1,40.0
11,3,74,3,0,1,40.0
76,6,34,5,1,1,80.0
11,19,77,3,0,1,40.0
75,92,75,5,1,1,80.0
11,21,77,3,1,0,40.0
11,22,43,3,1,0,40.0
11,24,16,3,1,0,40.0
11,28,50,3,1,0,40.0
11,33,53,3,1,0,40.0
75,14,6,5,1,1,80.0
11,39,38,3,1,1,40.0
11,44,19,3,1,1,40.0
75,1,11,5,1,2,80.0
11,47,10,3,1,1,40.0
74,69,9,5,1,1,80.0
11,48,31,3,1,1,40.0
74,52,20,5,1,1,80.0
11,53,62,3,1,1,40.0
74,19,0,5,1,1,80.0
11,57,13,3,1,1,40.0
11,60,2,3,1,1,40.0
73,94,56,5,1,1,80.0
73,83,17,5,1,1,80.0
11,62,5,3,1,1,40.0
11,64,58,3,1,1,40.0
11,65,34,3,1,0,40.0
73,79,28,5,1,1,80.0
11,72,74,3,1,0,40.0
11,82,22,3,1,2,40.0
11,83,68,3,1,0,40.0
73,15,61,5,1,0,80.0
11,94,25,3,1,1,40.0
11,98,46,3,1,2,40.0
12,5,72,3,0,2,40.0
12,19,10,3,1,1,40.0
12,31,76,3,1,0,40.0
12,34,13,3,1,1,40.0
12,74,16,3,1,1,40.0
12,76,31,3,1,1,40.0
12,77,0,3,1,1,40.0
12,91,19,3,1,2,40.0
73,4,66,5,1,2,80.0
13,2,64,3,0,1,40.0
72,85,28,5,1,1,80.0
13,9,39,3,0,1,40.0
13,12,47,3,0,1,40.0
72,82,42,5,1,1,80.0
13,15,54,3,0,0,40.0
13,19,50,3,0,1,40.0
72,59,0,5,1,1,80.0
72,39,64,5,1,1,80.0
13,22,60,3,0,1,40.0
13,27,70,3,0,2,40.0
72,28,74,5,1,0,80.0
13,28,42,3,1,0,40.0
13,29,46,3,1,0,40.0
72,24,47,5,1,0,80.0
13,33,50,3,1,0,40.0
13,37,4,3,1,1,40.0
13,46,12,3,1,1,40.0
13,55,30,3,1,0,40.0
72,20,22,5,1,0,80.0
13,59,7,3,1,1,40.0
13,65,53,3,1,0,40.0
72,16,5,5,1,1,80.0
13,69,0,3,1,1,40.0
13,74,25,3,1,1,40.0
13,76,77,3,1,0,40.0
13,77,34,3,1,1,40.0
13,79,38,3,1,0,40.0
72,9,69,5,1,1,80.0
13,80,69,3,1,0,40.0
13,86,19,3,1,1,40.0
13,94,22,3,1,1,40.0
71,72,57,5,0,1,80.0
13,99,60,3,1,1,40.0
71,66,62,5,0,1,80.0
14,6,49,3,0,1,40.0
14,10,60,3,0,1,40.0
71,64,68,5,0,1,80.0
14,12,63,3,0,1,40.0
14,18,66,3,0,2,40.0
14,29,72,3,0,0,40.0
71,45,73,5,0,0,80.0
71,36,46,5,1,0,80.0
71,14,11,5,1,1,80.0
71,1,18,5,1,1,80.0
14,34,16,3,1,1,40.0
14,35,40,3,1,0,40.0
14,36,25,3,1,0,40.0
14,38,19,3,1,1,40.0
14,42,60,3,1,0,40.0
14,61,22,3,1,1,40.0
14,62,0,3,1,1,40.0
14,81,63,3,1,0,40.0
14,82,72,3,1,1,40.0
15,2,42,3,0,1,40.0
15,8,39,3,0,1,40.0
15,11,71,3,0,1,40.0
70,54,61,5,0,0,80.0
70,34,73,5,0,1,80.0
70,26,12,5,0,1,80.0
15,19,45,3,0,1,40.0
70,5,66,5,0,2,80.0
15,31,48,3,0,1,40.0
15,33,57,3,0,0,40.0
15,34,68,3,0,2,40.0
15,36,74,3,0,1,40.0
15,40,77,3,0,2,40.0
15,42,63,3,1,0,40.0
15,46,19,3,1,1,40.0
15,49,15,3,1,1,40.0
15,51,22,3,1,1,40.0
69,97,70,5,1,1,80.0
15,54,0,3,1,1,40.0
69,82,75,5,1,1,80.0
15,58,35,3,1,0,40.0
69,74,28,5,1,1,80.0
15,62,8,3,1,1,40.0
15,63,11,3,1,1,40.0
15,66,45,3,1,1,40.0
15,70,57,3,1,0,40.0
69,35,44,5,1,0,80.0
15,74,5,3,1,1,40.0
15,75,41,3,1,0,40.0
15,77,48,3,1,1,40.0
68,98,37,5,1,2,80.0
15,78,68,3,1,0,40.0
67,95,37,5,0,1,80.0
15,80,31,3,1,1,40.0
15,81,25,3,1,1,40.0
15,85,51,3,1,1,40.0
15,86,28,3,1,1,40.0
15,93,60,3,1,1,40.0
67,94,42,5,0,1,80.0
15,95,54,3,1,1,40.0
15,98,71,3,1,2,40.0
16,3,77,3,0,2,40.0
16,12,22,3,1,1,40.0
16,19,13,3,1,1,40.0
67,93,47,5,0,2,80.0
16,24,19,3,1,0,40.0
16,38,16,3,1,1,40.0
67,88,59,5,0,0,80.0
67,84,72,5,0,1,80.0
16,41,66,3,1,0,40.0
67,71,0,5,1,1,80.0
16,45,51,3,1,0,40.0
16,54,10,3,1,1,40.0
16,58,54,3,1,0,40.0
16,71,25,3,1,1,40.0
16,77,37,3,1,1,40.0
16,85,33,3,1,1,40.0
17,0,22,3,1,2,40.0
17,12,25,3,1,1,40.0
67,64,48,5,1,1,80.0
17,29,49,3,1,0,40.0
17,42,66,3,1,0,40.0
17,64,5,3,1,2,40.0
67,63,6,5,1,1,80.0
17,80,56,3,1,0,40.0
18,4,57,3,1,2,40.0
18,20,27,3,2,0,40.0
67,59,14,5,1,1,80.0
18,47,13,3,2,1,40.0
18,60,51,3,2,0,40.0
19,0,18,3,1,2,40.0
19,13,63,3,1,1,40.0
67,24,39,5,1,0,80.0
19,28,60,3,1,0,40.0
67,14,28,5,1,1,80.0
19,29,53,3,1,0,40.0
67,13,72,5,1,1,80.0
67,10,19,5,1,2,80.0
19,30,67,3,1,0,40.0
19,43,57,3,1,0,40.0
19,45,70,3,1,0,40.0
19,49,21,3,1,1,40.0
19,55,36,3,1,0,40.0
19,63,24,3,1,1,40.0
19,71,5,3,1,1,40.0
66,62,70,5,1,1,80.0
19,74,73,3,1,1,40.0
19,81,33,3,1,1,40.0
19,90,39,3,1,1,40.0
66,48,53,5,1,1,80.0
66,28,75,5,1,1,80.0
66,20,30,5,2,0,80.0
20,8,61,3,0,1,40.0
20,27,53,3,0,0,40.0
20,61,35,3,0,1,40.0
20,81,38,3,0,1,40.0
20,87,41,3,0,1,40.0
21,6,6,3,1,1,40.0
66,19,0,5,2,2,80.0
21,17,37,3,1,1,40.0
21,25,65,3,1,0,40.0
21,35,49,3,1,0,40.0
21,52,40,3,1,1,40.0
21,53,68,3,1,1,40.0
65,97,75,5,0,1,80.0
21,68,43,3,1,1,40.0
21,71,55,3,1,1,40.0
21,78,46,3,1,1,40.0
21,83,73,3,1,0,40.0
21,98,76,3,1,2,40.0
22,2,67,3,0,1,40.0
65,90,52,5,1,1,80.0
22,5,46,3,0,1,40.0
22,7,63,3,0,3,40.0
22,28,49,3,0,1,40.0
22,49,18,3,1,1,40.0
22,54,3,3,1,1,40.0
65,89,31,5,1,1,80.0
65,85,11,5,1,1,80.0
22,55,8,3,1,1,40.0
22,56,0,3,1,2,40.0
22,61,11,3,1,1,40.0
65,81,0,5,1,1,80.0
65,68,5,5,1,1,80.0
22,67,14,3,1,0,40.0
65,51,36,5,1,1,80.0
22,74,56,3,1,1,40.0
22,76,39,3,1,1,40.0
22,79,27,3,1,0,40.0
22,82,30,3,1,2,40.0
22,83,45,3,1,0,40.0
22,84,21,3,1,1,40.0
65,37,16,5,1,1,80.0
22,85,48,3,1,1,40.0
22,87,34,3,1,0,40.0
22,93,42,3,1,1,40.0
22,96,51,3,1,1,40.0
23,3,16,3,1,1,40.0
23,15,38,3,1,1,40.0
23,16,28,3,1,1,40.0
23,18,19,3,1,2,40.0
23,21,25,3,1,2,40.0
23,27,56,3,1,0,40.0
65,35,57,5,1,0,80.0
23,29,59,3,1,0,40.0
65,25,68,5,1,0,80.0
23,31,31,3,1,1,40.0
23,33,34,3,1,1,40.0
65,1,23,5,1,1,80.0
23,34,41,3,1,2,40.0
23,36,44,3,1,2,40.0
23,41,47,3,1,1,40.0
23,43,50,3,1,1,40.0
23,44,53,3,1,2,40.0
23,46,22,3,2,1,40.0
23,58,67,3,2,0,40.0
23,60,25,3,2,1,40.0
23,67,34,3,2,0,40.0
65,0,45,5,1,2,80.0
64,86,22,5,2,1,80.0
64,70,0,5,2,1,80.0
64,54,13,5,2,1,80.0
64,3,27,5,2,2,80.0
23,78,10,3,2,1,40.0
23,80,47,3,2,0,40.0
23,91,3,3,2,2,40.0
23,92,50,3,2,1,40.0
63,44,27,5,1,1,80.0
23,97,14,3,2,1,40.0
24,2,73,3,0,1,40.0
24,10,52,3,0,2,40.0
63,24,14,5,1,1,80.0
25,1,12,3,1,1,40.0
62,57,31,5,1,1,80.0
25,5,40,3,1,1,40.0
62,41,36,5,1,1,80.0
62,7,75,5,1,2,80.0
25,6,0,3,1,1,40.0
25,11,28,3,1,1,40.0
25,13,66,3,1,1,40.0
25,16,48,3,1,1,40.0
25,18,3,3,1,2,40.0
62,0,64,5,1,2,80.0
25,19,6,3,1,2,40.0
25,21,9,3,1,2,40.0
25,35,52,3,1,0,40.0
25,36,70,3,1,0,40.0
25,37,21,3,1,1,40.0
25,39,73,3,1,1,40.0
25,42,76,3,1,0,40.0
25,45,55,3,1,0,40.0
25,47,18,3,1,1,40.0
25,60,31,3,1,1,40.0
61,83,5,5,1,1,80.0
25,61,59,3,1,0,40.0
25,68,34,3,1,0,40.0
25,73,24,3,1,2,40.0
25,74,62,3,1,1,40.0
25,81,43,3,1,1,40.0
61,70,14,5,1,1,80.0
25,89,37,3,1,2,40.0
25,90,23,3,2,1,40.0
25,93,2,3,2,1,40.0
26,31,7,3,1,1,40.0
61,59,25,5,1,1,80.0
26,37,24,3,1,1,40.0
26,38,48,3,1,1,40.0
61,36,69,5,1,1,80.0
61,30,74,5,1,0,80.0
26,42,69,3,1,0,40.0
61,25,30,5,1,2,80.0
26,47,21,3,1,1,40.0
26,54,18,3,1,1,40.0
26,68,51,3,1,1,40.0
26,69,59,3,1,1,40.0
26,71,43,3,1,1,40.0
26,78,62,3,1,1,40.0
26,92,65,3,1,1,40.0
27,8,73,3,0,1,40.0
60,14,34,5,1,1,80.0
27,9,76,3,0,2,40.0
27,17,12,3,1,1,40.0
27,21,0,3,1,2,40.0
60,4,60,5,1,1,80.0
60,0,70,5,1,2,80.0
59,79,19,5,1,1,80.0
27,25,5,3,1,2,40.0
59,66,35,5,1,2,80.0
27,28,45,3,1,0,40.0
27,34,8,3,1,1,40.0
27,35,62,3,1,0,40.0
59,51,41,5,1,1,80.0
27,37,32,3,1,1,40.0
27,39,76,3,1,1,40.0
27,42,15,3,1,1,40.0
27,45,58,3,1,0,40.0
27,47,24,3,1,1,40.0
27,48,35,3,1,1,40.0
27,49,27,3,1,1,40.0
27,57,42,3,1,1,40.0
27,60,21,3,1,1,40.0
27,74,65,3,1,1,40.0
27,78,49,3,1,1,40.0
59,49,30,5,1,1,80.0
27,83,18,3,1,2,40.0
27,87,52,3,1,1,40.0
59,35,69,5,1,0,80.0
59,24,46,5,1,1,80.0
27,88,55,3,1,1,40.0
59,20,56,5,1,0,80.0
27,94,12,3,2,1,40.0
59,12,51,5,1,1,80.0
58,75,75,5,0,2,80.0
28,2,65,3,0,2,40.0
28,4,68,3,0,3,40.0
58,68,10,5,1,1,80.0
28,6,9,3,1,1,40.0
28,10,72,3,1,1,40.0
28,13,15,3,1,1,40.0
28,18,0,3,1,2,40.0
28,21,3,3,1,2,40.0
58,67,33,5,1,1,80.0
28,23,6,3,1,2,40.0
58,53,71,5,1,1,80.0
28,27,18,3,1,2,40.0
28,29,56,3,1,0,40.0
58,44,22,5,1,1,80.0
58,34,38,5,1,1,80.0
28,30,62,3,1,0,40.0
28,35,12,3,1,1,40.0
28,38,22,3,1,1,40.0
28,40,27,3,1,2,40.0
28,46,30,3,1,1,40.0
28,49,35,3,1,1,40.0
28,54,38,3,1,1,40.0
28,58,43,3,1,1,40.0
28,59,65,3,1,1,40.0
28,62,46,3,1,2,40.0
28,68,59,3,1,1,40.0
28,98,52,3,1,2,40.0
29,34,64,3,0,2,40.0
29,80,67,3,0,1,40.0
29,86,31,3,1,1,40.0
29,92,58,3,1,1,40.0
30,0,70,3,0,3,40.0
30,6,12,3,1,1,40.0
30,9,9,3,1,1,40.0
30,13,0,3,1,2,40.0
30,15,74,3,1,1,40.0
58,29,2,5,1,1,80.0
30,22,24,3,1,1,40.0
58,20,46,5,1,0,80.0
30,28,68,3,1,1,40.0
30,31,15,3,1,1,40.0
30,33,60,3,1,0,40.0
30,36,64,3,1,1,40.0
30,37,35,3,1,1,40.0
30,39,3,3,1,2,40.0
30,42,6,3,1,1,40.0
30,43,71,3,1,0,40.0
30,45,27,3,1,1,40.0
30,46,38,3,1,1,40.0
30,47,30,3,1,1,40.0
30,49,45,3,1,1,40.0
30,54,41,3,1,1,40.0
58,13,15,5,1,2,80.0
58,10,27,5,1,2,80.0
30,62,49,3,1,2,40.0
30,65,56,3,1,0,40.0
30,72,52,3,1,1,40.0
58,9,51,5,1,2,80.0
30,76,77,3,1,1,40.0
30,77,51,3,2,1,40.0
30,78,40,3,2,1,40.0
30,80,5,3,2,1,40.0
30,84,0,3,2,1,40.0
30,89,36,3,2,1,40.0
31,35,74,3,1,0,40.0
31,45,61,3,1,0,40.0
31,66,21,3,1,1,40.0
58,3,56,5,1,2,80.0
57,82,25,5,1,2,80.0
31,69,18,3,1,1,40.0
57,79,54,5,1,1,80.0
32,5,26,3,0,2,40.0
32,31,34,3,0,1,40.0
32,55,29,3,0,1,40.0
32,60,39,3,0,1,40.0
32,67,45,3,0,1,40.0
33,2,69,3,0,2,40.0
57,53,47,5,1,2,80.0
33,4,63,3,0,2,40.0
57,31,64,5,1,1,80.0
56,97,3,5,2,2,80.0
33,7,4,3,1,2,40.0
33,8,7,3,1,1,40.0
33,13,10,3,1,2,40.0
33,14,43,3,1,1,40.0
33,17,15,3,1,1,40.0
56,79,39,5,2,1,80.0
56,64,32,5,2,2,80.0
56,46,25,5,2,1,80.0
33,20,64,3,1,0,40.0
33,22,67,3,1,1,40.0
33,29,18,3,1,1,40.0
33,37,38,3,1,1,40.0
33,38,25,3,1,1,40.0
33,40,30,3,1,2,40.0
33,44,61,3,1,1,40.0
33,45,21,3,1,1,40.0
33,51,46,3,1,1,40.0
56,2,8,5,2,2,80.0
33,53,52,3,1,2,40.0
33,55,49,3,1,1,40.0
33,58,70,3,1,0,40.0
55,87,11,5,1,1,80.0
55,81,16,5,1,1,80.0
33,63,55,3,1,1,40.0
33,65,73,3,1,1,40.0
33,66,58,3,1,1,40.0
55,77,54,5,1,1,80.0
55,72,33,5,1,1,80.0
33,67,77,3,1,1,40.0
33,70,5,3,2,1,40.0
55,40,38,5,1,2,80.0
33,75,2,3,2,1,40.0
55,37,59,5,1,1,80.0
33,76,14,3,2,1,40.0
33,80,17,3,2,1,40.0
33,85,54,3,2,1,40.0
33,86,34,3,2,1,40.0
33,89,64,3,2,1,40.0
33,95,9,3,2,1,40.0
55,28,43,5,1,2,80.0
33,99,22,3,2,1,40.0
34,8,29,3,1,1,40.0
34,16,19,3,1,2,40.0
34,62,32,3,1,2,40.0
34,63,35,3,1,1,40.0
34,71,8,3,2,1,40.0
34,77,59,3,2,1,40.0
55,20,64,5,1,1,80.0
34,84,24,3,2,1,40.0
34,95,12,3,2,1,40.0
55,8,69,5,1,2,80.0
34,99,5,3,2,1,40.0
55,4,75,5,1,1,80.0
55,3,6,5,2,1,80.0
54,86,44,5,1,1,80.0
35,1,77,3,0,3,40.0
35,2,26,3,1,1,40.0
35,6,15,3,1,1,40.0
54,72,21,5,1,2,80.0
35,7,41,3,1,2,40.0
54,71,28,5,1,1,80.0
54,70,33,5,1,1,80.0
54,68,54,5,1,1,80.0
54,64,49,5,1,2,80.0
35,8,0,3,1,2,40.0
54,63,59,5,1,1,80.0
35,9,35,3,1,1,40.0
35,11,65,3,1,1,40.0
35,12,38,3,1,1,40.0
35,14,46,3,1,1,40.0
54,34,71,5,1,2,80.0
35,16,57,3,1,1,40.0
35,18,6,3,1,2,40.0
54,26,64,5,1,2,80.0
35,20,72,3,1,0,40.0
35,23,18,3,1,2,40.0
35,26,75,3,1,1,40.0
35,28,3,3,1,2,40.0
54,23,28,5,2,2,80.0
35,31,51,3,1,1,40.0
35,53,9,3,1,2,40.0
35,56,54,3,1,2,40.0
54,17,40,5,2,1,80.0
35,58,61,3,1,1,40.0
35,71,68,3,1,1,40.0
35,75,31,3,1,1,40.0
35,76,42,3,2,1,40.0
35,77,62,3,2,1,40.0
35,93,5,3,2,1,40.0
54,14,49,5,2,1,80.0
54,11,0,5,2,2,80.0
35,98,16,3,2,2,40.0
36,21,8,3,0,3,40.0
36,58,77,3,1,1,40.0
36,63,0,3,2,1,40.0
36,77,65,3,2,1,40.0
54,7,59,5,2,2,80.0
37,9,42,3,1,1,40.0
37,18,9,3,1,2,40.0
53,89,74,5,2,1,80.0
53,74,68,5,2,1,80.0
37,26,72,3,1,1,40.0
53,5,0,5,2,2,80.0
37,29,12,3,1,1,40.0
37,39,69,3,1,1,40.0
37,43,66,3,1,0,40.0
37,44,75,3,1,1,40.0
37,45,48,3,1,1,40.0
37,48,51,3,1,2,40.0
52,99,25,5,1,1,80.0
37,52,54,3,1,1,40.0
37,61,19,3,2,1,40.0
52,96,34,5,1,1,80.0
52,87,44,5,1,1,80.0
37,62,41,3,2,1,40.0
37,66,6,3,2,1,40.0
37,69,14,3,2,1,40.0
37,73,33,3,2,1,40.0
52,83,49,5,1,2,80.0
52,82,72,5,1,2,80.0
52,75,16,5,2,1,80.0
52,69,21,5,2,1,80.0
37,78,52,3,2,1,40.0
37,79,71,3,2,0,40.0
52,64,37,5,2,2,80.0
37,82,0,3,2,2,40.0
52,43,0,5,2,1,80.0
52,15,5,5,2,2,80.0
37,84,27,3,2,1,40.0
37,99,44,3,2,1,40.0
38,0,28,3,1,2,40.0
38,2,57,3,1,1,40.0
51,99,49,5,1,1,80.0
38,3,13,3,1,1,40.0
38,6,39,3,1,1,40.0
38,10,51,3,1,1,40.0
38,12,34,3,1,1,40.0
51,98,55,5,1,2,80.0
38,13,31,3,1,2,40.0
38,15,77,3,1,1,40.0
38,23,54,3,1,2,40.0
38,25,60,3,1,2,40.0
38,41,74,3,1,0,40.0
38,44,64,3,1,1,40.0
38,46,67,3,1,1,40.0
51,88,64,5,1,0,80.0
51,78,31,5,1,2,80.0
38,63,70,3,1,1,40.0
38,64,18,3,2,2,40.0
51,49,69,5,1,2,80.0
38,70,8,3,2,1,40.0
51,43,74,5,1,1,80.0
38,71,33,3,2,1,40.0
38,76,45,3,2,1,40.0
38,82,3,3,2,2,40.0
51,41,0,5,2,1,80.0
38,84,30,3,2,1,40.0
38,86,37,3,2,1,40.0
51,29,7,5,2,1,80.0
38,91,11,3,2,2,40.0
50,98,73,5,0,3,80.0
38,92,61,3,2,1,40.0
50,88,69,5,1,0,80.0
38,95,15,3,2,1,40.0
38,98,42,3,2,2,40.0
38,99,54,3,2,1,40.0
39,3,33,3,2,1,40.0
39,69,36,3,2,1,40.0
39,75,39,3,2,1,40.0
39,77,68,3,2,1,40.0
39,83,50,3,2,0,40.0
40,1,45,3,2,1,40.0
50,86,54,5,1,1,80.0
40,61,48,3,2,1,40.0
40,68,15,3,2,1,40.0
40,74,59,3,2,1,40.0
41,1,50,3,1,1,40.0
50,73,0,5,1,2,80.0
41,7,23,3,1,2,40.0
41,9,57,3,1,1,40.0
50,72,16,5,1,1,80.0
41,10,5,3,1,2,40.0
50,62,5,5,1,2,80.0
41,12,41,3,1,1,40.0
41,17,53,3,1,1,40.0
50,61,38,5,1,1,80.0
41,19,27,3,1,1,40.0
41,28,8,3,1,2,40.0
41,34,15,3,1,2,40.0
41,40,12,3,1,2,40.0
41,43,60,3,1,0,40.0
50,57,59,5,1,1,80.0
41,46,33,3,1,1,40.0
41,49,18,3,1,2,40.0
50,56,44,5,1,2,80.0
41,54,76,3,1,1,40.0
50,48,74,5,1,1,80.0
41,58,64,3,1,1,40.0
41,83,67,3,1,1,40.0
41,85,73,3,1,1,40.0
41,87,70,3,1,1,40.0
41,88,44,3,1,1,40.0
41,93,31,3,2,1,40.0
50,38,21,5,1,2,80.0
50,37,64,5,1,2,80.0
41,94,18,3,2,1,40.0
41,95,21,3,2,1,40.0
42,9,72,3,0,2,40.0
42,14,54,3,1,1,40.0
50,31,26,5,1,1,80.0
42,29,21,3,1,1,40.0
42,32,48,3,1,0,40.0
50,24,31,5,1,1,80.0
42,43,9,3,1,1,40.0
42,44,32,3,1,1,40.0
42,62,0,3,1,2,40.0
42,68,18,3,1,1,40.0
42,71,36,3,1,1,40.0
42,77,71,3,1,1,40.0
42,84,39,3,1,1,40.0
50,7,49,5,1,4,80.0
50,4,12,5,2,1,80.0
42,89,3,3,1,2,40.0
42,93,45,3,1,1,40.0
42,94,51,3,1,1,40.0
42,95,42,3,1,1,40.0
43,3,62,3,1,1,40.0
43,10,12,3,1,2,40.0
43,19,30,3,1,1,40.0
43,21,6,3,1,2,40.0
43,22,15,3,1,2,40.0
43,24,19,3,1,1,40.0
43,25,26,3,1,2,40.0
43,28,22,3,1,2,40.0
49,66,48,5,1,2,80.0
49,34,53,5,1,2,80.0
43,31,37,3,1,1,40.0
43,33,40,3,1,2,40.0
43,35,33,3,1,2,40.0
43,45,65,3,1,0,40.0
43,47,44,3,1,1,40.0
49,25,38,5,1,2,80.0
43,50,47,3,1,2,40.0
49,24,0,5,2,1,80.0
43,61,53,3,1,1,40.0
43,65,56,3,1,2,40.0
43,71,59,3,1,1,40.0
43,73,71,3,1,1,40.0
43,75,68,3,1,2,40.0
49,20,5,5,2,1,80.0
43,86,40,3,2,1,40.0
43,88,49,3,2,0,40.0
43,90,31,3,2,1,40.0
43,95,45,3,2,1,40.0
43,96,16,3,2,1,40.0
49,13,21,5,2,2,80.0
43,98,60,3,2,2,40.0
48,84,44,5,1,1,80.0
44,0,35,3,1,3,40.0
44,10,38,3,1,2,40.0
48,2,58,5,1,2,80.0
44,15,41,3,1,2,40.0
44,23,67,3,1,3,40.0
44,24,70,3,1,1,40.0
48,1,68,5,1,2,80.0
44,29,15,3,2,1,40.0
44,38,0,3,2,2,40.0
44,43,3,3,2,2,40.0
44,45,6,3,2,1,40.0
44,47,27,3,2,1,40.0
44,48,38,3,2,1,40.0
47,96,54,5,1,1,80.0
47,76,59,5,1,1,80.0
44,54,9,3,2,2,40.0
44,73,12,3,2,2,40.0
44,75,34,3,2,1,40.0
44,78,43,3,2,1,40.0
44,79,77,3,2,0,40.0
45,1,30,3,1,1,40.0
45,9,0,3,1,2,40.0
45,11,9,3,1,2,40.0
45,15,12,3,1,2,40.0
47,66,64,5,1,2,80.0
45,20,15,3,1,1,40.0
45,27,3,3,1,2,40.0
45,28,18,3,1,2,40.0
45,30,24,3,1,2,40.0
45,35,36,3,1,2,40.0
45,36,33,3,1,2,40.0
47,62,69,5,1,2,80.0
45,42,57,3,1,1,40.0
45,46,41,3,1,1,40.0
47,57,74,5,1,1,80.0
45,50,44,3,1,2,40.0
47,21,33,5,1,2,80.0
47,2,47,5,1,2,80.0
45,51,60,3,1,1,40.0
45,58,67,3,1,1,40.0
45,67,53,3,1,1,40.0
45,68,63,3,1,1,40.0
45,70,70,3,1,1,40.0
45,79,73,3,1,1,40.0
45,81,76,3,1,1,40.0
45,82,18,3,2,1,40.0
47,0,57,5,2,2,80.0
46,97,44,5,1,2,80.0
45,89,0,3,2,2,40.0
46,93,52,5,1,2,80.0
46,55,57,5,1,2,80.0
45,95,48,3,2,1,40.0
46,1,70,3,1,1,40.0
46,20,73,5,1,1,80.0
46,9,62,3,1,2,40.0
46,10,49,3,1,2,40.0
46,12,28,3,2,1,40.0
46,19,42,3,2,1,40.0
46,24,76,3,2,0,40.0
46,25,8,3,2,2,40.0
46,32,51,3,2,0,40.0
46,44,18,3,2,2,40.0
46,48,0,3,2,2,40.0
46,61,45,3,2,1,40.0
46,71,39,3,2,1,40.0
46,79,11,3,2,1,40.0
46,81,5,3,2,1,40.0
46,84,33,3,2,1,40.0
46,87,21,3,2,1,40.0
46,99,57,3,2,1,40.0
47,3,0,3,2,2,40.0
47,6,18,3,2,1,40.0
46,8,60,5,2,2,80.0
47,9,3,3,2,2,40.0
46,5,65,5,2,3,80.0
47,12,44,3,2,1,40.0
47,14,66,3,2,1,40.0
47,18,22,3,2,2,40.0
47,25,11,3,2,2,40.0
47,33,25,3,2,2,40.0
47,40,33,3,2,2,40.0
45,98,63,5,2,2,80.0
47,42,28,3,2,1,40.0
47,46,14,3,2,2,40.0
47,49,36,3,2,2,40.0
45,94,68,5,2,1,80.0
47,59,62,3,2,1,40.0
47,60,47,3,2,1,40.0
47,61,6,3,2,2,40.0
45,93,34,5,2,1,80.0
47,63,39,3,2,1,40.0
47,65,50,3,2,0,40.0
47,67,69,3,2,1,40.0
45,88,3,5,2,1,80.0
47,68,72,3,2,1,40.0
47,69,53,3,2,1,40.0
45,83,39,5,2,1,80.0
47,77,75,3,2,1,40.0
47,80,20,3,3,1,40.0
47,82,6,3,3,2,40.0
45,66,8,5,2,2,80.0
47,83,0,3,3,1,40.0
45,57,13,5,2,2,80.0
47,87,76,3,3,0,40.0
47,90,63,3,3,1,40.0
47,93,57,3,3,1,40.0
45,29,24,5,2,1,80.0
47,94,30,3,3,1,40.0
48,4,50,3,1,1,40.0
45,17,29,5,2,1,80.0
48,5,60,3,2,1,40.0
48,11,12,3,2,2,40.0
48,29,34,3,2,1,40.0
48,36,3,3,2,2,40.0
48,41,8,3,2,2,40.0
48,42,24,3,2,1,40.0
48,50,17,3,2,2,40.0
48,57,69,3,2,1,40.0
45,14,75,5,2,1,80.0
48,60,42,3,2,1,40.0
48,67,56,3,2,1,40.0
48,70,21,3,2,1,40.0
48,74,76,3,2,1,40.0
48,75,27,3,2,2,40.0
48,78,37,3,2,2,40.0
48,88,47,3,2,1,40.0
48,89,63,3,2,2,40.0
49,9,24,3,1,2,40.0
45,13,51,5,2,2,80.0
49,11,15,3,2,2,40.0
49,21,12,3,2,2,40.0
49,22,63,3,2,1,40.0
49,28,26,3,2,2,40.0
49,32,54,3,2,0,40.0
49,39,29,3,2,2,40.0
49,59,74,3,2,1,40.0
45,6,56,5,2,1,80.0
49,80,40,3,2,1,40.0
49,81,46,3,2,1,40.0
50,1,13,3,1,3,40.0
45,5,5,5,3,2,80.0
50,3,3,3,2,2,40.0
44,80,46,5,2,1,80.0
50,8,26,3,2,1,40.0
50,9,6,3,2,2,40.0
50,10,0,3,2,2,40.0
50,14,57,3,2,1,40.0
50,15,20,3,2,2,40.0
50,17,60,3,2,1,40.0
50,18,30,3,2,2,40.0
50,22,75,3,2,1,40.0
50,23,37,3,2,2,40.0
50,33,50,3,2,2,40.0
50,36,9,3,2,2,40.0
44,57,21,5,2,2,80.0
44,51,56,5,2,2,80.0
50,43,23,3,2,2,40.0
44,34,61,5,2,3,80.0
44,16,71,5,2,1,80.0
44,13,66,5,2,2,80.0
50,47,33,3,2,3,40.0
50,52,66,3,2,1,40.0
50,59,40,3,2,2,40.0
50,60,53,3,2,1,40.0
50,64,63,3,2,2,40.0
43,92,68,5,2,1,80.0
50,76,69,3,2,1,40.0
50,77,72,3,2,2,40.0
50,79,24,3,3,1,40.0
50,82,9,3,3,2,40.0
43,74,6,5,2,2,80.0
50,87,0,3,3,1,40.0
51,6,19,3,1,2,40.0
51,8,25,3,1,2,40.0
43,72,11,5,2,2,80.0
51,9,12,3,2,2,40.0
43,53,26,5,2,2,80.0
43,48,34,5,2,3,80.0
51,13,26,3,2,2,40.0
43,44,52,5,2,3,80.0
51,42,61,3,2,1,40.0
43,41,63,5,2,2,80.0
51,44,30,3,2,2,40.0
51,46,36,3,2,2,40.0
51,68,21,3,2,1,40.0
51,74,15,3,2,2,40.0
51,77,18,3,2,2,40.0
51,80,43,3,2,1,40.0
43,38,73,5,2,2,80.0
51,85,64,3,2,1,40.0
51,86,71,3,2,1,40.0
43,32,62,5,3,0,80.0
51,93,67,3,2,1,40.0
51,94,39,3,2,1,40.0
52,2,77,3,1,1,40.0
52,4,3,3,1,1,40.0
52,5,30,3,1,2,40.0
43,13,3,5,3,2,80.0
52,8,57,3,1,2,40.0
43,7,67,5,3,2,80.0
52,28,11,3,2,2,40.0
52,54,33,3,2,2,40.0
52,63,42,3,2,1,40.0
43,0,75,5,3,2,80.0
52,71,51,3,2,1,40.0
42,83,64,5,1,2,80.0
42,74,74,5,1,2,80.0
52,78,55,3,2,1,40.0
42,70,24,5,2,1,80.0
52,80,62,3,2,1,40.0
42,66,13,5,2,2,80.0
52,81,58,3,2,1,40.0
52,89,26,3,2,2,40.0
52,92,29,3,2,2,40.0
52,95,65,3,2,1,40.0
53,3,40,3,1,2,40.0
53,35,65,3,1,2,40.0
53,42,12,3,2,1,40.0
53,92,5,3,2,2,40.0
54,8,5,3,2,2,40.0
54,9,15,3,2,2,40.0
42,65,62,5,2,1,80.0
42,59,0,5,2,2,80.0
54,19,12,3,2,2,40.0
54,22,18,3,2,2,40.0
42,56,18,5,2,2,80.0
54,25,45,3,2,2,40.0
54,30,21,3,2,2,40.0
42,54,54,5,2,2,80.0
54,31,69,3,2,1,40.0
42,52,45,5,2,2,80.0
54,36,36,3,2,2,40.0
54,42,72,3,2,2,40.0
54,44,24,3,2,3,40.0
54,45,64,3,2,3,40.0
54,55,75,3,2,2,40.0
54,56,13,3,3,2,40.0
54,61,56,3,3,1,40.0
54,73,5,3,3,2,40.0
54,76,64,3,3,1,40.0
54,87,8,3,3,1,40.0
42,51,75,5,2,2,80.0
42,46,5,5,2,3,80.0
42,45,29,5,2,3,80.0
54,88,0,3,3,1,40.0
54,92,16,3,3,2,40.0
54,93,76,3,3,1,40.0
54,98,49,3,3,2,40.0
54,99,39,3,3,1,40.0
55,0,26,3,1,3,40.0
55,18,16,3,2,2,40.0
55,21,19,3,2,2,40.0
42,40,67,5,2,2,80.0
55,30,11,3,2,2,40.0
55,33,28,3,2,2,40.0
55,36,22,3,2,2,40.0
55,38,48,3,2,2,40.0
42,30,34,5,2,3,80.0
55,43,0,3,2,2,40.0
42,8,39,5,2,2,80.0
55,44,3,3,2,3,40.0
55,48,66,3,2,2,40.0
41,82,12,5,2,2,80.0
55,50,31,3,2,3,40.0
41,78,0,5,2,2,80.0
55,51,51,3,2,2,40.0
41,51,46,5,2,2,80.0
55,53,34,3,2,2,40.0
55,57,37,3,2,2,40.0
55,58,25,3,2,2,40.0
55,61,40,3,2,2,40.0
55,65,62,3,2,0,40.0
41,48,24,5,2,3,80.0
55,74,43,3,2,2,40.0
55,83,54,3,2,2,40.0
55,88,69,3,2,1,40.0
55,90,72,3,2,2,40.0
41,45,34,5,2,3,80.0
55,92,0,3,3,2,40.0
55,97,45,3,3,1,40.0
55,99,17,3,3,1,40.0
56,13,57,3,2,2,40.0
56,27,49,3,2,2,40.0
56,33,60,3,2,2,40.0
56,36,68,3,2,2,40.0
56,57,63,3,2,2,40.0
41,38,68,5,2,2,80.0
41,29,39,5,2,1,80.0
56,63,76,3,2,1,40.0
41,27,52,5,2,2,80.0
41,22,57,5,2,2,80.0
56,65,72,3,2,0,40.0
41,11,73,5,2,2,80.0
56,99,63,3,3,1,40.0
40,71,62,5,2,1,80.0
58,1,7,3,1,2,40.0
58,23,0,3,2,2,40.0
58,26,3,3,2,2,40.0
58,30,8,3,2,2,40.0
58,33,31,3,2,2,40.0
58,35,11,3,2,2,40.0
58,43,19,3,2,2,40.0
58,45,44,3,2,2,40.0
58,46,48,3,2,2,40.0
58,51,14,3,2,3,40.0
58,63,64,3,2,1,40.0
58,66,22,3,2,2,40.0
58,72,38,3,2,1,40.0
40,10,72,5,2,2,80.0
58,74,28,3,2,2,40.0
39,91,6,5,2,2,80.0
58,79,59,3,2,1,40.0
58,81,51,3,2,1,40.0
58,87,34,3,2,1,40.0
38,75,0,5,3,2,80.0
38,51,5,5,3,3,80.0
38,45,10,5,3,3,80.0
58,89,41,3,2,2,40.0
58,90,67,3,2,1,40.0
58,93,70,3,2,2,40.0
58,97,54,3,2,2,40.0
58,98,73,3,2,4,40.0
59,5,77,3,1,2,40.0
59,9,9,3,2,2,40.0
59,25,14,3,2,2,40.0
59,28,29,3,2,2,40.0
38,43,15,5,3,3,80.0
38,42,20,5,3,3,80.0
38,32,67,5,3,0,80.0
59,33,37,3,2,2,40.0
59,38,26,3,2,2,40.0
59,48,72,3,2,2,40.0
38,17,72,5,3,1,80.0
59,58,76,3,2,2,40.0
59,61,59,3,2,1,40.0
59,62,17,3,2,2,40.0
38,5,33,5,3,2,80.0
59,64,43,3,2,2,40.0
59,74,20,3,2,2,40.0
38,1,25,5,3,2,80.0
59,76,55,3,2,1,40.0
59,78,5,3,2,2,40.0
59,86,62,3,2,1,40.0
37,96,59,5,2,1,80.0
37,87,9,5,2,2,80.0
59,89,23,3,2,2,40.0
59,91,32,3,2,2,40.0
59,93,65,3,2,2,40.0
59,95,51,3,2,1,40.0
60,8,28,3,1,2,40.0
60,17,77,3,1,1,40.0
60,21,50,3,1,2,40.0
60,32,56,3,1,1,40.0
37,65,22,5,2,2,80.0
60,43,57,3,2,2,40.0
37,54,36,5,2,4,80.0
60,57,16,3,2,1,40.0
60,69,33,3,2,1,40.0
60,73,8,3,2,2,40.0
60,88,11,3,2,1,40.0
37,42,47,5,2,3,80.0
37,31,74,5,2,2,80.0
60,92,19,3,2,2,40.0
61,0,9,3,2,2,40.0
61,21,15,3,2,2,40.0
37,25,17,5,3,2,80.0
61,23,43,3,2,2,40.0
36,94,73,5,2,1,80.0
61,33,46,3,2,2,40.0
61,37,3,3,2,2,40.0
61,43,0,3,2,3,40.0
61,50,12,3,2,3,40.0
61,63,19,3,2,1,40.0
36,78,14,5,2,2,80.0
61,64,54,3,2,2,40.0
61,66,27,3,2,2,40.0
61,77,22,3,2,2,40.0
61,78,58,3,2,1,40.0
36,65,39,5,2,2,80.0
61,80,51,3,2,1,40.0
61,99,71,3,2,1,40.0
62,15,23,3,2,2,40.0
36,61,47,5,2,3,80.0
36,59,52,5,2,3,80.0
62,38,57,3,2,2,40.0
62,63,10,3,2,2,40.0
36,33,57,5,2,3,80.0
62,65,28,3,2,1,40.0
63,19,32,3,1,2,40.0
63,51,45,3,1,3,40.0
63,52,67,3,1,3,40.0
35,89,45,5,2,2,80.0
35,88,19,5,2,1,80.0
63,70,29,3,2,1,40.0
35,83,0,5,2,2,80.0
35,82,50,5,2,2,80.0
35,68,24,5,2,1,80.0
35,63,55,5,2,2,80.0
63,71,71,3,2,1,40.0
63,96,23,3,2,1,40.0
64,5,46,3,2,2,40.0
64,7,72,3,2,2,40.0
64,32,59,3,2,1,40.0
64,37,66,3,2,3,40.0
35,51,68,5,2,3,80.0
64,45,69,3,2,3,40.0
64,48,75,3,2,3,40.0
64,61,30,3,3,2,40.0
35,47,73,5,2,4,80.0
64,66,5,3,3,2,40.0
64,73,15,3,3,2,40.0
64,82,18,3,3,2,40.0
64,91,22,3,3,2,40.0
64,92,8,3,3,2,40.0
65,7,41,3,1,3,40.0
65,8,76,3,1,2,40.0
65,20,0,3,2,1,40.0
65,22,3,3,2,2,40.0
35,40,51,5,3,2,80.0
65,23,59,3,2,2,40.0
65,27,6,3,2,2,40.0
65,38,51,3,2,2,40.0
35,34,0,5,3,2,80.0
65,41,9,3,2,3,40.0
65,43,12,3,2,3,40.0
65,49,32,3,2,2,40.0
65,50,15,3,2,3,40.0
35,17,5,5,3,2,80.0
65,53,18,3,2,2,40.0
65,60,27,3,2,2,40.0
65,61,35,3,2,2,40.0
34,98,18,5,2,3,80.0
65,63,44,3,2,2,40.0
34,91,27,5,2,2,80.0
65,64,47,3,2,3,40.0
65,71,74,3,2,1,40.0
65,79,62,3,2,1,40.0
65,84,77,3,2,1,40.0
65,88,65,3,2,1,40.0
65,95,68,3,2,1,40.0
34,88,32,5,2,1,80.0
65,99,71,3,2,2,40.0
34,49,44,5,2,3,80.0
34,15,0,5,3,2,80.0
66,31,40,3,2,1,40.0
66,52,69,3,2,2,40.0
66,60,43,3,2,2,40.0
34,1,16,5,3,2,80.0
66,70,53,3,2,1,40.0
66,81,61,3,2,1,40.0
66,86,74,3,2,1,40.0
66,96,77,3,2,1,40.0
67,1,23,3,0,3,40.0
67,5,11,3,1,2,40.0
67,9,59,3,1,2,40.0
67,15,24,3,1,3,40.0
67,21,22,3,2,2,40.0
33,98,67,5,2,3,80.0
67,22,0,3,2,2,40.0
67,25,35,3,2,2,40.0
67,27,9,3,2,2,40.0
67,28,14,3,2,2,40.0
33,88,72,5,2,1,80.0
67,33,43,3,2,2,40.0
67,34,38,3,2,2,40.0
67,36,6,3,2,2,40.0
67,37,30,3,2,2,40.0
67,45,17,3,2,3,40.0
67,47,3,3,2,3,40.0
67,52,72,3,2,2,40.0
67,53,61,3,2,2,40.0
67,57,26,3,2,2,40.0
67,62,52,3,2,2,40.0
67,65,46,3,2,3,40.0
67,66,56,3,2,2,40.0
67,73,49,3,2,2,40.0
67,87,64,3,2,1,40.0
33,71,0,5,3,2,80.0
67,96,67,3,2,1,40.0
68,4,33,3,1,1,40.0
33,62,35,5,3,2,80.0
68,19,29,3,1,2,40.0
33,41,12,5,3,3,80.0
33,34,5,5,3,3,80.0
68,32,46,3,1,1,40.0
68,45,75,3,1,3,40.0
68,72,66,3,1,2,40.0
68,82,69,3,1,2,40.0
69,0,50,3,1,2,40.0
69,8,65,3,1,2,40.0
33,19,17,5,3,2,80.0
33,6,26,5,3,1,80.0
69,19,56,3,1,2,40.0
69,20,62,3,1,2,40.0
32,93,0,5,1,2,80.0
69,22,6,3,2,2,40.0
69,23,40,3,2,2,40.0
69,28,0,3,2,2,40.0
69,30,14,3,2,2,40.0
69,33,57,3,2,2,40.0
69,45,21,3,2,2,40.0
69,47,9,3,2,3,40.0
69,48,3,3,2,3,40.0
69,56,17,3,2,3,40.0
69,63,26,3,2,2,40.0
69,73,29,3,2,2,40.0
69,83,32,3,2,1,40.0
31,77,10,5,1,2,80.0
31,58,43,5,1,3,80.0
69,86,77,3,2,1,40.0
69,87,37,3,2,1,40.0
69,88,50,3,2,1,40.0
70,0,11,3,1,3,40.0
70,2,38,3,1,2,40.0
70,4,41,3,1,2,40.0
70,7,47,3,1,2,40.0
31,42,54,5,1,3,80.0
70,10,44,3,1,2,40.0
70,22,50,3,1,2,40.0
70,23,62,3,1,2,40.0
70,27,57,3,1,2,40.0
70,30,65,3,1,2,40.0
70,35,73,3,1,3,40.0
70,36,76,3,1,3,40.0
31,20,10,5,2,1,80.0
70,39,0,3,2,2,40.0
70,41,5,3,2,2,40.0
70,43,8,3,2,3,40.0
70,46,24,3,2,2,40.0
70,51,33,3,2,2,40.0
31,10,32,5,2,2,80.0
70,52,75,3,2,2,40.0
70,55,11,3,2,3,40.0
70,58,14,3,2,3,40.0
70,78,19,3,2,2,40.0
70,84,36,3,2,1,40.0
70,89,29,3,2,2,40.0
71,6,77,3,1,1,40.0
71,18,33,3,2,2,40.0
71,30,17,3,2,2,40.0
30,91,60,5,2,2,80.0
71,31,77,3,2,1,40.0
71,38,64,3,2,2,40.0
30,59,46,5,2,2,80.0
71,40,56,3,2,2,40.0
30,32,27,5,2,1,80.0
71,47,12,3,2,3,40.0
71,56,5,3,2,3,40.0
71,58,8,3,2,3,40.0
71,63,20,3,2,2,40.0
30,29,68,5,2,1,80.0
71,65,23,3,2,3,40.0
71,70,39,3,2,2,40.0
71,73,36,3,2,2,40.0
71,79,44,3,2,1,40.0
30,24,73,5,2,1,80.0
71,83,50,3,2,1,40.0
72,0,49,3,0,3,40.0
30,21,54,5,2,2,80.0
72,3,10,3,1,2,40.0
72,12,58,3,2,1,40.0
72,13,34,3,2,2,40.0
72,34,49,3,2,2,40.0
72,38,30,3,2,3,40.0
72,41,0,3,2,3,40.0
72,47,16,3,2,3,40.0
30,5,14,5,3,2,80.0
30,1,0,5,3,2,80.0
72,50,3,3,2,3,40.0
72,53,37,3,2,2,40.0
72,62,40,3,2,2,40.0
72,74,46,3,2,2,40.0
72,76,72,3,2,1,40.0
72,78,76,3,2,1,40.0
72,79,69,3,2,1,40.0
72,88,8,3,2,1,40.0
72,96,43,3,2,1,40.0
29,82,44,5,1,2,80.0
73,14,69,3,2,1,40.0
73,32,18,3,2,1,40.0
73,41,21,3,2,3,40.0
73,56,32,3,2,3,40.0
73,82,39,3,2,2,40.0
73,96,46,3,2,1,40.0
74,4,0,3,2,2,40.0
74,53,23,3,2,2,40.0
29,81,49,5,1,2,80.0
74,88,37,3,2,1,40.0
74,99,3,3,2,2,40.0
29,79,61,5,1,2,80.0
75,3,6,3,2,2,40.0
75,4,17,3,2,1,40.0
75,9,20,3,2,2,40.0
75,11,23,3,2,2,40.0
75,19,9,3,2,2,40.0
75,20,30,3,2,1,40.0
75,28,49,3,2,2,40.0
29,74,73,5,1,3,80.0
75,29,54,3,2,1,40.0
75,36,62,3,2,2,40.0
75,47,71,3,2,3,40.0
75,48,12,3,2,3,40.0
75,51,57,3,2,3,40.0
29,59,0,5,2,3,80.0
75,59,65,3,2,3,40.0
75,64,0,3,3,3,40.0
75,66,18,3,3,2,40.0
75,69,43,3,3,2,40.0
75,74,11,3,3,2,40.0
29,58,17,5,2,3,80.0
75,91,14,3,3,2,40.0
75,93,63,3,3,1,40.0
75,95,57,3,3,1,40.0
29,52,5,5,2,3,80.0
75,96,28,3,3,1,40.0
75,99,74,3,3,1,40.0
76,10,48,3,2,1,40.0
76,16,40,3,2,1,40.0
29,42,10,5,2,3,80.0
76,27,0,3,2,2,40.0
29,33,40,5,2,3,80.0
76,28,32,3,2,2,40.0
76,37,55,3,2,2,40.0
29,21,28,5,2,2,80.0
29,18,45,5,2,2,80.0
76,41,3,3,2,3,40.0
76,65,6,3,2,3,40.0
76,79,65,3,2,1,40.0
76,82,35,3,2,2,40.0
76,88,14,3,2,1,40.0
77,7,0,3,2,3,40.0
29,14,22,5,2,2,80.0
29,10,55,5,2,2,80.0
29,3,33,5,2,2,80.0
28,93,35,5,2,2,80.0
77,19,25,3,2,2,40.0
77,24,28,3,2,1,40.0
77,28,40,3,2,2,40.0
77,29,50,3,2,2,40.0
77,34,76,3,2,2,40.0
28,83,57,5,2,2,80.0
28,76,68,5,2,2,80.0
77,45,43,3,2,3,40.0
77,54,31,3,2,3,40.0
77,63,3,3,2,2,40.0
28,48,52,5,2,3,80.0
77,73,53,3,2,2,40.0
77,92,34,3,2,2,40.0
28,36,62,5,2,3,80.0
78,16,60,3,2,1,40.0
78,29,63,3,2,2,40.0
78,37,8,3,2,3,40.0
78,54,22,3,2,3,40.0
78,69,46,3,2,2,40.0
78,76,11,3,2,2,40.0
78,82,55,3,2,2,40.0
78,84,49,3,2,1,40.0
78,95,71,3,2,1,40.0
79,1,76,3,1,4,40.0
79,13,37,3,2,2,40.0
79,15,15,3,2,2,40.0
79,20,18,3,2,1,40.0
79,25,48,3,2,2,40.0
79,28,73,3,2,2,40.0
79,33,77,3,2,2,40.0
28,26,6,5,3,2,80.0
28,17,0,5,3,2,80.0
79,39,11,3,2,2,40.0
79,42,51,3,2,2,40.0
27,97,21,5,2,2,80.0
79,45,0,3,2,3,40.0
79,56,8,3,2,3,40.0
79,59,68,3,2,2,40.0
79,60,3,3,2,2,40.0
79,61,21,3,2,3,40.0
79,62,43,3,2,2,40.0
79,67,24,3,2,3,40.0
79,68,27,3,2,2,40.0
27,90,26,5,2,2,80.0
79,71,30,3,2,2,40.0
27,84,31,5,2,2,80.0
79,72,54,3,2,2,40.0
79,78,40,3,2,2,40.0
79,94,33,3,2,2,40.0
79,97,57,3,2,2,40.0
79,98,68,3,3,2,40.0
79,99,77,3,3,1,40.0
80,12,70,3,1,1,40.0
80,14,54,3,1,2,40.0
80,15,73,3,1,2,40.0
27,82,60,5,2,2,80.0
80,21,76,3,1,2,40.0
27,80,36,5,2,2,80.0
80,24,23,3,1,1,40.0
80,28,76,3,2,2,40.0
80,31,0,3,2,2,40.0
80,32,5,3,2,1,40.0
27,69,65,5,2,2,80.0
80,36,19,3,2,2,40.0
80,38,41,3,2,3,40.0
80,51,10,3,2,3,40.0
27,64,41,5,2,3,80.0
80,54,25,3,2,3,40.0
27,24,73,5,2,2,80.0
80,77,15,3,2,2,40.0
27,7,3,5,3,3,80.0
80,81,22,3,2,1,40.0
27,6,61,5,3,1,80.0
80,84,28,3,2,2,40.0
80,91,49,3,2,2,40.0
80,92,44,3,2,2,40.0
27,0,14,5,3,3,80.0
80,93,31,3,2,2,40.0
80,96,64,3,2,1,40.0
80,99,52,3,2,2,40.0
81,0,8,3,1,3,40.0
26,87,16,5,2,1,80.0
81,1,54,3,1,1,40.0
81,2,13,3,1,2,40.0
26,56,11,5,2,3,80.0
81,8,64,3,1,3,40.0
81,11,67,3,1,2,40.0
81,12,73,3,1,1,40.0
81,14,70,3,1,2,40.0
81,22,9,3,2,2,40.0
81,29,60,3,2,2,40.0
81,30,32,3,2,2,40.0
81,31,3,3,2,2,40.0
81,36,29,3,2,2,40.0
81,37,0,3,2,3,40.0
81,45,20,3,2,3,40.0
26,33,45,5,2,3,80.0
81,50,6,3,2,3,40.0
81,62,13,3,2,2,40.0
81,86,16,3,2,2,40.0
81,87,24,3,2,1,40.0
81,96,39,3,2,1,40.0
81,98,35,3,2,3,40.0
82,8,77,3,2,3,40.0
82,10,65,3,2,2,40.0
82,26,0,3,3,2,40.0
82,30,43,3,3,2,40.0
82,31,6,3,3,2,40.0
26,16,22,5,2,2,80.0
82,36,3,3,3,3,40.0
25,91,65,5,2,2,80.0
82,37,11,3,3,3,40.0
25,86,51,5,2,2,80.0
82,39,14,3,3,2,40.0
25,63,74,5,2,2,80.0
82,43,20,3,3,3,40.0
82,54,28,3,3,3,40.0
25,48,6,5,3,3,80.0
82,55,23,3,3,3,40.0
82,77,37,3,3,2,40.0
82,90,77,3,3,1,40.0
25,40,0,5,3,3,80.0
83,1,22,3,1,2,40.0
83,9,35,3,1,2,40.0
83,11,64,3,1,2,40.0
25,23,73,5,3,2,80.0
25,12,11,5,3,2,80.0
83,13,76,3,1,2,40.0
25,4,16,5,3,2,80.0
83,16,76,3,2,1,40.0
24,78,8,5,1,3,80.0
24,65,38,5,1,3,80.0
83,18,36,3,2,2,40.0
83,28,11,3,2,3,40.0
83,31,15,3,2,2,40.0
24,4,60,5,1,3,80.0
83,36,6,3,2,3,40.0
23,71,59,5,3,2,80.0
83,50,21,3,2,3,40.0
83,52,24,3,2,3,40.0
83,69,70,3,2,2,40.0
83,72,27,3,2,2,40.0
83,73,42,3,2,2,40.0
83,76,45,3,2,2,40.0
83,78,30,3,2,3,40.0
83,87,33,3,2,2,40.0
23,42,0,5,3,3,80.0
83,92,39,3,2,2,40.0
83,93,73,3,2,2,40.0
83,95,60,3,3,1,40.0
83,96,70,3,3,1,40.0
83,97,63,3,3,1,40.0
23,38,44,5,3,3,80.0
83,99,0,3,3,2,40.0
84,1,39,3,2,1,40.0
23,30,5,5,3,3,80.0
84,3,13,3,2,2,40.0
22,70,42,5,2,2,80.0
84,4,3,3,2,2,40.0
22,69,21,5,2,3,80.0
84,7,8,3,2,3,40.0
22,51,26,5,2,3,80.0
22,39,62,5,2,2,80.0
84,11,18,3,2,2,40.0
22,32,32,5,2,1,80.0
84,13,42,3,2,2,40.0
22,21,67,5,2,2,80.0
21,93,40,5,2,2,80.0
84,14,0,3,2,2,40.0
21,85,45,5,2,2,80.0
84,15,36,3,2,2,40.0
84,17,45,3,2,1,40.0
21,44,59,5,2,3,80.0
84,22,53,3,2,2,40.0
84,24,65,3,2,1,40.0
21,38,49,5,3,3,80.0
84,28,21,3,2,3,40.0
84,31,24,3,2,2,40.0
84,34,48,3,2,3,40.0
21,13,60,5,3,2,80.0
84,36,56,3,2,3,40.0
20,53,40,5,1,2,80.0
84,38,59,3,2,3,40.0
20,25,21,5,1,3,80.0
20,3,45,5,1,2,80.0
84,56,68,3,2,3,40.0
84,72,62,3,2,2,40.0
84,79,71,3,2,3,40.0
84,82,74,3,2,3,40.0
19,86,35,5,2,2,80.0
19,84,40,5,2,3,80.0
84,88,77,3,2,1,40.0
84,89,6,3,3,2,40.0
84,92,11,3,3,2,40.0
19,79,45,5,2,3,80.0
19,21,65,5,2,3,80.0
84,95,74,3,3,1,40.0
18,95,39,5,2,2,80.0
18,93,57,5,2,2,80.0
84,97,0,3,3,2,40.0
84,98,3,3,3,3,40.0
84,99,14,3,3,2,40.0
85,1,60,3,2,1,40.0
85,6,76,3,1,2,40.0
18,89,69,5,2,2,80.0
85,8,8,3,2,2,40.0
85,9,27,3,2,2,40.0
85,10,15,3,2,2,40.0
85,11,5,3,2,2,40.0
85,12,66,3,2,1,40.0
85,15,30,3,2,2,40.0
85,21,72,3,2,2,40.0
85,34,11,3,2,3,40.0
85,36,0,3,2,3,40.0
18,81,74,5,2,2,80.0
85,38,38,3,2,3,40.0
85,41,18,3,2,3,40.0
18,7,11,5,3,3,80.0
85,47,23,3,2,3,40.0
85,48,41,3,2,3,40.0
16,59,5,5,2,3,80.0
85,56,35,3,2,3,40.0
85,66,50,3,2,3,40.0
85,70,53,3,2,2,40.0
16,46,70,5,2,2,80.0
85,74,56,3,2,2,40.0
85,75,69,3,2,3,40.0
16,43,27,5,2,3,80.0
85,77,63,3,2,2,40.0
85,81,75,3,2,3,40.0
85,86,59,3,3,1,40.0
85,89,9,3,3,2,40.0
85,91,35,3,3,2,40.0
16,13,45,5,2,2,80.0
16,11,32,5,2,2,80.0
85,94,47,3,3,1,40.0
15,88,58,5,2,1,80.0
86,20,26,3,2,1,40.0
86,28,29,3,2,3,40.0
86,35,8,3,2,2,40.0
15,87,44,5,2,2,80.0
86,39,19,3,2,2,40.0
15,73,63,5,2,2,80.0
86,47,40,3,2,3,40.0
15,64,50,5,2,3,80.0
86,60,0,3,2,2,40.0
86,80,56,3,2,2,40.0
86,83,3,3,2,3,40.0
87,6,3,3,1,2,40.0
15,18,68,5,2,3,80.0
87,9,30,3,1,2,40.0
15,13,71,5,3,2,80.0
87,20,55,3,1,1,40.0
87,23,27,3,1,3,40.0
87,26,58,3,1,2,40.0
87,35,67,3,1,3,40.0
15,9,38,5,3,2,80.0
87,43,49,3,1,3,40.0
14,99,6,5,2,2,80.0
14,83,11,5,2,3,80.0
87,84,77,3,1,3,40.0
14,78,74,5,2,2,80.0
87,91,38,3,2,2,40.0
14,59,16,5,2,3,80.0
87,95,77,3,2,1,40.0
88,3,24,3,1,2,40.0
88,9,27,3,1,3,40.0
88,39,40,3,1,3,40.0
88,91,41,3,2,2,40.0
88,99,11,3,2,2,40.0
89,4,12,3,2,2,40.0
89,7,16,3,2,3,40.0
89,16,50,3,2,2,40.0
89,28,32,3,2,3,40.0
89,36,53,3,2,3,40.0
89,37,56,3,2,3,40.0
89,46,59,3,2,3,40.0
89,47,66,3,2,3,40.0
89,62,74,3,2,2,40.0
89,65,77,3,2,3,40.0
89,67,75,3,3,2,40.0
89,69,53,3,3,2,40.0
89,85,0,3,3,3,40.0
89,86,11,3,3,2,40.0
14,55,27,5,2,3,80.0
89,92,22,3,3,2,40.0
90,2,23,3,2,1,40.0
90,3,16,3,2,2,40.0
14,54,34,5,2,3,80.0
90,4,6,3,2,2,40.0
14,52,39,5,2,3,80.0
90,8,11,3,2,2,40.0
90,10,41,3,2,2,40.0
90,12,0,3,2,2,40.0
90,14,3,3,2,2,40.0
14,40,44,5,2,3,80.0
14,11,49,5,2,2,80.0
90,15,33,3,2,2,40.0
90,17,69,3,2,1,40.0
90,18,54,3,2,2,40.0
90,28,36,3,2,3,40.0
90,33,50,3,2,3,40.0
13,90,44,5,3,2,80.0
13,89,3,5,3,3,80.0
90,34,57,3,2,3,40.0
90,38,62,3,2,3,40.0
90,40,19,3,2,3,40.0
90,53,65,3,2,2,40.0
90,57,75,3,2,2,40.0
90,58,0,3,3,3,40.0
13,57,8,5,3,2,80.0
13,56,20,5,3,3,80.0
90,61,61,3,3,2,40.0
13,50,34,5,3,3,80.0
90,62,20,3,3,2,40.0
90,65,3,3,3,3,40.0
90,66,6,3,3,3,40.0
90,67,9,3,3,3,40.0
90,71,26,3,3,2,40.0
90,72,12,3,3,3,40.0
90,85,15,3,3,3,40.0
90,87,23,3,3,2,40.0
90,97,29,3,3,2,40.0
91,14,52,3,2,3,40.0
13,32,13,5,3,1,80.0
91,24,70,3,2,2,40.0
91,26,73,3,2,2,40.0
13,23,39,5,3,3,80.0
91,29,76,3,2,2,40.0
91,30,10,3,3,3,40.0
91,33,22,3,3,3,40.0
91,35,29,3,3,2,40.0
91,43,32,3,3,3,40.0
13,10,60,5,3,2,80.0
91,46,54,3,3,2,40.0
91,49,43,3,3,2,40.0
91,52,0,3,3,3,40.0
91,59,13,3,3,3,40.0
91,76,17,3,3,2,40.0
91,78,25,3,3,2,40.0
91,79,3,3,3,3,40.0
91,88,6,3,3,2,40.0
91,92,47,3,3,2,40.0
91,94,61,3,3,1,40.0
92,3,50,3,2,2,40.0
92,4,25,3,2,2,40.0
92,15,55,3,2,2,40.0
12,94,3,5,2,2,80.0
12,90,32,5,2,3,80.0
92,18,62,3,2,2,40.0
12,82,46,5,2,3,80.0
92,19,59,3,2,2,40.0
92,23,70,3,2,3,40.0
92,25,65,3,2,3,40.0
92,30,73,3,2,3,40.0
92,43,76,3,2,4,40.0
92,48,0,3,3,3,40.0
92,51,17,3,3,3,40.0
92,54,42,3,3,3,40.0
92,55,3,3,3,3,40.0
92,57,36,3,3,1,40.0
92,61,64,3,3,2,40.0
92,68,6,3,3,2,40.0
12,78,66,5,2,2,80.0
92,72,9,3,3,3,40.0
92,73,56,3,3,2,40.0
12,70,56,5,2,2,80.0
92,78,28,3,3,2,40.0
92,79,12,3,3,3,40.0
92,83,20,3,3,3,40.0
12,58,22,5,2,3,80.0
92,84,23,3,3,3,40.0
12,51,37,5,2,3,80.0
92,85,31,3,3,3,40.0
92,86,45,3,3,2,40.0
12,49,16,5,2,3,80.0
92,89,39,3,3,3,40.0
92,91,50,3,3,3,40.0
12,46,27,5,2,3,80.0
92,95,53,3,3,2,40.0
92,97,60,3,3,2,40.0
93,0,25,3,2,2,40.0
93,5,19,3,2,2,40.0
93,6,6,3,2,2,40.0
93,11,28,3,2,2,40.0
93,12,62,3,2,2,40.0
93,14,9,3,2,3,40.0
12,18,51,5,2,3,80.0
93,17,12,3,2,2,40.0
93,22,76,3,2,2,40.0
93,33,15,3,2,4,40.0
93,35,22,3,2,3,40.0
12,15,71,5,2,4,80.0
93,44,0,3,3,3,40.0
93,53,15,3,3,2,40.0
93,67,3,3,3,3,40.0
93,71,47,3,3,2,40.0
93,72,6,3,3,3,40.0
93,73,59,3,3,2,40.0
12,0,0,5,3,3,80.0
93,78,43,3,3,2,40.0
93,82,31,3,3,3,40.0
93,85,12,3,3,3,40.0
93,96,73,3,3,1,40.0
94,2,29,3,2,1,40.0
94,3,19,3,2,2,40.0
94,12,8,3,2,2,40.0
94,19,22,3,2,2,40.0
94,21,64,3,2,2,40.0
11,92,37,5,2,4,80.0
94,25,56,3,2,2,40.0
11,79,54,5,2,3,80.0
11,77,42,5,2,3,80.0
94,26,36,3,2,2,40.0
94,31,39,3,2,2,40.0
11,45,59,5,2,3,80.0
94,35,11,3,2,3,40.0
94,37,14,3,2,3,40.0
94,41,25,3,2,3,40.0
94,46,0,3,2,3,40.0
94,57,42,3,2,2,40.0
94,62,60,3,2,2,40.0
11,38,54,5,3,3,80.0
94,65,49,3,2,3,40.0
11,37,3,5,3,3,80.0
11,27,8,5,3,3,80.0
94,68,45,3,2,2,40.0
94,69,73,3,2,2,40.0
11,17,15,5,3,2,80.0
94,70,67,3,2,2,40.0
94,71,53,3,2,2,40.0
94,74,70,3,2,2,40.0
10,91,35,5,3,3,80.0
10,87,0,5,3,2,80.0
94,75,77,3,2,3,40.0
94,76,20,3,3,2,40.0
94,84,17,3,3,3,40.0
94,88,0,3,3,2,40.0
10,58,27,5,3,3,80.0
94,89,8,3,3,3,40.0
10,51,20,5,3,3,80.0
10,44,6,5,3,3,80.0
94,91,40,3,3,3,40.0
94,98,11,3,3,3,40.0
95,6,21,3,2,1,40.0
95,11,70,3,2,2,40.0
95,12,76,3,2,2,40.0
95,21,0,3,2,3,40.0
10,42,15,5,3,3,80.0
95,24,3,3,2,2,40.0
10,34,40,5,3,3,80.0
95,28,14,3,2,3,40.0
95,35,17,3,2,3,40.0
95,37,24,3,2,3,40.0
10,1,45,5,3,2,80.0
10,0,52,5,3,3,80.0
9,49,65,5,2,3,80.0
95,49,49,3,2,2,40.0
95,58,11,3,2,3,40.0
95,60,30,3,2,2,40.0
95,63,6,3,2,2,40.0
95,66,27,3,2,3,40.0
95,67,33,3,2,3,40.0
95,71,67,3,2,2,40.0
95,74,59,3,2,2,40.0
9,48,44,5,2,3,80.0
95,75,36,3,2,3,40.0
95,83,44,3,2,3,40.0
9,45,46,5,3,3,80.0
95,91,64,3,2,3,40.0
95,96,56,3,2,2,40.0
96,4,27,3,2,1,40.0
96,7,19,3,2,3,40.0
96,8,14,3,2,2,40.0
96,15,76,3,2,2,40.0
96,19,50,3,2,2,40.0
96,24,43,3,2,1,40.0
96,25,70,3,2,2,40.0
96,26,30,3,2,2,40.0
96,27,46,3,2,2,40.0
96,28,24,3,2,3,40.0
96,29,66,3,2,2,40.0
9,39,22,5,3,2,80.0
96,31,53,3,2,2,40.0
96,34,33,3,2,3,40.0
96,37,36,3,2,3,40.0
96,49,59,3,2,2,40.0
96,55,6,3,2,3,40.0
96,59,10,3,2,3,40.0
96,73,0,3,2,3,40.0
96,76,62,3,2,2,40.0
96,78,3,3,2,3,40.0
96,90,39,3,2,3,40.0
96,93,73,3,2,4,40.0
97,0,34,3,2,2,40.0
97,3,63,3,2,2,40.0
9,16,0,5,3,2,80.0
97,7,26,3,2,3,40.0
97,8,17,3,2,2,40.0
97,9,8,3,2,3,40.0
97,13,49,3,2,3,40.0
97,19,70,3,2,2,40.0
97,21,11,3,2,3,40.0
97,25,37,3,2,3,40.0
9,11,30,5,3,3,80.0
97,26,40,3,2,2,40.0
97,29,73,3,2,2,40.0
97,31,66,3,2,2,40.0
97,33,76,3,2,3,40.0
97,46,14,3,2,3,40.0
8,75,31,5,2,3,80.0
97,56,0,3,3,3,40.0
97,59,21,3,3,3,40.0
97,61,67,3,3,2,40.0
97,62,63,3,3,2,40.0
97,65,9,3,3,3,40.0
8,72,20,5,2,3,80.0
97,66,3,3,3,3,40.0
97,74,31,3,3,2,40.0
97,75,6,3,3,3,40.0
97,77,46,3,3,2,40.0
8,69,44,5,2,3,80.0
97,82,17,3,3,3,40.0
97,85,24,3,3,3,40.0
97,88,14,3,3,2,40.0
97,89,27,3,3,3,40.0
97,96,34,3,3,3,40.0
98,9,56,3,3,2,40.0
98,14,59,3,3,2,40.0
98,17,23,3,3,2,40.0
98,25,26,3,3,3,40.0
98,27,15,3,3,2,40.0
98,28,39,3,3,3,40.0
98,43,42,3,3,3,40.0
98,67,0,3,3,3,40.0
98,69,62,3,3,2,40.0
8,65,12,5,3,3,80.0
8,61,0,5,3,3,80.0
98,77,6,3,3,2,40.0
8,53,5,5,3,3,80.0
98,81,45,3,3,2,40.0
99,0,19,3,2,3,40.0
99,1,74,3,2,1,40.0
99,4,22,3,2,2,40.0
99,5,38,3,2,2,40.0
99,8,49,3,2,2,40.0
99,9,35,3,2,3,40.0
99,11,25,3,2,3,40.0
99,13,28,3,2,3,40.0
99,14,62,3,2,2,40.0
8,51,31,5,3,3,80.0
99,15,31,3,2,3,40.0
99,21,41,3,2,3,40.0
8,37,39,5,3,3,80.0
99,29,44,3,2,3,40.0
99,32,65,3,2,1,40.0
99,39,55,3,2,2,40.0
8,21,17,5,3,3,80.0
99,40,58,3,2,3,40.0
99,41,68,3,2,3,40.0
99,43,23,3,3,3,40.0
8,19,22,5,3,3,80.0
99,44,77,3,2,3,40.0
99,50,18,3,3,3,40.0
99,51,0,3,3,3,40.0
99,63,13,3,3,2,40.0
99,67,6,3,3,3,40.0
8,0,44,5,3,3,80.0
99,68,3,3,3,2,40.0
99,76,26,3,3,2,40.0
7,96,29,5,3,3,80.0
99,79,9,3,3,3,40.0
99,81,42,3,3,2,40.0
99,83,29,3,3,3,40.0
99,84,32,3,3,3,40.0
99,85,38,3,3,3,40.0
99,87,49,3,3,2,40.0
99,92,67,3,3,3,40.0
99,93,35,3,3,3,40.0
99,94,45,3,3,3,40.0
99,95,73,3,3,2,40.0
0,13,65,4,3,3,60.0
7,79,34,5,3,3,80.0
0,18,22,4,3,3,60.0
0,22,38,4,3,2,60.0
0,23,30,4,3,3,60.0
0,31,57,4,3,2,60.0
0,36,61,4,3,4,60.0
0,58,73,4,3,3,60.0
0,70,47,4,4,2,60.0
0,76,51,4,4,2,60.0
7,74,44,5,3,3,80.0
7,72,52,5,3,3,80.0
7,68,57,5,3,2,80.0
0,78,13,4,4,3,60.0
0,79,17,4,4,3,60.0
7,60,66,5,3,2,80.0
0,85,3,4,4,3,60.0
7,47,43,5,4,3,80.0
7,29,71,5,3,3,80.0
0,88,21,4,4,2,60.0
1,18,30,4,2,3,60.0
1,45,39,4,2,3,60.0
1,49,34,4,2,3,60.0
7,27,19,5,4,3,80.0
1,70,61,4,2,2,60.0
6,15,9,5,2,3,80.0
2,0,25,4,2,4,60.0
2,10,72,4,2,3,60.0
2,12,42,4,2,2,60.0
5,94,49,5,2,3,80.0
5,66,41,5,2,3,80.0
2,16,53,4,2,2,60.0
2,19,76,4,2,2,60.0
2,20,33,4,2,1,60.0
2,21,3,4,2,3,60.0
2,24,16,4,2,2,60.0
5,63,60,5,2,2,80.0
5,62,54,5,2,3,80.0
5,61,74,5,3,2,80.0
2,26,20,4,2,3,60.0
5,56,25,5,3,3,80.0
2,34,29,4,2,3,60.0
2,40,5,4,3,3,60.0
2,41,28,4,3,3,60.0
2,42,32,4,3,3,60.0
2,44,11,4,3,3,60.0
2,46,17,4,3,3,60.0
2,49,0,4,3,3,60.0
2,51,48,4,3,3,60.0
2,53,21,4,3,3,60.0
5,44,15,5,3,3,80.0
2,59,36,4,3,3,60.0
2,64,55,4,3,3,60.0
2,67,40,4,3,3,60.0
2,70,70,4,3,2,60.0
2,71,44,4,3,3,60.0
2,83,66,4,3,3,60.0
5,21,30,5,3,3,80.0
2,90,74,4,3,3,60.0
2,94,59,4,3,3,60.0
3,1,73,4,2,2,60.0
3,18,66,4,2,4,60.0
3,24,51,4,3,1,60.0
5,17,35,5,3,2,80.0
3,27,24,4,3,3,60.0
3,31,18,4,3,2,60.0
3,37,28,4,3,3,60.0
5,16,10,5,3,2,80.0
3,39,42,4,3,2,60.0
3,41,32,4,3,3,60.0
3,56,38,4,3,3,60.0
3,57,0,4,3,2,60.0
5,15,0,5,3,3,80.0
3,65,55,4,3,3,60.0
3,66,9,4,3,3,60.0
3,70,4,4,3,3,60.0
3,73,13,4,3,3,60.0
3,76,73,4,3,2,60.0
3,81,63,4,3,2,60.0
3,86,59,4,3,2,60.0
3,90,46,4,3,3,60.0
3,91,67,4,3,3,60.0
3,96,0,4,4,3,60.0
5,10,57,5,3,3,80.0
3,99,52,4,4,3,60.0
4,3,28,4,2,4,60.0
4,8,49,4,2,3,60.0
4,10,76,4,2,3,60.0
4,19,32,4,2,3,60.0
4,25,44,4,2,3,60.0
5,7,5,5,3,4,80.0
4,50,53,4,2,3,60.0
4,60,36,4,2,2,60.0
4,68,71,4,2,2,60.0
4,71,71,4,3,2,60.0
4,72,0,4,3,3,60.0
4,82,51,5,3,3,80.0
4,85,18,4,3,3,60.0
4,90,42,4,3,3,60.0
4,91,75,4,3,3,60.0
4,79,22,5,3,3,80.0
5,4,22,4,2,4,60.0
5,6,52,4,3,1,60.0
4,69,4,5,3,3,80.0
5,14,20,4,3,3,60.0
5,26,40,4,3,3,60.0
5,30,44,4,3,3,60.0
5,32,70,4,3,1,60.0
5,38,48,4,3,4,60.0
5,65,17,4,4,3,60.0
4,61,9,5,3,3,80.0
5,67,12,4,4,3,60.0
4,48,29,5,3,3,80.0
5,68,21,4,4,2,60.0
5,69,0,4,4,3,60.0
5,73,4,4,4,3,60.0
5,75,39,4,4,3,60.0
5,78,25,4,4,3,60.0
5,81,54,4,4,2,60.0
4,2,34,5,3,4,80.0
5,97,49,4,4,3,60.0
6,1,69,4,1,3,60.0
3,87,14,5,4,2,80.0
6,21,73,4,1,3,60.0
6,29,69,4,2,2,60.0
6,53,14,4,2,3,60.0
7,26,76,4,3,2,60.0
7,49,22,4,3,3,60.0
7,53,0,4,4,3,60.0
7,56,54,4,4,3,60.0
7,62,10,4,4,3,60.0
7,69,14,4,4,3,60.0
3,82,56,5,4,3,80.0
3,68,9,5,4,2,80.0
3,59,40,5,4,3,80.0
3,58,32,5,4,3,80.0
7,78,33,4,4,3,60.0
7,83,24,4,4,3,60.0
7,99,58,4,4,3,60.0
8,11,59,4,3,3,60.0
3,46,21,5,4,3,80.0
8,20,69,4,3,1,60.0
8,23,53,4,3,3,60.0
8,24,27,4,3,2,60.0
3,16,61,5,4,2,80.0
8,34,73,4,3,3,60.0
8,35,25,4,4,3,60.0
3,14,4,5,4,3,80.0
8,40,9,4,4,3,60.0
8,43,35,4,4,3,60.0
8,52,13,4,4,3,60.0
8,56,42,4,4,3,60.0
8,63,47,4,4,2,60.0
8,64,59,4,4,3,60.0
3,7,66,5,4,4,80.0
2,78,17,5,4,3,80.0
2,69,9,5,4,3,80.0
8,66,17,4,4,3,60.0
2,57,29,5,4,2,80.0
8,81,67,4,4,2,60.0
8,86,63,4,4,2,60.0
8,89,30,4,4,3,60.0
8,92,71,4,4,3,60.0
8,93,21,4,4,3,60.0
8,95,0,4,4,3,60.0
9,2,39,4,3,4,60.0
9,20,51,4,3,1,60.0
9,21,55,4,3,3,60.0
2,37,44,5,4,3,80.0
9,25,59,4,3,3,60.0
2,32,22,5,4,1,80.0
9,29,11,4,3,3,60.0
9,31,69,4,3,2,60.0
9,34,15,4,3,4,60.0
9,36,65,4,3,4,60.0
9,37,73,4,3,3,60.0
9,47,26,4,4,3,60.0
9,55,32,4,4,3,60.0
9,58,3,4,4,3,60.0
9,61,14,4,4,3,60.0
9,62,18,4,4,3,60.0
9,72,36,4,4,3,60.0
9,78,40,4,4,3,60.0
9,86,22,4,4,2,60.0
2,29,0,5,4,3,80.0
9,87,52,4,4,2,60.0
2,11,49,5,4,3,80.0
9,89,44,4,4,3,60.0
2,9,56,5,4,4,80.0
9,96,7,4,4,3,60.0
9,97,70,4,4,3,60.0
10,8,4,4,4,4,60.0
10,9,62,4,3,4,60.0
10,14,68,4,2,3,60.0
2,4,61,5,4,4,80.0
10,16,8,4,2,3,60.0
10,21,11,4,3,4,60.0
10,24,66,4,3,2,60.0
10,25,29,4,4,3,60.0
1,72,50,5,2,4,80.0
10,28,17,4,4,3,60.0
1,15,55,5,2,3,80.0
10,40,13,4,4,3,60.0
10,46,33,4,4,3,60.0
10,59,24,4,4,3,60.0
10,62,0,4,4,3,60.0
10,69,37,4,4,3,60.0
10,70,8,4,4,3,60.0
10,74,49,4,4,2,60.0
10,75,53,4,4,3,60.0
10,76,58,4,4,2,60.0
1,7,28,5,3,4,80.0
11,4,35,4,3,4,60.0
0,91,7,5,4,4,80.0
0,39,71,5,4,2,80.0
11,8,75,4,3,4,60.0
11,10,41,4,3,4,60.0
11,16,66,4,3,2,60.0
11,18,45,4,3,3,60.0
0,2,66,5,4,4,80.0
11,25,20,4,3,4,60.0
99,96,62,4,3,3,60.0
11,29,70,4,3,4,60.0
11,34,21,4,4,3,60.0
11,40,25,4,4,3,60.0
11,41,36,4,4,3,60.0
11,43,45,4,4,3,60.0
11,49,4,4,4,3,60.0
11,51,52,4,4,3,60.0
11,59,29,4,4,3,60.0
11,61,40,4,4,3,60.0
11,63,16,4,4,2,60.0
99,91,76,4,3,4,60.0
11,67,56,4,4,3,60.0
11,74,62,4,4,2,60.0
11,85,66,4,4,3,60.0
11,96,11,4,4,3,60.0
12,3,45,4,3,4,60.0
12,4,14,4,3,3,60.0
99,88,17,4,4,2,60.0
99,86,67,4,4,2,60.0
12,6,22,4,3,2,60.0
12,11,70,4,3,4,60.0
12,14,65,4,3,2,60.0
99,80,59,4,4,2,60.0
99,75,21,4,4,3,60.0
99,71,0,4,4,3,60.0
99,57,4,4,4,2,60.0
12,30,26,4,3,3,60.0
99,53,10,4,4,3,60.0
12,32,8,4,3,1,60.0
12,35,30,4,3,3,60.0
12,47,36,4,3,3,60.0
12,64,74,4,3,3,60.0
12,97,40,4,3,3,60.0
13,3,71,4,3,4,60.0
13,24,52,4,3,2,60.0
13,25,56,4,3,4,60.0
13,34,75,4,3,4,60.0
99,49,26,4,4,3,60.0
13,36,9,4,4,3,60.0
13,38,0,4,4,4,60.0
13,39,46,4,4,2,60.0
13,41,40,4,4,3,60.0
13,42,5,4,4,3,60.0
13,48,15,4,4,3,60.0
13,53,25,4,4,3,60.0
99,48,63,4,4,3,60.0
13,54,52,4,4,3,60.0
13,60,60,4,4,2,60.0
13,68,30,4,4,2,60.0
13,71,19,4,4,3,60.0
99,42,36,4,4,3,60.0
99,35,40,4,4,3,60.0
13,78,56,4,4,3,60.0
13,81,34,4,4,3,60.0
13,82,64,4,4,3,60.0
99,30,30,4,4,3,60.0
13,93,68,4,4,3,60.0
99,25,48,4,4,3,60.0
13,95,72,4,4,3,60.0
13,97,76,4,4,3,60.0
99,24,44,4,4,2,60.0
99,20,52,4,4,2,60.0
14,0,29,4,3,4,60.0
14,17,40,4,3,2,60.0
14,20,58,4,3,1,60.0
99,19,71,4,4,3,60.0
99,17,75,4,4,2,60.0
14,22,72,4,3,2,60.0
14,25,33,4,3,3,60.0
14,28,44,4,3,3,60.0
14,30,48,4,3,3,60.0
14,32,76,4,3,1,60.0
14,33,62,4,3,3,60.0
14,37,0,4,3,4,60.0
14,39,12,4,3,3,60.0
98,84,48,4,3,3,60.0
14,41,16,4,3,4,60.0
14,43,24,4,3,4,60.0
14,44,20,4,4,3,60.0
14,46,10,4,4,3,60.0
14,49,30,4,4,3,60.0
14,50,39,4,4,3,60.0
14,65,26,4,4,3,60.0
98,83,52,4,3,3,60.0
14,68,14,4,4,2,60.0
14,85,43,4,4,3,60.0
14,86,71,4,4,2,60.0
14,89,34,4,4,3,60.0
14,92,75,4,4,3,60.0
14,93,50,4,4,3,60.0
14,95,4,4,4,3,60.0
15,0,34,4,3,4,60.0
15,3,76,4,3,4,60.0
15,5,43,4,3,4,60.0
15,7,62,4,3,4,60.0
98,73,29,4,3,3,60.0
15,14,66,4,3,4,60.0
15,17,26,4,2,2,60.0
15,21,5,4,3,4,60.0
98,70,0,4,4,3,60.0
15,28,48,4,3,3,60.0
98,66,13,4,4,3,60.0
15,30,19,4,3,3,60.0
15,32,14,4,3,2,60.0
15,35,27,4,3,4,60.0
15,41,44,4,4,3,60.0
15,52,17,4,4,3,60.0
15,55,36,4,4,3,60.0
98,60,22,4,4,2,60.0
15,57,48,4,4,2,60.0
98,32,37,4,4,1,60.0
15,65,30,4,4,3,60.0
98,31,27,4,4,2,60.0
15,67,52,4,4,3,60.0
15,68,40,4,4,2,60.0
98,18,4,4,4,3,60.0
15,69,26,4,4,3,60.0
15,76,0,4,4,3,60.0
98,16,41,4,4,2,60.0
98,8,51,4,4,4,60.0
15,94,4,4,4,3,60.0
15,96,21,4,4,3,60.0
97,94,54,4,3,3,60.0
15,97,58,4,4,3,60.0
97,91,57,4,4,3,60.0
97,86,75,4,4,2,60.0
16,8,55,4,3,4,60.0
97,81,0,4,4,3,60.0
97,80,67,4,4,2,60.0
97,73,8,4,4,3,60.0
16,9,75,4,2,4,60.0
16,29,15,4,2,3,60.0
16,40,37,4,2,3,60.0
16,63,57,4,2,3,60.0
16,74,66,4,3,2,60.0
16,80,71,4,3,2,60.0
16,84,26,4,3,3,60.0
16,90,50,4,3,3,60.0
17,31,44,4,2,2,60.0
17,40,30,4,2,3,60.0
17,70,48,4,2,3,60.0
97,71,4,4,4,3,60.0
17,78,52,4,2,3,60.0
17,84,56,4,2,3,60.0
17,95,60,4,2,3,60.0
18,19,0,4,3,3,60.0
18,35,34,4,3,3,60.0
18,40,61,4,3,3,60.0
18,42,26,4,3,3,60.0
18,53,38,4,3,3,60.0
19,10,45,4,3,4,60.0
19,14,54,4,3,4,60.0
19,15,8,4,3,4,60.0
19,17,64,4,3,2,60.0
19,25,40,4,3,3,60.0
19,53,49,4,3,3,60.0
19,72,15,4,3,3,60.0
19,83,36,4,3,3,60.0
20,24,6,4,2,2,60.0
20,48,19,4,2,3,60.0
21,1,35,4,3,3,60.0
97,67,16,4,4,3,60.0
21,4,26,4,3,4,60.0
21,14,0,4,4,4,60.0
21,19,22,4,3,4,60.0
21,24,44,4,3,3,60.0
21,36,15,4,4,3,60.0
21,40,49,4,4,3,60.0
21,42,40,4,4,3,60.0
21,86,19,4,4,3,60.0
97,52,27,4,4,3,60.0
22,0,38,4,3,4,60.0
22,9,48,4,3,4,60.0
97,48,71,4,4,3,60.0
22,15,12,4,3,4,60.0
22,16,0,4,3,3,60.0
22,20,23,4,3,2,60.0
22,23,16,4,3,3,60.0
97,30,39,4,4,3,60.0
22,26,52,4,3,2,60.0
97,28,52,4,4,3,60.0
22,33,31,4,3,3,60.0
97,16,12,4,4,3,60.0
22,34,66,4,3,3,60.0
22,35,44,4,3,3,60.0
22,36,27,4,3,3,60.0
22,38,4,4,3,4,60.0
97,15,62,4,4,4,60.0
22,44,70,4,3,3,60.0
22,48,57,4,3,3,60.0
97,1,43,4,4,3,60.0
96,98,17,4,3,4,60.0
22,52,61,4,3,3,60.0
22,57,8,4,3,3,60.0
22,58,74,4,3,4,60.0
22,60,46,4,4,2,60.0
22,63,32,4,4,2,60.0
22,64,11,4,4,3,60.0
96,95,25,4,3,3,60.0
96,89,48,4,3,3,60.0
22,65,59,4,4,3,60.0
22,68,36,4,4,2,60.0
22,73,17,4,4,3,60.0
22,77,66,4,4,2,60.0
22,86,0,4,4,3,60.0
22,94,23,4,4,3,60.0
22,95,40,4,4,3,60.0
96,86,37,4,3,3,60.0
22,98,55,4,4,4,60.0
96,85,52,4,3,3,60.0
23,14,58,4,4,4,60.0
96,84,66,4,3,3,60.0
23,26,10,4,3,3,60.0
96,83,56,4,3,3,60.0
23,47,49,4,3,3,60.0
23,56,73,4,3,3,60.0
96,81,41,4,3,3,60.0
23,65,34,4,3,3,60.0
96,80,70,4,3,3,60.0
23,66,21,4,3,3,60.0
23,69,30,4,4,3,60.0
96,79,74,4,3,4,60.0
23,72,25,4,4,3,60.0
23,75,46,4,4,3,60.0
23,81,4,4,4,3,60.0
23,89,14,4,4,3,60.0
24,48,10,4,2,4,60.0
24,51,60,4,2,3,60.0
96,77,56,4,4,2,60.0
24,53,31,4,2,3,60.0
24,68,48,4,2,2,60.0
24,82,20,4,2,4,60.0
24,91,35,4,2,4,60.0
25,0,55,4,3,4,60.0
25,14,62,4,4,4,60.0
25,17,68,4,3,2,60.0
96,68,52,4,4,2,60.0
96,65,63,4,4,3,60.0
25,22,4,4,4,4,60.0
25,24,39,4,4,2,60.0
96,62,4,4,4,3,60.0
25,26,69,4,4,2,60.0
96,57,67,4,4,2,60.0
25,29,24,4,4,3,60.0
96,56,46,4,4,3,60.0
25,32,49,4,4,1,60.0
96,47,0,4,4,4,60.0
96,46,37,4,4,3,60.0
25,44,28,4,4,3,60.0
25,55,73,4,4,3,60.0
96,45,23,4,4,3,60.0
25,56,0,4,4,4,60.0
25,59,45,4,4,3,60.0
25,62,14,4,4,3,60.0
25,64,33,4,4,3,60.0
25,65,8,4,4,4,60.0
96,42,71,4,4,3,60.0
96,41,75,4,4,3,60.0
26,0,59,4,3,4,60.0
96,40,8,4,4,4,60.0
26,2,5,4,3,4,60.0
26,4,46,4,3,3,60.0
26,12,50,4,3,3,60.0
96,39,16,4,4,3,60.0
26,27,28,4,3,3,60.0
26,30,54,4,3,3,60.0
26,36,32,4,3,3,60.0
96,38,12,4,4,4,60.0
26,41,63,4,3,3,60.0
26,43,0,4,3,4,60.0
26,74,14,4,3,3,60.0
26,82,68,4,3,3,60.0
26,84,36,4,3,3,60.0
26,88,72,4,3,2,60.0
26,91,24,4,3,4,60.0
26,95,76,4,3,3,60.0
96,32,41,4,4,1,60.0
27,2,71,4,3,4,60.0
27,10,66,4,3,4,60.0
27,11,75,4,3,4,60.0
27,12,54,4,3,3,60.0
96,21,27,4,4,4,60.0
96,20,31,4,4,2,60.0
27,18,32,4,3,4,60.0
27,22,50,4,3,4,60.0
27,26,36,4,3,4,60.0
27,29,40,4,3,3,60.0
27,31,44,4,3,3,60.0
27,32,0,4,4,2,60.0
27,36,19,4,4,3,60.0
27,40,53,4,4,3,60.0
27,41,48,4,4,3,60.0
27,50,27,4,4,3,60.0
27,51,64,4,4,3,60.0
27,54,59,4,4,3,60.0
27,55,40,4,4,3,60.0
27,59,68,4,4,3,60.0
27,63,36,4,4,2,60.0
27,68,75,4,4,2,60.0
27,92,4,4,4,4,60.0
27,93,8,4,4,4,60.0
28,0,76,4,3,4,60.0
28,1,56,4,3,3,60.0
28,5,60,4,3,4,60.0
28,7,71,4,3,4,60.0
28,9,66,4,3,4,60.0
95,98,8,4,3,4,60.0
95,92,12,4,3,4,60.0
28,11,0,4,4,4,60.0
28,16,4,4,4,3,60.0
28,31,48,4,4,2,60.0
95,90,54,4,3,3,60.0
28,32,8,4,4,2,60.0
95,87,19,4,3,2,60.0
28,37,32,4,4,3,60.0
28,42,59,4,4,3,60.0
28,52,44,4,4,3,60.0
95,86,29,4,3,3,60.0
28,53,53,4,4,3,60.0
95,78,44,4,3,3,60.0
28,56,12,4,4,4,60.0
95,76,33,4,3,3,60.0
28,57,71,4,4,2,60.0
28,60,75,4,4,2,60.0
95,65,67,4,3,3,60.0
28,70,16,4,4,3,60.0
28,73,21,4,4,3,60.0
28,74,25,4,4,3,60.0
28,75,36,4,4,4,60.0
28,78,63,4,4,3,60.0
28,87,67,4,4,2,60.0
28,88,40,4,4,3,60.0
95,64,48,4,3,4,60.0
29,6,28,4,3,2,60.0
95,62,22,4,4,3,60.0
95,59,57,4,4,3,60.0
29,16,19,4,3,3,60.0
29,40,65,4,3,3,60.0
29,46,47,4,3,3,60.0
29,50,57,4,3,3,60.0
29,64,5,4,3,4,60.0
29,75,32,4,3,4,60.0
29,90,36,4,3,4,60.0
95,56,50,4,4,3,60.0
30,2,76,4,3,4,60.0
30,4,66,4,3,4,60.0
95,50,43,4,4,3,60.0
95,44,32,4,4,3,60.0
95,30,61,4,4,3,60.0
95,27,12,4,4,4,60.0
30,17,0,4,4,3,60.0
30,20,10,4,4,2,60.0
30,23,18,4,4,4,60.0
30,26,4,4,4,4,60.0
95,19,4,4,4,3,60.0
95,18,16,4,4,3,60.0
30,35,56,4,4,3,60.0
30,38,22,4,4,4,60.0
30,44,36,4,4,3,60.0
30,48,67,4,4,3,60.0
30,56,26,4,4,4,60.0
30,60,50,4,4,2,60.0
30,67,44,4,4,3,60.0
30,71,14,4,4,3,60.0
30,73,40,4,4,3,60.0
30,75,60,4,4,4,60.0
30,79,30,4,4,3,60.0
30,83,73,4,4,3,60.0
31,52,61,4,2,4,60.0
31,78,48,4,3,3,60.0
31,79,39,4,3,3,60.0
31,88,25,4,3,2,60.0
95,17,8,4,4,3,60.0
32,43,52,4,2,3,60.0
32,49,38,4,2,3,60.0
33,0,42,4,4,4,60.0
95,10,70,4,4,4,60.0
95,4,0,4,4,4,60.0
33,5,66,4,3,4,60.0
33,12,53,4,3,4,60.0
33,21,70,4,3,4,60.0
94,95,27,4,3,4,60.0
33,23,0,4,4,4,60.0
33,24,56,4,4,2,60.0
33,26,8,4,4,4,60.0
33,31,4,4,4,3,60.0
33,32,18,4,4,2,60.0
33,36,23,4,4,3,60.0
33,42,63,4,4,3,60.0
33,46,51,4,4,3,60.0
33,48,27,4,4,4,60.0
33,56,31,4,4,4,60.0
94,93,63,4,3,3,60.0
33,57,35,4,4,3,60.0
33,68,67,4,4,2,60.0
94,90,67,4,3,3,60.0
33,82,46,4,4,4,60.0
33,84,71,4,4,4,60.0
33,94,75,4,4,3,60.0
94,85,71,4,3,3,60.0
94,83,32,4,3,3,60.0
34,31,52,4,3,3,60.0
34,35,36,4,3,4,60.0
34,60,25,4,3,3,60.0
34,68,62,4,4,2,60.0
34,72,29,4,4,3,60.0
35,4,76,4,3,4,60.0
94,82,36,4,3,4,60.0
35,5,8,4,4,4,60.0
35,10,62,4,3,4,60.0
94,81,8,4,4,3,60.0
94,60,71,4,4,2,60.0
35,27,23,4,4,4,60.0
35,43,56,4,4,3,60.0
35,46,41,4,4,3,60.0
35,49,12,4,4,3,60.0
35,52,31,4,4,3,60.0
35,55,48,4,4,3,60.0
35,57,52,4,4,2,60.0
94,59,61,4,4,3,60.0
35,62,60,4,4,3,60.0
35,69,64,4,4,3,60.0
94,56,4,4,4,4,60.0
94,55,52,4,4,3,60.0
35,70,68,4,4,3,60.0
35,74,0,4,4,3,60.0
94,49,56,4,4,3,60.0
35,80,4,4,4,3,60.0
35,84,16,4,4,4,60.0
35,86,72,4,4,3,60.0
35,90,76,4,4,4,60.0
36,5,70,4,3,4,60.0
36,6,36,4,3,2,60.0
36,26,40,4,3,4,60.0
94,43,12,4,4,4,60.0
36,46,44,4,3,4,60.0
36,50,48,4,3,3,60.0
36,69,49,4,4,3,60.0
36,72,40,4,4,3,60.0
94,42,67,4,4,3,60.0
36,81,12,4,4,3,60.0
36,82,0,4,4,4,60.0
36,88,29,4,4,2,60.0
37,5,29,4,4,4,60.0
94,39,76,4,4,2,60.0
37,12,59,4,3,3,60.0
94,38,16,4,4,4,60.0
94,32,22,4,4,2,60.0
37,23,50,4,3,4,60.0
37,36,69,4,3,4,60.0
37,40,69,4,4,3,60.0
37,51,73,4,4,3,60.0
37,56,58,4,4,3,60.0
37,58,37,4,4,3,60.0
37,63,51,4,4,2,60.0
37,70,12,4,4,3,60.0
94,27,31,4,4,4,60.0
37,71,8,4,4,3,60.0
37,72,44,4,4,3,60.0
94,23,35,4,4,4,60.0
37,74,4,4,4,3,60.0
37,77,16,4,4,3,60.0
37,80,20,4,4,3,60.0
94,16,39,4,4,3,60.0
37,81,24,4,4,3,60.0
37,86,33,4,4,3,60.0
37,90,62,4,4,4,60.0
38,7,37,4,4,4,60.0
38,26,26,4,4,4,60.0
38,47,53,4,4,3,60.0
38,52,57,4,4,3,60.0
38,57,30,4,4,3,60.0
38,59,72,4,4,3,60.0
38,60,8,4,4,3,60.0
38,61,61,4,4,3,60.0
38,66,65,4,4,3,60.0
38,68,41,4,4,3,60.0
38,80,76,4,4,3,60.0
39,12,58,4,2,4,60.0
39,50,61,4,3,3,60.0
39,66,30,4,3,3,60.0
39,68,0,4,3,3,60.0
93,95,38,4,3,4,60.0
40,15,76,4,3,4,60.0
40,22,27,4,4,4,60.0
93,92,25,4,3,4,60.0
40,50,65,4,4,3,60.0
40,67,20,4,4,3,60.0
40,76,4,4,4,3,60.0
40,81,16,4,4,3,60.0
41,4,56,4,3,3,60.0
93,87,54,4,3,3,60.0
41,5,33,4,4,4,60.0
93,84,76,4,3,4,60.0
93,83,16,4,4,3,60.0
41,24,52,4,3,3,60.0
93,80,0,4,4,3,60.0
93,77,4,4,4,3,60.0
41,32,71,4,3,2,60.0
41,50,69,4,4,3,60.0
41,52,48,4,4,3,60.0
93,70,20,4,4,3,60.0
41,62,26,4,4,3,60.0
41,66,37,4,4,3,60.0
41,72,57,4,4,3,60.0
41,73,44,4,4,3,60.0
93,68,12,4,4,3,60.0
93,65,24,4,4,4,60.0
41,77,0,4,4,3,60.0
41,79,61,4,4,3,60.0
41,80,8,4,4,3,60.0
41,81,20,4,4,3,60.0
42,4,4,4,4,4,60.0
93,58,48,4,4,3,60.0
93,55,56,4,4,3,60.0
42,10,75,4,3,4,60.0
93,54,67,4,4,3,60.0
42,12,18,4,4,3,60.0
93,52,35,4,4,3,60.0
93,50,76,4,4,3,60.0
42,18,56,4,4,3,60.0
42,27,44,4,4,4,60.0
42,31,0,4,4,3,60.0
42,34,8,4,4,4,60.0
93,42,28,4,4,4,60.0
42,39,22,4,4,3,60.0
42,41,12,4,4,4,60.0
93,40,39,4,4,4,60.0
93,39,43,4,4,3,60.0
42,49,49,4,4,3,60.0
42,60,32,4,4,3,60.0
42,61,36,4,4,3,60.0
42,67,60,4,4,3,60.0
42,78,67,4,4,3,60.0
93,26,52,4,4,4,60.0
93,16,60,4,4,3,60.0
42,79,40,4,4,4,60.0
42,81,71,4,4,3,60.0
42,88,76,4,4,2,60.0
92,88,33,4,4,2,60.0
43,12,4,4,4,4,60.0
43,17,16,4,4,3,60.0
43,26,20,4,4,4,60.0
43,29,51,4,4,3,60.0
43,39,8,4,4,3,60.0
43,46,55,4,4,3,60.0
43,56,35,4,4,4,60.0
43,58,59,4,4,3,60.0
92,80,16,4,4,3,60.0
43,67,28,4,4,3,60.0
92,75,0,4,4,4,60.0
43,68,45,4,4,3,60.0
43,81,63,4,4,3,60.0
92,71,29,4,4,3,60.0
92,70,42,4,4,3,60.0
43,82,40,4,4,4,60.0
92,69,53,4,4,3,60.0
43,84,70,4,4,3,60.0
44,4,40,4,3,4,60.0
44,26,44,4,3,4,60.0
44,40,48,4,3,4,60.0
44,52,65,4,3,4,60.0
44,55,60,4,4,3,60.0
44,60,0,4,4,3,60.0
44,65,71,4,4,3,60.0
44,66,46,4,4,3,60.0
92,60,20,4,4,3,60.0
44,68,4,4,4,3,60.0
44,90,8,4,4,4,60.0
44,97,20,4,4,4,60.0
45,4,51,4,3,4,60.0
45,7,75,4,4,4,60.0
45,18,55,4,3,4,60.0
92,58,63,4,4,3,60.0
45,19,27,4,4,3,60.0
45,22,70,4,4,4,60.0
45,26,0,4,4,4,60.0
45,31,8,4,4,3,60.0
45,32,4,4,4,2,60.0
45,39,34,4,4,3,60.0
45,41,52,4,4,4,60.0
45,44,12,4,4,4,60.0
45,49,60,4,4,3,60.0
92,50,8,4,4,4,60.0
45,54,45,4,4,3,60.0
45,59,16,4,4,4,60.0
45,60,38,4,4,3,60.0
92,41,73,4,4,4,60.0
45,62,64,4,4,3,60.0
45,72,20,4,4,4,60.0
45,75,56,4,4,4,60.0
46,4,70,4,3,4,60.0
46,16,75,4,3,3,60.0
92,36,57,4,4,4,60.0
46,18,62,4,3,4,60.0
46,40,0,4,4,4,60.0
46,47,66,4,3,4,60.0
46,54,71,4,4,3,60.0
46,56,8,4,4,4,60.0
46,57,56,4,4,2,60.0
46,67,36,4,4,3,60.0
46,68,16,4,4,3,60.0
46,72,48,4,4,3,60.0
92,32,46,4,4,2,60.0
46,76,12,4,4,3,60.0
46,78,75,4,4,3,60.0
46,89,60,4,4,3,60.0
92,24,67,4,4,3,60.0
46,98,31,4,4,4,60.0
47,1,4,4,4,3,60.0
91,95,65,4,4,4,60.0
47,26,12,4,4,4,60.0
47,29,61,4,4,3,60.0
91,82,71,4,3,4,60.0
47,32,26,4,4,2,60.0
91,77,12,4,4,3,60.0
47,39,47,4,4,3,60.0
47,44,16,4,4,4,60.0
47,52,52,4,4,3,60.0
47,53,42,4,4,3,60.0
47,56,20,4,4,4,60.0
47,71,33,4,4,3,60.0
47,73,56,4,4,3,60.0
47,74,8,4,4,3,60.0
91,75,16,4,4,4,60.0
47,78,37,4,4,4,60.0
91,54,0,4,4,4,60.0
48,20,0,4,4,2,60.0
48,32,31,4,4,2,60.0
48,46,4,4,4,4,60.0
48,56,16,4,4,4,60.0
48,59,76,4,4,3,60.0
48,68,20,4,4,3,60.0
48,69,57,4,4,3,60.0
91,19,58,4,4,3,60.0
48,73,35,4,4,3,60.0
48,80,39,4,4,3,60.0
91,18,20,4,4,4,60.0
49,1,8,4,3,3,60.0
49,50,70,4,3,4,60.0
49,76,74,4,3,3,60.0
49,84,52,4,4,3,60.0
49,86,4,4,4,3,60.0
49,95,74,4,4,4,60.0
49,97,31,4,4,4,60.0
50,16,30,4,4,3,60.0
50,19,75,4,4,3,60.0
50,21,23,4,4,4,60.0
50,40,12,4,4,4,60.0
50,41,4,4,4,4,60.0
50,44,34,4,4,4,60.0
50,46,40,4,4,4,60.0
50,49,0,4,4,4,60.0
50,65,16,4,4,4,60.0
50,69,44,4,4,4,60.0
50,70,52,4,4,3,60.0
50,71,48,4,4,3,60.0
91,17,28,4,4,3,60.0
50,74,56,4,4,3,60.0
50,78,60,4,4,4,60.0
50,84,64,4,4,4,60.0
51,24,0,4,4,3,60.0
51,26,16,4,4,4,60.0
51,39,4,4,4,3,60.0
51,48,43,4,4,4,60.0
51,53,57,4,4,3,60.0
51,54,8,4,4,4,60.0
51,60,12,4,4,3,60.0
51,62,30,4,4,3,60.0
51,84,61,4,4,3,60.0
51,97,35,4,4,4,60.0
52,1,73,4,3,3,60.0
52,12,0,4,4,4,60.0
52,20,14,4,4,2,60.0
52,22,74,4,4,4,60.0
52,23,8,4,4,4,60.0
90,94,0,4,4,4,60.0
52,26,30,4,4,4,60.0
52,36,4,4,4,4,60.0
90,91,40,4,4,4,60.0
90,89,18,4,4,3,60.0
52,39,26,4,4,3,60.0
90,88,44,4,4,2,60.0
52,49,18,4,4,4,60.0
52,51,22,4,4,4,60.0
52,53,69,4,4,3,60.0
52,58,52,4,4,3,60.0
90,84,4,4,4,4,60.0
52,66,56,4,4,3,60.0
52,68,34,4,4,3,60.0
90,82,12,4,4,4,60.0
90,80,24,4,4,3,60.0
52,76,38,4,4,3,60.0
90,75,28,4,4,4,60.0
90,64,66,4,4,3,60.0
52,86,42,4,4,3,60.0
52,94,46,4,4,4,60.0
90,59,32,4,4,4,60.0
53,17,61,4,3,3,60.0
53,51,65,4,3,4,60.0
90,48,48,4,4,4,60.0
90,46,52,4,4,4,60.0
53,68,73,4,3,3,60.0
53,69,68,4,4,3,60.0
53,70,24,4,4,3,60.0
53,71,37,4,4,3,60.0
53,97,47,4,4,4,60.0
54,4,12,4,4,4,60.0
90,44,56,4,4,4,60.0
54,12,16,4,4,4,60.0
54,24,4,4,4,3,60.0
54,39,51,4,4,3,60.0
54,41,65,4,4,4,60.0
54,48,61,4,4,4,60.0
54,53,20,4,4,4,60.0
54,57,24,4,4,3,60.0
54,67,69,4,4,3,60.0
54,69,73,4,4,3,60.0
54,74,29,4,4,3,60.0
54,80,43,4,4,3,60.0
54,83,47,4,4,3,60.0
55,1,64,4,3,3,60.0
55,12,68,4,3,4,60.0
55,16,34,4,4,3,60.0
55,17,4,4,4,3,60.0
55,23,39,4,4,4,60.0
55,24,8,4,4,3,60.0
55,29,76,4,4,3,60.0
55,31,12,4,4,3,60.0
55,32,56,4,4,2,60.0
55,39,65,4,4,3,60.0
55,59,0,4,4,4,60.0
55,60,16,4,4,3,60.0
55,64,25,4,4,3,60.0
55,66,60,4,4,3,60.0
55,70,29,4,4,3,60.0
90,23,70,4,4,4,60.0
55,78,71,4,4,3,60.0
55,79,50,4,4,3,60.0
56,1,39,4,4,3,60.0
56,18,73,4,4,3,60.0
89,98,64,4,3,4,60.0
89,83,56,4,3,4,60.0
89,75,68,4,3,4,60.0
89,72,61,4,4,3,60.0
89,70,33,4,4,3,60.0
56,62,43,4,4,3,60.0
56,66,69,4,4,3,60.0
89,53,0,4,4,4,60.0
58,4,8,4,4,4,60.0
58,6,67,4,3,3,60.0
58,15,66,4,4,4,60.0
58,16,43,4,4,3,60.0
89,49,8,4,4,4,60.0
88,76,48,4,2,3,60.0
58,39,55,4,4,3,60.0
58,48,70,4,4,4,60.0
88,67,64,4,2,3,60.0
58,60,4,4,4,3,60.0
58,70,37,4,4,3,60.0
58,71,23,4,4,3,60.0
58,73,48,4,4,3,60.0
88,49,37,4,2,4,60.0
58,76,16,4,4,3,60.0
58,80,12,4,4,3,60.0
88,31,56,4,2,3,60.0
58,85,27,4,4,3,60.0
58,88,60,4,4,2,60.0
59,6,40,4,4,2,60.0
59,16,4,4,4,4,60.0
87,85,62,4,2,3,60.0
59,21,36,4,4,4,60.0
87,78,5,4,2,4,60.0
59,57,12,4,4,3,60.0
59,69,8,4,4,4,60.0
59,77,20,4,4,3,60.0
59,81,28,4,4,3,60.0
59,88,52,4,4,2,60.0
60,1,47,4,3,3,60.0
86,81,46,4,3,3,60.0
60,26,56,4,3,4,60.0
86,65,12,4,3,4,60.0
60,34,42,4,3,4,60.0
60,48,52,4,3,4,60.0
60,78,64,4,3,4,60.0
60,86,60,4,3,3,60.0
86,61,24,4,3,3,60.0
60,89,68,4,3,4,60.0
86,53,8,4,3,4,60.0
60,98,76,4,3,4,60.0
86,46,64,4,3,4,60.0
61,1,52,4,3,3,60.0
61,4,30,4,3,4,60.0
61,6,56,4,3,2,60.0
61,18,5,4,3,4,60.0
61,24,71,4,3,3,60.0
61,26,65,4,3,4,60.0
61,44,75,4,3,4,60.0
86,34,50,4,3,4,60.0
61,48,65,4,4,4,60.0
86,21,54,4,3,4,60.0
61,55,20,4,4,4,60.0
61,60,72,4,4,3,60.0
61,67,48,4,4,3,60.0
85,98,45,4,4,4,60.0
61,68,8,4,4,3,60.0
61,72,76,4,4,3,60.0
61,75,4,4,4,4,60.0
61,79,0,4,4,4,60.0
61,84,12,4,4,4,60.0
61,87,26,4,4,2,60.0
62,74,34,4,3,3,60.0
64,6,37,4,3,3,60.0
64,26,70,4,3,4,60.0
64,34,0,4,4,4,60.0
85,80,75,4,3,4,60.0
64,62,38,4,4,3,60.0
64,83,9,4,4,4,60.0
64,87,56,4,4,2,60.0
64,88,68,4,4,2,60.0
64,94,26,4,4,4,60.0
65,4,44,4,4,4,60.0
65,16,0,4,4,4,60.0
65,24,20,4,4,3,60.0
85,78,0,4,4,4,60.0
85,73,25,4,4,3,60.0
65,29,4,4,4,4,60.0
65,31,29,4,4,3,60.0
65,32,60,4,4,2,60.0
85,69,4,4,4,4,60.0
65,34,33,4,4,4,60.0
85,60,8,4,4,4,60.0
65,56,48,4,4,4,60.0
65,59,56,4,4,4,60.0
85,59,60,4,4,4,60.0
65,62,68,4,4,3,60.0
85,58,31,4,4,4,60.0
85,57,16,4,4,3,60.0
65,66,73,4,4,3,60.0
65,69,37,4,4,4,60.0
65,72,64,4,4,4,60.0
65,75,52,4,4,4,60.0
66,4,16,4,4,4,60.0
85,54,55,4,4,4,60.0
66,18,0,4,4,4,60.0
85,53,12,4,4,4,60.0
66,21,31,4,4,4,60.0
66,29,8,4,4,4,60.0
66,36,20,4,4,4,60.0
66,57,4,4,4,3,60.0
66,59,24,4,4,4,60.0
66,61,35,4,4,4,60.0
85,49,41,4,4,4,60.0
66,69,12,4,4,4,60.0
85,46,20,4,4,4,60.0
85,44,50,4,4,4,60.0
66,74,39,4,4,3,60.0
85,40,35,4,4,4,60.0
85,39,69,4,4,3,60.0
85,32,64,4,4,2,60.0
67,4,55,4,4,4,60.0
85,31,73,4,4,3,60.0
67,12,73,4,3,4,60.0
67,19,0,4,4,4,60.0
67,23,62,4,4,4,60.0
67,26,48,4,4,4,60.0
67,31,16,4,4,3,60.0
67,44,24,4,4,4,60.0
67,60,4,4,4,4,60.0
67,69,20,4,4,4,60.0
67,74,66,4,4,3,60.0
67,75,8,4,4,4,60.0
67,76,28,4,4,3,60.0
67,80,32,4,4,3,60.0
67,81,12,4,4,4,60.0
67,86,76,4,4,3,60.0
67,89,37,4,4,4,60.0
68,29,24,4,3,4,60.0
68,34,54,4,3,4,60.0
84,87,0,4,4,3,60.0
69,24,16,4,4,3,60.0
84,76,8,4,4,3,60.0
69,32,75,4,4,2,60.0
84,74,20,4,4,3,60.0
69,40,31,4,4,4,60.0
84,70,56,4,4,3,60.0
84,64,30,4,4,4,60.0
69,58,0,4,4,4,60.0
69,64,52,4,4,4,60.0
69,75,24,4,4,4,60.0
84,63,40,4,4,2,60.0
70,12,62,4,3,4,60.0
70,20,72,4,3,2,60.0
84,59,44,4,4,4,60.0
70,31,76,4,3,4,60.0
84,53,51,4,4,4,60.0
70,49,12,4,4,4,60.0
84,51,26,4,4,4,60.0
70,53,4,4,4,4,60.0
70,59,48,4,4,4,60.0
70,63,65,4,4,2,60.0
84,40,60,4,4,4,60.0
70,64,16,4,4,4,60.0
70,67,41,4,4,4,60.0
70,68,28,4,4,3,60.0
70,71,52,4,4,3,60.0
70,72,69,4,4,3,60.0
84,29,34,4,4,4,60.0
70,74,60,4,4,3,60.0
70,79,8,4,4,4,60.0
70,80,56,4,4,3,60.0
70,81,0,4,4,4,60.0
70,82,24,4,4,4,60.0
71,12,8,4,4,4,60.0
71,29,56,4,3,4,60.0
71,39,73,4,3,3,60.0
71,53,60,4,3,4,60.0
71,60,64,4,3,4,60.0
71,62,68,4,3,4,60.0
71,67,70,4,4,4,60.0
71,76,20,4,4,3,60.0
71,86,0,4,4,4,60.0
71,88,4,4,4,3,60.0
83,89,4,4,4,4,60.0
72,1,65,4,3,4,60.0
72,21,44,4,4,4,60.0
72,32,0,4,4,3,60.0
72,36,8,4,4,4,60.0
72,56,55,4,4,4,60.0
83,81,6,4,3,4,60.0
72,64,34,4,4,4,60.0
83,80,40,4,3,4,60.0
83,75,20,4,4,4,60.0
83,71,13,4,4,4,60.0
72,68,59,4,4,3,60.0
83,70,32,4,4,4,60.0
72,69,68,4,4,4,60.0
72,86,4,4,4,4,60.0
83,64,42,4,4,4,60.0
72,87,72,4,4,2,60.0
83,62,47,4,4,3,60.0
83,60,0,4,4,4,60.0
83,57,51,4,4,3,60.0
73,21,60,4,3,4,60.0
73,23,66,4,3,4,60.0
73,24,75,4,3,3,60.0
73,39,52,4,3,4,60.0
83,49,24,4,4,4,60.0
73,66,70,4,3,4,60.0
73,75,12,4,4,4,60.0
74,36,16,4,4,4,60.0
83,44,28,4,4,4,60.0
74,44,38,4,4,4,60.0
74,49,45,4,4,4,60.0
74,79,49,4,3,4,60.0
75,5,74,4,4,4,60.0
75,12,40,4,4,4,60.0
75,62,44,4,4,4,60.0
75,78,48,4,4,4,60.0
75,86,64,4,4,4,60.0
76,24,24,4,3,3,60.0
83,34,37,4,4,4,60.0
76,34,58,4,3,4,60.0
76,55,43,4,3,4,60.0
76,63,52,4,3,3,60.0
76,72,12,4,4,4,60.0
78,26,74,4,4,4,60.0
83,21,64,4,4,4,60.0
83,17,68,4,4,3,60.0
78,64,20,4,4,4,60.0
78,87,9,4,4,3,60.0
79,6,32,4,4,2,60.0
79,16,12,4,4,4,60.0
79,18,16,4,4,4,60.0
79,19,4,4,4,4,60.0
82,74,4,4,4,4,60.0
82,73,8,4,4,4,60.0
82,70,75,4,4,4,60.0
82,62,16,4,4,4,60.0
79,29,20,4,4,4,60.0
79,34,24,4,4,4,60.0
79,40,44,4,4,4,60.0
79,44,64,4,4,4,60.0
79,51,53,4,4,4,60.0
79,63,28,4,4,3,60.0
79,64,60,4,4,4,60.0
82,23,54,4,4,4,60.0
79,76,68,4,4,3,60.0
79,88,36,4,4,3,60.0
80,1,60,4,3,3,60.0
80,16,28,4,3,4,60.0
80,20,47,4,3,2,60.0
80,26,60,4,4,4,60.0
80,29,51,4,3,4,60.0
80,49,64,4,3,4,60.0
80,59,64,4,4,4,60.0
80,68,49,4,4,3,60.0
80,69,56,4,4,4,60.0
80,70,20,4,4,4,60.0
80,71,24,4,4,4,60.0
80,72,16,4,4,4,60.0
80,73,0,4,4,4,60.0
80,74,8,4,4,4,60.0
80,78,28,4,4,4,60.0
80,88,12,4,4,3,60.0
80,89,44,4,4,4,60.0
81,6,50,4,3,2,60.0
81,18,24,4,4,4,60.0
81,20,56,4,3,2,60.0
81,21,74,4,4,4,60.0
81,91,44,4,4,4,60.0
81,39,67,4,3,4,60.0
81,40,52,4,4,4,60.0
81,88,16,4,4,3,60.0
81,78,32,4,4,4,60.0
81,49,56,4,4,4,60.0
81,51,39,4,4,4,60.0
81,76,62,4,4,3,60.0
81,59,68,4,4,4,60.0
81,73,20,4,4,4,60.0
81,69,48,4,4,4,60.0
81,63,28,4,4,4,60.0
