src,dst,spec,slots_used,core_src,core_dst,cores_used,tfk_slot
27,25,0,20,0,0,1,468.0
67,27,20,20,0,0,1,466.0
4,68,75,5,0,0,1,76.0
28,95,0,20,0,0,1,462.0
42,27,40,19,0,0,1,440.0
64,9,0,8,0,0,1,174.0
55,38,0,8,0,0,1,174.0
32,21,0,8,0,0,1,174.0
92,6,0,8,0,0,1,172.25
83,79,0,8,0,0,1,172.25
5,12,75,5,0,0,1,76.0
82,63,0,8,0,0,1,172.25
10,16,75,5,0,0,1,76.0
10,25,70,5,0,0,1,76.0
20,46,75,5,0,0,1,76.0
46,90,0,8,0,0,1,172.25
35,26,75,5,0,0,1,76.0
39,25,20,8,0,0,1,172.25
36,16,0,8,0,0,1,172.25
5,38,8,8,0,0,1,172.25
69,15,0,8,0,0,1,170.5
49,72,0,8,0,0,1,170.5
44,9,8,8,0,0,1,170.5
36,62,75,5,0,0,1,76.0
49,22,75,5,0,0,1,76.0
39,70,0,8,0,0,1,170.5
2,81,0,8,0,0,1,170.5
39,67,8,8,0,0,1,168.75
34,0,0,8,0,0,1,168.75
53,69,75,5,0,0,1,76.0
16,0,8,8,0,0,1,168.75
89,49,8,8,0,0,1,167.0
70,42,8,8,0,0,1,167.0
54,94,75,5,0,0,1,76.0
28,44,20,8,0,0,1,167.0
16,95,20,8,0,0,1,167.0
59,96,75,5,0,0,1,76.0
62,14,70,5,0,0,1,76.0
16,17,28,8,0,0,1,167.0
75,95,28,8,0,0,1,165.25
75,40,0,8,0,0,1,165.25
64,32,75,5,0,0,1,76.0
73,85,0,8,0,0,1,165.25
71,13,0,8,0,0,1,165.25
65,51,75,5,0,0,1,76.0
63,87,8,8,0,0,1,165.25
65,67,70,5,0,0,1,76.0
60,37,0,8,0,0,1,165.25
66,83,75,5,0,0,1,76.0
53,87,0,8,0,0,1,165.25
37,95,36,8,0,0,1,165.25
34,6,8,8,0,0,1,165.25
18,84,0,8,0,0,1,165.25
71,62,65,5,0,0,1,76.0
66,34,16,8,0,0,1,163.5
62,34,24,8,0,0,1,163.5
34,99,32,8,0,0,1,163.5
95,87,44,8,0,0,1,161.75
74,54,70,5,0,0,1,76.0
82,6,16,8,0,0,1,161.75
79,69,70,5,0,0,1,76.0
76,87,16,8,0,0,1,161.75
80,4,70,5,0,0,1,76.0
50,27,59,8,0,0,1,161.75
42,87,24,8,0,0,1,161.75
38,47,16,8,0,0,1,161.75
94,52,70,5,0,0,1,76.0
23,21,8,8,0,0,1,161.75
3,82,75,5,0,0,1,77.75
21,13,16,8,0,0,1,161.75
93,21,24,8,0,0,1,160.0
84,44,28,8,0,0,1,160.0
81,79,8,8,0,0,1,160.0
70,37,16,8,0,0,1,160.0
64,13,8,8,0,0,1,160.0
17,13,36,8,0,0,1,160.0
8,52,75,5,0,0,1,77.75
88,13,24,8,0,0,1,158.25
79,3,16,8,0,0,1,158.25
9,50,75,5,0,0,1,77.75
34,31,40,8,0,0,1,158.25
16,94,65,5,0,0,1,77.75
31,13,48,8,0,0,1,158.25
13,16,56,8,0,0,1,158.25
6,77,24,8,0,0,1,158.25
17,52,65,5,0,0,1,77.75
98,79,24,8,0,0,1,156.5
89,97,0,8,0,0,1,156.5
70,13,64,8,0,0,1,156.5
68,90,8,8,0,0,1,156.5
49,75,16,8,0,0,1,156.5
45,79,32,8,0,0,1,156.5
41,91,0,8,0,0,1,156.5
37,35,8,8,0,0,1,156.5
31,55,75,5,0,0,1,77.75
17,78,0,8,0,0,1,156.5
31,79,65,5,0,0,1,77.75
14,82,8,8,0,0,1,156.5
88,38,32,8,0,0,1,154.75
40,48,75,5,0,0,1,77.75
77,97,8,8,0,0,1,154.75
70,27,72,8,0,0,1,154.75
44,80,75,5,0,0,1,77.75
46,80,65,5,0,0,1,77.75
67,37,44,8,0,0,1,154.75
49,52,60,5,0,0,1,77.75
48,13,0,8,0,1,1,154.75
35,49,24,8,0,0,1,154.75
51,55,70,5,0,0,1,77.75
28,71,28,8,0,0,1,154.75
27,54,0,8,1,0,1,154.75
58,66,70,5,0,0,1,77.75
59,56,70,5,0,0,1,77.75
26,38,24,8,0,0,1,154.75
22,38,40,8,0,0,1,154.75
21,89,32,8,0,0,1,154.75
17,42,16,8,0,0,1,154.75
11,34,48,8,0,0,1,154.75
59,66,65,5,0,0,1,77.75
2,76,8,8,0,0,1,154.75
63,95,75,5,0,0,1,77.75
67,28,75,5,0,0,1,77.75
91,27,8,8,0,1,1,153.0
89,16,40,8,0,0,1,153.0
85,34,56,8,0,0,1,153.0
85,16,48,8,0,0,1,153.0
82,34,64,8,0,0,1,153.0
74,20,65,5,0,0,1,77.75
75,25,75,5,0,0,1,77.75
76,5,70,5,0,0,1,77.75
80,13,8,8,0,1,1,153.0
75,84,8,8,0,0,1,153.0
79,30,75,5,0,0,1,77.75
72,97,16,8,0,0,1,153.0
71,27,16,8,0,1,1,153.0
81,75,70,5,0,0,1,77.75
83,40,70,5,0,0,1,77.75
53,42,32,8,0,0,1,153.0
44,79,40,8,0,0,1,153.0
39,16,28,8,0,1,1,153.0
38,48,48,8,0,0,1,153.0
35,9,16,8,0,0,1,153.0
28,69,36,8,0,0,1,153.0
8,27,24,8,0,1,1,153.0
85,5,65,5,0,0,1,77.75
1,36,70,5,0,0,1,79.5
3,33,70,5,0,0,1,79.5
3,92,65,5,0,0,1,79.5
7,13,72,8,0,0,1,153.0
3,37,24,8,0,0,1,153.0
4,39,65,5,0,0,1,79.5
1,13,16,8,0,1,1,153.0
90,92,16,8,0,0,1,151.25
77,92,32,8,0,0,1,151.25
57,92,8,8,0,0,1,151.25
44,49,48,8,0,0,1,151.25
32,38,56,8,0,0,1,151.25
27,72,32,8,1,0,1,151.25
8,25,65,5,0,0,1,79.5
26,16,0,8,0,1,1,151.25
25,41,28,8,0,0,1,151.25
23,37,52,8,0,0,1,151.25
13,64,24,8,1,0,1,151.25
11,5,60,5,0,0,1,79.5
1,27,40,8,0,1,1,151.25
97,48,24,7,0,0,1,149.5
95,41,52,7,0,0,1,149.5
93,98,0,7,0,0,1,149.5
91,69,16,7,0,0,1,149.5
88,63,16,7,0,0,1,149.5
84,86,16,7,0,0,1,149.5
81,70,24,7,0,0,1,149.5
79,90,48,7,0,0,1,149.5
15,86,75,5,0,0,1,79.5
77,85,16,7,0,0,1,149.5
77,24,0,7,0,0,1,149.5
22,49,70,5,0,0,1,79.5
26,39,70,5,0,0,1,79.5
76,85,24,7,0,0,1,149.5
75,33,36,7,0,0,1,149.5
73,93,8,7,0,0,1,149.5
72,95,59,7,0,0,1,149.5
30,40,65,5,0,0,1,79.5
30,46,70,5,0,0,1,79.5
30,93,60,5,0,0,1,79.5
72,65,8,7,0,0,1,149.5
32,14,65,5,0,0,1,79.5
71,37,70,7,0,0,1,149.5
69,96,8,7,0,0,1,149.5
46,92,60,5,0,0,1,79.5
48,38,70,5,0,0,1,79.5
68,87,32,7,0,0,1,149.5
50,46,54,5,0,0,1,79.5
52,94,55,5,0,0,1,79.5
58,39,75,5,0,0,1,79.5
69,28,65,5,0,0,1,79.5
82,52,50,5,0,0,1,79.5
65,27,48,7,0,1,1,149.5
99,67,65,5,0,0,1,79.5
64,72,40,7,0,0,1,149.5
62,67,0,7,0,0,1,149.5
62,27,55,7,0,1,1,149.5
0,88,75,5,0,0,1,81.25
58,82,24,7,0,0,1,149.5
55,90,24,7,0,0,1,149.5
53,38,8,7,0,1,1,149.5
51,9,24,7,0,0,1,149.5
50,78,8,7,0,0,1,149.5
50,40,15,7,0,0,1,149.5
2,45,75,5,0,0,1,81.25
4,1,60,5,0,0,1,81.25
49,58,32,7,0,0,1,149.5
48,84,36,7,0,0,1,149.5
9,60,70,5,0,0,1,81.25
46,87,8,7,0,1,1,149.5
43,62,7,7,0,0,1,149.5
12,95,70,5,0,0,1,81.25
42,96,0,7,0,0,1,149.5
19,39,60,5,0,0,1,81.25
41,6,36,7,0,0,1,149.5
36,79,55,7,0,0,1,149.5
36,75,43,7,0,0,1,149.5
33,81,16,7,0,0,1,149.5
32,87,15,7,0,1,1,149.5
32,18,70,5,0,0,1,81.25
31,49,0,7,0,1,1,149.5
30,90,31,7,0,0,1,149.5
23,63,23,7,0,0,1,149.5
23,25,36,7,0,0,1,149.5
19,13,32,7,0,1,1,149.5
18,53,15,7,0,0,1,149.5
18,9,31,7,0,0,1,149.5
18,2,22,7,0,0,1,149.5
17,90,55,7,0,0,1,149.5
17,75,8,7,0,1,1,149.5
17,43,44,7,0,0,1,149.5
15,44,56,7,0,0,1,149.5
11,72,24,7,0,0,1,149.5
10,28,44,7,0,0,1,149.5
6,64,47,7,0,0,1,149.5
35,6,70,5,0,0,1,81.25
38,79,75,5,0,1,1,81.25
40,90,43,5,0,0,1,81.25
43,32,51,5,0,0,1,81.25
2,99,40,7,0,0,1,149.5
2,80,29,7,0,0,1,149.5
1,35,0,7,0,0,1,149.5
1,34,7,7,0,1,1,149.5
0,82,31,7,0,0,1,149.5
98,49,39,7,0,0,1,147.75
51,32,46,5,0,0,1,81.25
98,20,7,7,0,0,1,147.75
97,78,31,7,0,0,1,147.75
97,77,40,7,0,0,1,147.75
93,29,15,7,0,0,1,147.75
53,58,65,5,0,0,1,81.25
54,48,65,5,0,0,1,81.25
91,65,23,7,0,0,1,147.75
91,2,47,7,0,0,1,147.75
87,53,52,7,0,0,1,147.75
58,33,60,5,0,0,1,81.25
84,38,43,7,0,1,1,147.75
82,85,38,7,0,0,1,147.75
82,20,55,7,0,0,1,147.75
81,90,62,7,0,0,1,147.75
78,4,15,7,0,0,1,147.75
77,7,47,7,0,0,1,147.75
73,79,15,7,0,1,1,147.75
73,76,31,7,0,0,1,147.75
72,55,47,7,0,0,1,147.75
61,65,65,5,0,0,1,81.25
71,38,36,7,0,1,1,147.75
71,16,8,7,0,1,1,147.75
61,76,75,5,0,0,1,81.25
68,3,0,7,0,0,1,147.75
67,97,52,7,0,0,1,147.75
62,47,50,5,0,0,1,81.25
64,90,70,5,0,0,1,81.25
67,89,16,7,1,0,1,147.75
68,6,65,5,0,0,1,81.25
73,29,75,5,0,0,1,81.25
65,37,0,7,0,1,1,147.75
64,85,16,7,0,1,1,147.75
64,49,32,7,0,1,1,147.75
63,25,43,7,0,0,1,147.75
75,20,50,5,0,0,1,81.25
59,43,0,7,0,0,1,147.75
57,93,32,7,0,0,1,147.75
76,48,60,5,0,0,1,81.25
56,78,22,7,0,0,1,147.75
52,70,31,7,0,0,1,147.75
52,6,0,7,0,1,1,147.75
51,89,51,7,0,0,1,147.75
50,63,30,7,0,0,1,147.75
50,28,0,7,0,1,1,147.75
48,6,8,7,0,1,1,147.75
78,80,60,5,0,0,1,81.25
47,35,32,7,0,0,1,147.75
81,67,75,5,0,1,1,81.25
83,84,65,5,0,0,1,81.25
43,36,14,7,0,0,1,147.75
43,34,72,7,0,0,1,147.75
40,80,22,7,0,0,1,147.75
40,18,8,7,0,0,1,147.75
35,29,39,7,0,0,1,147.75
31,21,56,7,0,0,1,147.75
87,72,75,5,0,0,1,81.25
23,75,60,7,0,0,1,147.75
20,27,0,7,0,2,1,147.75
19,43,21,7,0,0,1,147.75
18,64,54,7,0,0,1,147.75
94,5,50,5,0,0,1,81.25
17,33,70,7,0,1,1,147.75
15,26,8,7,0,0,1,147.75
11,78,38,7,0,0,1,147.75
11,49,7,7,0,1,1,147.75
7,34,0,7,0,1,1,147.75
1,70,55,5,0,0,1,83.0
5,93,39,7,0,0,1,147.75
5,69,23,7,0,0,1,147.75
4,7,55,5,0,0,1,83.0
98,0,16,7,0,0,1,146.0
97,55,59,7,0,0,1,146.0
97,11,66,7,0,0,1,146.0
96,97,15,7,0,1,1,146.0
95,15,15,7,1,0,1,146.0
7,55,42,5,0,0,1,83.0
92,96,24,7,0,0,1,146.0
11,22,33,5,0,0,1,83.0
90,44,0,7,1,0,1,146.0
83,34,14,7,0,1,1,146.0
83,2,54,7,0,0,1,146.0
80,34,36,7,0,1,1,146.0
80,15,43,7,0,0,1,146.0
78,56,45,7,0,0,1,146.0
77,86,54,7,0,0,1,146.0
77,13,61,7,0,1,1,146.0
76,73,38,7,0,0,1,146.0
75,87,59,7,1,0,1,146.0
74,87,0,7,0,1,1,146.0
73,11,22,7,0,1,1,146.0
72,78,66,7,0,0,1,146.0
13,4,50,5,1,0,1,83.0
71,92,43,7,0,0,1,146.0
71,82,50,7,0,1,1,146.0
14,81,57,5,0,0,1,83.0
68,91,39,7,0,0,1,146.0
67,99,0,7,1,0,1,146.0
66,38,0,7,0,1,1,146.0
16,22,70,5,0,1,1,83.0
65,24,15,7,0,0,1,146.0
64,75,61,7,0,2,1,146.0
64,38,15,7,1,1,1,146.0
19,21,75,5,0,0,1,83.0
22,37,65,5,0,0,1,83.0
59,25,50,7,0,0,1,146.0
59,13,39,7,0,1,1,146.0
23,40,31,5,0,0,1,83.0
58,67,7,7,0,1,1,146.0
57,25,57,7,0,0,1,146.0
55,6,15,7,0,1,1,146.0
52,25,7,7,0,1,1,146.0
51,82,0,7,0,1,1,146.0
48,33,15,7,0,1,1,146.0
46,89,23,7,0,0,1,146.0
46,24,30,7,0,0,1,146.0
44,81,63,7,0,1,1,146.0
29,7,67,5,0,0,1,83.0
42,16,59,7,0,1,1,146.0
30,66,55,5,0,0,1,83.0
41,25,14,7,0,1,1,146.0
37,18,38,7,1,0,1,146.0
29,95,0,7,0,1,1,146.0
29,72,7,7,0,1,1,146.0
32,98,34,5,0,0,1,83.0
48,10,31,5,0,0,1,83.0
29,38,22,7,0,1,1,146.0
28,40,51,7,0,0,1,146.0
27,20,62,7,1,1,1,146.0
26,33,43,7,0,0,1,146.0
25,63,50,7,1,0,1,146.0
24,6,54,7,0,0,1,146.0
49,83,65,5,0,1,1,83.0
19,63,65,7,0,0,1,146.0
18,93,46,7,0,0,1,146.0
51,64,65,5,0,1,1,83.0
53,46,47,5,0,0,1,83.0
58,26,55,5,0,0,1,83.0
58,72,50,5,0,1,1,83.0
6,33,23,7,1,0,1,146.0
5,65,30,7,0,0,1,146.0
1,25,24,7,0,1,1,146.0
0,77,68,7,0,0,1,146.0
59,74,60,5,0,0,1,83.0
0,45,23,7,0,0,1,146.0
60,67,60,5,0,0,1,83.0
98,9,46,7,0,0,1,144.25
96,78,52,7,0,0,1,144.25
92,50,50,7,0,1,1,144.25
91,42,66,7,0,0,1,144.25
90,85,8,7,1,0,1,144.25
89,3,58,7,0,0,1,144.25
80,72,0,7,0,1,1,144.25
80,35,50,7,0,0,1,144.25
79,46,37,7,1,0,1,144.25
77,29,29,7,1,0,1,144.25
74,70,38,7,0,0,1,144.25
61,29,60,5,0,0,1,83.0
71,21,57,7,0,1,1,144.25
70,21,45,7,0,0,1,144.25
68,75,16,7,0,1,1,144.25
62,79,45,5,0,1,1,83.0
63,49,57,7,0,1,1,144.25
61,85,31,7,0,0,1,144.25
59,15,22,7,0,0,1,144.25
58,13,0,7,0,2,1,144.25
63,55,37,5,0,0,1,83.0
50,84,22,7,0,1,1,144.25
45,44,0,7,0,1,1,144.25
64,10,60,5,1,0,1,83.0
45,39,40,7,0,0,1,144.25
44,29,46,7,1,0,1,144.25
43,31,28,7,0,0,1,144.25
43,18,61,7,0,0,1,144.25
42,20,73,7,0,1,1,144.25
66,45,60,5,0,0,1,83.0
67,62,40,5,1,0,1,83.0
70,5,55,5,1,0,1,83.0
42,8,0,7,1,0,1,144.25
41,73,45,7,0,0,1,144.25
74,62,33,5,0,0,1,83.0
76,70,65,5,0,1,1,83.0
36,97,22,7,0,1,1,144.25
36,43,35,7,0,0,1,144.25
35,94,57,7,0,1,1,144.25
34,86,23,7,1,0,1,144.25
32,41,8,7,0,1,1,144.25
29,89,53,7,0,1,1,144.25
28,96,58,7,0,1,1,144.25
23,85,70,7,0,0,1,144.25
23,6,43,7,0,1,1,144.25
76,88,55,5,0,0,1,83.0
22,85,0,7,0,1,1,144.25
19,73,52,7,0,0,1,144.25
16,57,16,7,1,0,1,144.25
16,39,47,7,1,0,1,144.25
78,45,75,5,0,1,1,83.0
80,12,17,5,0,0,1,83.0
14,50,37,7,0,0,1,144.25
12,75,0,7,0,1,1,144.25
10,79,0,7,0,1,1,144.25
10,67,23,7,0,1,1,144.25
9,24,38,7,0,0,1,144.25
5,85,0,7,0,2,1,144.25
3,97,7,7,0,1,1,144.25
3,2,32,7,0,1,1,144.25
80,25,75,5,1,1,1,83.0
1,73,31,7,0,1,1,144.25
80,61,70,5,1,0,1,83.0
1,49,48,7,0,1,1,144.25
1,39,0,7,1,1,1,144.25
83,94,45,5,0,0,1,83.0
94,1,60,5,0,1,1,83.0
94,15,38,5,0,0,1,83.0
0,93,53,7,0,0,1,144.25
0,68,60,5,0,0,1,84.75
10,2,65,5,0,0,1,84.75
98,84,53,7,0,0,1,142.5
10,53,55,5,0,1,1,84.75
97,68,73,7,0,1,1,142.5
95,21,63,7,1,0,1,142.5
91,58,30,7,0,1,1,142.5
84,65,70,7,0,1,1,142.5
82,70,7,7,1,1,1,142.5
78,87,66,7,1,0,1,142.5
75,78,23,7,1,1,1,142.5
75,39,30,7,1,1,1,142.5
74,17,7,7,0,1,1,142.5
73,19,59,7,0,1,1,142.5
70,29,0,7,1,1,1,142.5
68,18,23,7,0,1,1,142.5
67,38,50,7,1,1,1,142.5
63,14,0,7,1,0,1,142.5
12,32,41,5,0,0,1,84.75
14,77,75,5,0,0,1,84.75
57,95,23,7,0,1,1,142.5
57,18,0,7,0,1,1,142.5
56,42,7,7,0,1,1,142.5
56,16,36,7,0,1,1,142.5
55,33,8,7,0,0,1,142.5
27,5,67,5,0,1,1,84.75
51,33,7,7,0,1,1,142.5
50,93,67,7,0,0,1,142.5
50,21,44,7,0,1,1,142.5
49,13,68,7,1,1,1,142.5
48,87,22,7,1,1,1,142.5
48,43,0,7,1,1,1,142.5
29,67,70,5,1,1,1,84.75
31,9,70,5,0,1,1,84.75
46,11,15,7,0,0,1,142.5
45,95,7,7,0,1,1,142.5
45,92,14,7,0,1,1,142.5
45,87,47,7,0,1,1,142.5
44,7,7,7,1,0,1,142.5
31,14,23,5,0,0,1,84.75
42,79,22,7,1,1,1,142.5
31,84,35,5,0,1,1,84.75
42,59,14,7,1,0,1,142.5
32,47,27,5,0,0,1,84.75
35,20,65,5,0,2,1,84.75
41,42,59,7,0,1,1,142.5
38,78,57,7,1,1,1,142.5
38,37,29,7,1,1,1,142.5
36,18,65,5,0,1,1,84.75
35,53,22,7,1,0,1,142.5
35,50,0,7,1,1,1,142.5
41,88,70,5,0,0,1,84.75
21,94,0,7,1,0,1,142.5
20,79,29,7,0,1,1,142.5
17,45,65,7,1,0,1,142.5
16,45,66,7,1,1,1,142.5
42,92,75,5,1,0,1,84.75
11,35,73,7,0,1,1,142.5
44,95,70,5,0,1,1,84.75
9,88,60,7,0,0,1,142.5
5,82,16,7,0,1,1,142.5
1,87,29,7,1,1,1,142.5
45,46,55,5,0,1,1,84.75
52,1,45,5,0,1,1,84.75
1,72,14,7,1,1,1,142.5
54,38,60,5,0,2,1,84.75
0,35,38,7,0,1,1,142.5
99,2,7,7,0,1,1,140.75
97,40,36,7,1,0,1,140.75
96,84,40,7,0,1,1,140.75
94,73,7,7,0,1,1,140.75
94,16,14,7,0,2,1,140.75
90,79,50,7,1,1,1,140.75
88,90,40,7,0,1,1,140.75
87,80,36,7,1,1,1,140.75
86,25,0,7,0,1,1,140.75
85,96,31,7,1,0,1,140.75
85,63,7,7,1,1,1,140.75
83,42,29,7,0,1,1,140.75
59,9,34,5,0,1,1,84.75
60,77,75,5,0,1,1,84.75
82,71,23,7,1,1,1,140.75
81,87,31,7,0,2,1,140.75
75,69,44,7,1,0,1,140.75
74,37,14,7,0,1,1,140.75
71,87,54,7,1,1,1,140.75
71,25,31,7,1,1,1,140.75
69,0,51,7,0,1,1,140.75
68,0,46,7,0,0,1,140.75
66,28,7,7,0,1,1,140.75
61,88,50,5,0,0,1,84.75
65,14,37,7,0,1,1,140.75
63,24,22,7,1,0,1,140.75
55,82,30,7,1,1,1,140.75
66,79,50,5,0,2,1,84.75
54,34,43,7,0,1,1,140.75
51,92,31,7,0,1,1,140.75
72,79,54,5,0,3,1,84.75
48,49,14,7,1,1,1,140.75
47,17,0,7,0,1,1,140.75
44,97,29,7,1,1,1,140.75
44,17,14,7,1,1,1,140.75
36,89,65,7,1,0,1,140.75
30,92,0,7,0,1,1,140.75
26,92,60,7,0,1,1,140.75
22,21,7,7,0,1,1,140.75
21,23,16,7,1,0,1,140.75
19,87,0,7,0,2,1,140.75
19,85,39,7,0,1,1,140.75
73,81,70,5,0,1,1,84.75
74,14,52,5,0,0,1,84.75
19,33,7,7,0,2,1,140.75
18,7,14,7,1,0,1,140.75
17,5,21,7,1,1,1,140.75
15,16,29,7,0,2,1,140.75
13,58,14,7,2,0,1,140.75
13,41,21,7,2,0,1,140.75
12,84,7,7,0,1,1,140.75
12,37,22,7,0,1,1,140.75
11,13,0,7,0,3,1,140.75
5,25,38,7,1,1,1,140.75
81,13,52,5,0,2,1,84.75
4,37,7,7,0,1,1,140.75
3,72,39,7,0,1,1,140.75
96,69,59,7,0,1,1,139.0
81,23,47,5,0,1,1,84.75
86,65,65,5,0,1,1,84.75
95,44,36,7,1,1,1,139.0
86,89,70,5,0,1,1,84.75
94,6,30,7,0,1,1,139.0
86,91,7,7,0,1,1,139.0
86,78,30,7,0,1,1,139.0
85,68,53,7,1,0,1,139.0
85,15,63,7,1,0,1,139.0
83,35,21,7,0,2,1,139.0
90,11,75,5,0,1,1,84.75
96,80,47,5,0,1,1,84.75
80,95,52,7,1,1,1,139.0
80,42,0,7,1,2,1,139.0
7,19,37,5,0,1,1,86.5
12,9,55,5,0,0,1,86.5
79,98,60,7,1,0,1,139.0
78,92,7,7,1,1,1,139.0
78,27,73,7,1,1,1,139.0
77,44,21,7,1,1,1,139.0
15,21,70,5,0,0,1,86.5
77,17,36,7,1,1,1,139.0
17,47,75,5,1,0,1,86.5
72,70,21,7,1,1,1,139.0
70,79,14,7,1,2,1,139.0
70,74,45,7,1,0,1,139.0
68,21,23,7,1,1,1,139.0
65,78,55,7,0,2,1,139.0
61,9,0,7,0,1,1,139.0
60,92,21,7,0,1,1,139.0
54,27,8,7,0,2,1,139.0
53,33,40,7,0,1,1,139.0
53,18,7,7,1,1,1,139.0
51,17,58,7,0,1,1,139.0
17,67,45,5,1,1,1,86.5
49,11,39,7,1,1,1,139.0
19,95,47,5,0,1,1,86.5
46,78,0,7,1,1,1,139.0
43,60,8,7,1,0,1,139.0
22,26,50,5,0,0,1,86.5
43,23,15,7,1,1,1,139.0
22,51,19,5,0,0,1,86.5
23,73,2,5,0,1,1,86.5
32,72,28,7,1,1,1,139.0
32,44,53,7,1,1,1,139.0
30,16,7,7,0,2,1,139.0
24,49,7,7,0,2,1,139.0
24,64,75,5,0,1,1,86.5
24,40,45,7,0,1,1,139.0
26,95,38,5,0,2,1,86.5
19,78,14,7,0,1,1,139.0
19,14,16,7,1,0,1,139.0
35,85,48,5,1,1,1,86.5
42,62,70,5,1,1,1,86.5
17,88,28,7,1,1,1,139.0
17,82,50,7,1,2,1,139.0
16,54,73,7,1,1,1,139.0
14,34,28,7,0,2,1,139.0
45,57,52,5,1,0,1,86.5
47,98,70,5,0,0,1,86.5
13,68,7,7,2,1,1,139.0
50,54,38,5,1,0,1,86.5
13,15,28,7,2,1,1,139.0
52,8,40,5,0,0,1,86.5
11,21,30,7,1,1,1,139.0
9,18,39,7,1,1,1,139.0
52,48,26,5,0,2,1,86.5
53,51,70,5,0,1,1,86.5
58,52,45,5,0,1,1,86.5
8,90,15,7,0,1,1,139.0
6,91,54,7,1,0,1,139.0
1,90,22,7,1,1,1,139.0
0,41,0,7,1,1,1,139.0
99,97,47,7,0,1,1,137.25
98,2,0,7,1,1,1,137.25
61,46,45,5,0,1,1,86.5
97,64,0,7,1,1,1,137.25
61,64,55,5,0,1,1,86.5
95,91,73,7,2,0,1,137.25
95,77,0,7,2,1,1,137.25
94,9,21,7,0,1,1,137.25
89,73,72,7,0,1,1,137.25
87,68,61,7,1,1,1,137.25
62,46,19,5,0,1,1,86.5
65,7,60,5,1,0,1,86.5
86,73,38,7,0,1,1,137.25
66,65,45,5,0,1,1,86.5
85,11,23,7,1,2,1,137.25
84,49,0,7,1,2,1,137.25
83,46,36,7,0,1,1,137.25
69,34,60,5,0,1,1,86.5
82,54,37,7,1,1,1,137.25
81,46,38,7,0,2,1,137.25
79,85,7,7,1,2,1,137.25
73,87,67,5,1,2,1,86.5
76,46,50,5,0,1,1,86.5
79,5,67,7,1,2,1,137.25
86,26,49,5,0,1,1,86.5
72,0,58,7,1,1,1,137.25
68,42,36,7,1,1,1,137.25
67,41,30,7,1,1,1,137.25
90,84,38,5,0,2,1,86.5
62,42,43,7,1,1,1,137.25
62,37,50,7,1,1,1,137.25
60,78,37,7,0,1,1,137.25
60,42,50,7,0,1,1,137.25
59,2,7,7,0,2,1,137.25
91,68,61,5,0,2,1,86.5
57,37,64,7,0,1,1,137.25
56,38,0,7,0,2,1,137.25
92,72,70,5,0,1,1,86.5
94,12,65,5,1,0,1,86.5
94,23,75,5,1,1,1,86.5
94,51,41,5,1,0,1,86.5
96,34,70,5,0,1,1,86.5
49,80,21,7,1,1,1,137.25
47,79,7,7,0,2,1,137.25
43,97,54,7,1,1,1,137.25
41,57,39,7,1,0,1,137.25
34,33,50,7,1,0,1,137.25
33,77,0,7,0,2,1,137.25
32,33,0,7,1,1,1,137.25
98,83,75,5,0,1,1,86.5
0,91,75,5,1,1,1,88.25
1,58,75,5,0,1,1,88.25
2,96,70,5,0,1,1,88.25
28,89,14,7,1,1,1,137.25
24,39,61,7,0,1,1,137.25
4,69,31,5,0,0,1,88.25
20,14,14,7,0,1,1,137.25
18,19,30,7,1,1,1,137.25
15,65,0,7,1,1,1,137.25
14,38,44,7,0,2,1,137.25
13,70,35,7,2,1,1,137.25
11,85,14,7,1,2,1,137.25
7,44,21,7,0,2,1,137.25
7,35,29,7,0,1,1,137.25
8,92,70,5,0,1,1,88.25
5,42,7,7,1,2,1,137.25
4,2,22,7,0,1,1,137.25
3,49,46,7,0,2,1,137.25
10,39,39,5,0,1,1,88.25
10,61,18,5,0,0,1,88.25
2,39,14,7,1,1,1,137.25
10,84,13,5,0,2,1,88.25
11,37,60,5,1,0,1,88.25
11,76,3,5,1,0,1,88.25
99,27,15,7,0,2,1,135.5
98,70,28,7,1,1,1,135.5
12,49,60,5,0,2,1,88.25
98,34,7,7,1,2,1,135.5
93,42,14,7,1,2,1,135.5
90,62,29,7,1,1,1,135.5
12,82,36,5,0,2,1,88.25
16,5,54,5,1,1,1,88.25
89,93,0,7,1,1,1,135.5
89,25,60,7,1,1,1,135.5
86,34,0,7,1,2,1,135.5
82,92,57,7,1,2,1,135.5
81,37,0,7,1,2,1,135.5
79,82,64,7,2,1,1,135.5
78,85,44,7,1,2,1,135.5
75,18,51,7,1,1,1,135.5
74,90,21,7,0,2,1,135.5
23,99,70,5,1,0,1,88.25
24,18,70,5,0,1,1,88.25
74,28,21,7,1,1,1,135.5
24,46,75,5,1,1,1,88.25
73,22,24,7,1,0,1,135.5
26,24,33,5,0,1,1,88.25
70,83,70,7,1,2,1,135.5
69,2,39,7,1,1,1,135.5
68,96,0,7,1,1,1,135.5
66,13,24,7,0,3,1,135.5
63,97,61,7,1,1,1,135.5
63,90,68,7,1,1,1,135.5
26,40,19,5,0,1,1,88.25
63,18,14,7,1,2,1,135.5
29,2,17,5,1,0,1,88.25
39,34,55,5,0,2,1,88.25
56,79,29,7,0,2,1,135.5
55,92,38,7,1,1,1,135.5
41,86,75,5,0,1,1,88.25
55,9,7,7,1,1,1,135.5
43,98,56,5,0,1,1,88.25
53,70,0,7,1,2,1,135.5
47,34,65,5,0,1,1,88.25
50,31,18,5,1,0,1,88.25
53,35,14,7,1,1,1,135.5
51,97,0,7,1,2,1,135.5
42,85,70,7,2,1,1,135.5
42,43,22,7,2,1,1,135.5
41,7,15,7,1,1,1,135.5
40,79,58,7,0,4,1,135.5
50,49,75,5,1,1,1,88.25
40,75,37,7,1,1,1,135.5
40,68,52,7,1,1,1,135.5
50,55,32,5,1,0,1,88.25
39,78,7,7,1,2,1,135.5
39,5,45,7,1,1,1,135.5
37,42,57,7,1,2,1,135.5
37,23,71,7,1,2,1,135.5
33,75,22,7,1,2,1,135.5
33,25,29,7,1,2,1,135.5
51,53,14,5,0,2,1,88.25
31,90,7,7,0,2,1,135.5
54,75,55,5,0,0,1,88.25
56,37,75,5,0,2,1,88.25
31,87,68,7,1,1,1,135.5
28,85,28,7,1,2,1,135.5
56,46,65,5,0,1,1,88.25
28,8,45,7,1,0,1,135.5
25,88,67,7,1,1,1,135.5
56,49,55,5,0,2,1,88.25
23,91,0,7,1,1,1,135.5
22,90,57,7,0,1,1,135.5
22,29,7,7,1,1,1,135.5
21,62,37,7,1,2,1,135.5
56,61,60,5,0,1,1,88.25
21,48,64,7,1,1,1,135.5
20,90,36,7,0,2,1,135.5
19,67,0,7,1,2,1,135.5
19,18,7,7,1,2,1,135.5
18,0,58,7,1,2,1,135.5
17,11,46,7,2,1,1,135.5
16,63,36,7,2,1,1,135.5
14,97,68,7,1,1,1,135.5
13,59,42,7,2,1,1,135.5
61,47,40,5,0,0,1,88.25
11,97,53,7,1,2,1,135.5
61,77,13,5,0,1,1,88.25
9,85,51,7,1,2,1,135.5
6,28,61,7,1,1,1,135.5
6,8,68,7,1,1,1,135.5
63,34,75,5,1,1,1,88.25
5,79,0,7,1,2,1,135.5
98,90,14,7,1,2,1,133.75
95,49,14,7,2,2,1,133.75
94,97,7,7,1,2,1,133.75
94,38,14,7,1,2,1,133.75
93,82,71,7,1,1,1,133.75
91,74,14,7,1,1,1,133.75
89,47,7,7,1,1,1,133.75
63,92,55,5,1,1,1,88.25
66,54,33,5,0,0,1,88.25
86,75,66,7,1,1,1,133.75
66,97,40,5,0,2,1,88.25
85,46,21,7,2,2,1,133.75
67,14,63,5,1,1,1,88.25
71,39,75,5,1,1,1,88.25
83,91,21,7,1,1,1,133.75
83,13,57,7,1,2,1,133.75
74,12,75,5,0,1,1,88.25
82,45,0,7,2,1,1,133.75
74,33,28,5,0,2,1,88.25
81,21,7,7,1,2,1,133.75
77,43,43,7,1,1,1,133.75
74,67,7,7,1,2,1,133.75
74,9,58,7,1,1,1,133.75
73,15,14,7,1,1,1,133.75
72,39,21,7,2,1,1,133.75
70,40,7,7,2,1,1,133.75
70,15,21,7,2,1,1,133.75
68,14,44,7,1,1,1,133.75
76,60,45,5,0,0,1,88.25
67,55,14,7,2,1,1,133.75
65,45,7,7,1,1,1,133.75
79,70,75,5,2,2,1,88.25
83,7,9,5,0,1,1,88.25
64,27,22,7,1,2,1,133.75
63,37,29,7,1,2,1,133.75
62,28,36,7,1,1,1,133.75
85,87,39,5,2,0,1,88.25
61,27,23,7,0,3,1,133.75
59,27,29,7,1,2,1,133.75
86,35,61,5,1,1,1,88.25
58,34,14,7,1,2,1,133.75
55,42,45,7,1,2,1,133.75
50,43,61,7,1,1,1,133.75
50,15,7,7,1,1,1,133.75
49,20,21,7,2,0,1,133.75
47,97,55,7,0,3,1,133.75
47,84,14,7,1,1,1,133.75
88,56,11,5,0,1,1,88.25
46,28,7,7,1,2,1,133.75
45,85,58,7,1,2,1,133.75
45,6,14,7,1,2,1,133.75
44,46,60,7,1,2,1,133.75
43,67,29,7,1,2,1,133.75
34,23,35,7,2,1,1,133.75
90,4,75,5,1,1,1,88.25
30,28,14,7,0,2,1,133.75
29,43,36,7,1,1,1,133.75
28,81,52,7,1,1,1,133.75
25,58,0,7,2,1,1,133.75
25,1,7,7,2,1,1,133.75
18,70,28,7,2,2,1,133.75
18,46,0,7,2,2,1,133.75
97,10,47,5,0,1,1,88.25
17,34,21,7,2,2,1,133.75
16,87,21,7,2,2,1,133.75
0,34,31,5,1,1,1,90.0
0,85,70,5,1,2,1,90.0
2,17,75,5,1,2,1,90.0
15,53,35,7,1,1,1,133.75
4,76,45,5,0,1,1,90.0
8,16,52,7,0,2,1,133.75
7,84,47,7,1,1,1,133.75
3,34,42,7,1,2,1,133.75
5,32,75,5,1,1,1,90.0
8,78,35,5,0,2,1,90.0
99,9,22,7,0,2,1,132.0
98,44,67,7,1,1,1,132.0
98,16,43,7,1,2,1,132.0
94,40,0,7,1,1,1,132.0
92,54,45,7,1,1,1,132.0
91,64,29,7,1,1,1,132.0
91,57,36,7,1,1,1,132.0
90,13,64,7,2,2,1,132.0
10,19,8,5,0,2,1,90.0
11,40,70,5,1,1,1,90.0
90,0,43,7,2,1,1,132.0
88,37,0,7,0,3,1,132.0
22,78,14,5,0,2,1,90.0
23,1,65,5,1,0,1,90.0
84,34,60,7,1,2,1,132.0
23,12,30,5,1,0,1,90.0
23,89,42,5,1,1,1,90.0
83,16,0,7,1,2,1,132.0
76,37,7,7,1,2,1,132.0
74,34,67,7,1,2,1,132.0
24,2,70,5,1,1,1,90.0
73,20,45,7,1,1,1,132.0
72,13,71,7,2,2,1,132.0
26,56,17,5,1,0,1,90.0
26,90,75,5,1,2,1,90.0
69,81,14,7,1,1,1,132.0
27,23,60,5,2,1,1,90.0
67,9,36,7,2,2,1,132.0
65,38,21,7,1,2,1,132.0
29,0,65,5,1,1,1,90.0
63,81,43,7,1,1,1,132.0
61,16,65,7,1,2,1,132.0
60,2,28,7,0,2,1,132.0
55,87,52,7,1,2,1,132.0
54,21,15,7,0,2,1,132.0
52,92,14,7,0,2,1,132.0
52,13,7,7,1,3,1,132.0
48,45,43,5,0,1,1,90.0
51,13,14,7,1,3,1,132.0
48,28,71,7,1,1,1,132.0
43,82,68,7,1,2,1,132.0
48,72,59,5,1,2,1,90.0
43,12,46,7,2,0,1,132.0
40,3,24,7,1,1,1,132.0
53,98,60,5,0,2,1,90.0
39,69,52,7,1,1,1,132.0
39,40,68,7,1,2,1,132.0
39,20,43,7,2,0,1,132.0
54,98,50,5,0,1,1,90.0
38,92,64,7,1,2,1,132.0
38,36,72,7,1,1,1,132.0
33,21,47,7,1,2,1,132.0
56,2,65,5,1,1,1,90.0
27,93,36,7,2,1,1,132.0
26,25,22,7,1,2,1,132.0
56,7,75,5,1,1,1,90.0
56,97,70,5,1,2,1,90.0
23,79,22,7,1,2,1,132.0
23,15,52,7,1,1,1,132.0
57,6,75,5,0,0,1,90.0
58,37,40,5,0,2,1,90.0
61,0,8,5,0,1,1,90.0
61,33,75,5,1,0,1,90.0
23,13,7,7,1,4,1,132.0
61,53,50,5,1,1,1,90.0
22,43,0,7,1,2,1,132.0
61,67,55,5,1,2,1,90.0
20,72,0,7,1,2,1,132.0
20,13,31,7,1,3,1,132.0
20,6,7,7,1,2,1,132.0
62,3,14,5,0,1,1,90.0
15,93,43,7,1,1,1,132.0
14,84,0,7,1,2,1,132.0
14,29,22,7,1,1,1,132.0
62,23,65,5,1,2,1,90.0
66,33,65,5,1,0,1,90.0
12,67,21,7,1,2,1,132.0
11,15,59,7,2,1,1,132.0
8,49,7,7,0,3,1,132.0
2,32,46,7,1,1,1,132.0
2,31,53,7,1,1,1,132.0
1,92,36,7,1,2,1,132.0
66,56,60,5,1,1,1,90.0
69,46,70,5,1,1,1,90.0
99,6,54,7,0,2,1,130.25
97,90,28,7,2,2,1,130.25
96,40,7,7,1,2,1,130.25
96,29,29,7,1,1,1,130.25
95,96,21,7,2,1,1,130.25
74,43,75,5,1,1,1,90.0
91,15,66,7,1,1,1,130.25
85,74,0,7,3,1,1,130.25
81,93,21,7,1,1,1,130.25
77,65,50,7,1,1,1,130.25
73,57,52,7,1,1,1,130.25
70,39,14,7,2,2,1,130.25
75,10,75,5,1,1,1,90.0
70,35,53,7,2,1,1,130.25
69,90,0,7,1,2,1,130.25
69,18,21,7,1,2,1,130.25
65,46,28,7,1,1,1,130.25
65,17,14,7,1,2,1,130.25
64,34,7,7,1,3,1,130.25
63,40,59,7,2,1,1,130.25
61,38,7,7,1,2,1,130.25
60,90,50,7,1,2,1,130.25
56,92,0,7,1,2,1,130.25
76,59,29,5,1,0,1,90.0
77,31,63,5,1,1,1,90.0
52,34,0,7,1,3,1,130.25
79,73,59,5,2,1,1,90.0
49,53,28,7,2,1,1,130.25
46,97,14,7,2,2,1,130.25
44,65,35,7,2,1,1,130.25
39,72,7,7,2,2,1,130.25
38,70,35,7,2,2,1,130.25
35,82,7,7,1,2,1,130.25
80,70,60,5,1,1,1,90.0
33,13,54,7,1,3,1,130.25
33,0,61,7,1,3,1,130.25
23,2,0,7,2,2,1,130.25
20,57,14,7,1,1,1,130.25
80,81,31,5,1,1,1,90.0
19,38,51,7,1,2,1,130.25
18,98,35,7,2,1,1,130.25
17,93,7,7,2,1,1,130.25
17,65,0,7,2,2,1,130.25
17,20,38,7,2,1,1,130.25
12,25,14,7,1,2,1,130.25
12,17,28,7,1,2,1,130.25
11,6,0,7,2,2,1,130.25
7,96,36,7,1,1,1,130.25
7,87,59,7,1,2,1,130.25
81,27,75,5,1,2,1,90.0
7,79,0,7,1,3,1,130.25
7,65,22,7,1,2,1,130.25
6,32,21,7,2,1,1,130.25
6,29,43,7,2,1,1,130.25
4,27,0,7,0,3,1,130.25
3,84,67,7,1,1,1,130.25
2,83,14,7,2,1,1,130.25
81,41,38,5,1,2,1,90.0
81,60,65,5,2,0,1,90.0
1,85,50,7,1,3,1,130.25
99,38,28,7,1,2,1,128.5
98,28,21,7,1,2,1,128.5
95,89,28,7,2,1,1,128.5
95,24,7,7,2,1,1,128.5
81,74,53,5,2,1,1,90.0
92,65,7,7,2,2,1,128.5
92,45,21,7,2,1,1,128.5
89,76,21,7,1,1,1,128.5
89,46,35,7,1,3,1,128.5
89,37,14,7,2,2,1,128.5
88,84,18,7,1,2,1,128.5
85,75,75,5,2,2,1,90.0
88,78,0,7,1,2,1,128.5
85,57,7,7,3,1,1,128.5
88,59,75,5,1,1,1,90.0
82,4,14,7,2,1,1,128.5
80,79,7,7,1,3,1,128.5
79,36,36,7,2,1,1,128.5
78,64,40,7,2,1,1,128.5
77,41,68,7,1,1,1,128.5
77,16,72,7,2,2,1,128.5
75,29,50,7,2,1,1,128.5
73,46,7,7,2,2,1,128.5
69,20,7,7,1,2,1,128.5
69,9,29,7,1,2,1,128.5
89,45,75,5,1,2,1,90.0
90,20,57,5,2,1,1,90.0
69,6,28,7,2,2,1,128.5
65,73,14,7,2,2,1,128.5
63,77,7,7,2,2,1,128.5
91,16,60,5,1,2,1,90.0
92,71,75,5,1,2,1,90.0
60,34,14,7,1,3,1,128.5
99,42,75,5,0,3,1,90.0
0,89,38,5,1,2,1,91.75
57,67,43,7,1,2,1,128.5
55,37,21,7,1,2,1,128.5
2,28,60,5,1,2,1,91.75
54,9,22,7,0,3,1,128.5
53,65,42,7,1,2,1,128.5
52,9,14,7,1,1,1,128.5
3,18,53,5,0,2,1,91.75
51,87,7,7,1,2,1,128.5
49,77,35,7,2,2,1,128.5
49,37,65,7,2,2,1,128.5
43,75,7,7,2,2,1,128.5
42,58,37,7,2,1,1,128.5
3,41,9,5,1,0,1,91.75
40,96,14,7,2,1,1,128.5
40,29,57,7,2,1,1,128.5
39,84,25,7,2,2,1,128.5
38,62,65,7,2,2,1,128.5
37,58,45,7,2,1,1,128.5
4,5,40,5,0,2,1,91.75
4,16,23,5,1,1,1,91.75
37,27,52,7,2,2,1,128.5
36,90,0,7,1,3,1,128.5
36,17,53,7,1,2,1,128.5
4,22,65,5,1,1,1,91.75
4,55,54,5,1,0,1,91.75
35,14,66,7,1,2,1,128.5
33,29,0,7,2,2,1,128.5
33,1,65,7,2,1,1,128.5
4,99,70,5,1,1,1,91.75
30,2,21,7,0,2,1,128.5
25,44,42,7,2,2,1,128.5
25,21,71,7,2,1,1,128.5
5,40,32,5,1,1,1,91.75
10,31,42,5,1,1,1,91.75
10,32,22,5,1,0,1,91.75
18,97,45,7,2,2,1,128.5
18,22,58,7,2,1,1,128.5
17,36,60,7,2,2,1,128.5
12,19,70,5,1,1,1,91.75
15,46,73,7,1,2,1,128.5
12,34,35,7,1,3,1,128.5
14,87,75,5,1,1,1,91.75
11,25,49,7,2,2,1,128.5
9,77,14,7,2,2,1,128.5
15,9,51,5,0,2,1,91.75
9,3,0,7,2,1,1,128.5
1,78,72,7,1,2,1,128.5
16,36,50,5,3,0,1,91.75
0,53,21,7,1,1,1,128.5
18,78,75,5,0,3,1,91.75
19,17,75,5,1,3,1,91.75
0,40,13,7,1,3,1,128.5
98,69,0,7,2,2,1,126.75
97,49,21,7,2,3,1,126.75
93,14,29,7,1,1,1,126.75
19,20,25,5,1,1,1,91.75
21,70,40,5,0,3,1,91.75
92,10,28,7,2,1,1,126.75
22,87,75,5,1,2,1,91.75
91,93,50,7,1,1,1,126.75
23,17,60,5,2,3,1,91.75
90,83,7,7,3,1,1,126.75
89,14,7,7,2,1,1,126.75
87,34,42,7,2,3,1,126.75
85,42,29,7,3,2,1,126.75
83,72,28,7,1,2,1,126.75
82,39,57,7,2,2,1,126.75
24,19,46,5,1,1,1,91.75
32,15,70,5,1,2,1,91.75
32,55,65,5,1,1,1,91.75
79,59,43,7,2,2,1,126.75
32,71,41,5,1,1,1,91.75
79,33,14,7,3,2,1,126.75
76,38,72,7,1,2,1,126.75
33,84,30,5,0,1,1,91.75
76,21,0,7,1,2,1,126.75
75,72,14,7,2,2,1,126.75
33,97,75,5,2,1,1,91.75
35,64,70,5,2,1,1,91.75
67,59,60,7,2,1,1,126.75
66,6,35,7,1,2,1,126.75
37,82,45,5,1,0,1,91.75
65,75,29,7,2,2,1,126.75
62,6,0,7,1,3,1,126.75
50,70,43,7,1,2,1,126.75
47,2,35,7,1,2,1,126.75
41,5,62,5,1,1,1,91.75
46,63,28,7,2,2,1,126.75
43,87,14,7,2,2,1,126.75
43,27,65,7,2,2,1,126.75
42,36,52,5,2,2,1,91.75
44,89,75,5,1,2,1,91.75
43,0,21,7,2,2,1,126.75
42,23,7,7,3,2,1,126.75
39,15,0,7,2,2,1,126.75
35,92,43,7,2,2,1,126.75
33,39,33,7,2,2,1,126.75
29,82,21,7,2,2,1,126.75
27,45,43,7,2,2,1,126.75
25,75,56,7,2,3,1,126.75
25,37,63,7,2,3,1,126.75
45,54,32,5,1,1,1,91.75
24,79,21,7,1,3,1,126.75
24,37,14,7,1,3,1,126.75
23,28,28,7,2,2,1,126.75
47,42,45,5,0,3,1,91.75
22,79,28,7,1,3,1,126.75
21,98,22,7,2,2,1,126.75
19,79,35,7,2,3,1,126.75
19,27,13,7,2,3,1,126.75
18,34,65,7,2,3,1,126.75
17,92,67,7,2,3,1,126.75
51,29,75,5,1,1,1,91.75
17,49,0,7,3,3,1,126.75
52,97,21,5,0,3,1,91.75
16,21,29,7,3,2,1,126.75
16,8,0,7,3,1,1,126.75
53,12,65,5,1,1,1,91.75
15,38,7,7,2,3,1,126.75
14,37,51,7,1,3,1,126.75
13,75,38,7,3,2,1,126.75
54,2,68,5,1,2,1,91.75
54,90,63,5,1,3,1,91.75
11,28,35,7,2,2,1,126.75
9,87,7,7,2,3,1,126.75
8,9,43,7,1,2,1,126.75
7,14,29,7,1,2,1,126.75
99,82,44,6,1,1,1,125.0
99,36,8,6,1,0,1,125.0
98,91,61,6,1,2,1,125.0
55,78,70,5,1,3,1,91.75
97,6,61,6,2,2,1,125.0
96,33,43,6,1,2,1,125.0
56,6,38,5,1,1,1,91.75
57,17,47,5,0,3,1,91.75
94,37,21,6,1,3,1,125.0
93,75,74,6,0,3,1,125.0
93,32,57,6,1,2,1,125.0
92,94,50,6,2,1,1,125.0
58,19,70,5,1,2,1,91.75
92,26,71,6,2,2,1,125.0
91,51,43,6,1,1,1,125.0
91,48,7,6,2,1,1,125.0
63,48,50,5,1,1,1,91.75
90,72,35,6,3,2,1,125.0
63,82,75,5,2,2,1,91.75
69,74,47,5,1,1,1,91.75
90,60,15,6,3,0,1,125.0
90,7,68,6,3,1,1,125.0
88,87,35,6,1,3,1,125.0
88,71,7,6,1,1,1,125.0
69,94,75,5,1,2,1,91.75
87,3,49,6,3,1,1,125.0
86,95,30,6,1,1,1,125.0
84,88,54,6,1,1,1,125.0
71,47,70,5,1,1,1,91.75
71,56,49,5,1,1,1,91.75
84,3,74,6,1,1,1,125.0
83,87,41,6,1,3,1,125.0
73,49,75,5,2,2,1,91.75
78,98,52,5,1,2,1,91.75
77,33,57,6,1,2,1,125.0
77,30,7,6,1,1,1,125.0
76,24,38,6,1,1,1,125.0
76,9,56,6,1,2,1,125.0
75,96,0,6,2,2,1,125.0
80,46,14,5,1,1,1,91.75
75,73,68,6,2,2,1,125.0
75,37,7,6,3,3,1,125.0
75,30,38,6,3,0,1,125.0
74,73,28,6,1,2,1,125.0
74,64,34,6,1,2,1,125.0
73,24,0,6,2,1,1,125.0
72,98,41,6,2,2,1,125.0
88,58,62,5,1,1,1,91.75
90,19,75,5,3,2,1,91.75
90,89,48,5,3,1,1,91.75
71,61,0,6,1,1,1,125.0
71,51,61,6,1,1,1,125.0
71,0,13,6,1,2,1,125.0
70,60,60,6,2,1,1,125.0
70,28,66,6,2,2,1,125.0
69,78,19,6,2,2,1,125.0
68,65,14,6,1,3,1,125.0
68,62,30,6,1,2,1,125.0
90,94,30,5,3,1,1,91.75
66,57,0,6,1,1,1,125.0
66,1,6,6,1,2,1,125.0
65,25,36,6,2,2,1,125.0
63,51,21,6,2,1,1,125.0
62,82,7,6,1,3,1,125.0
62,26,57,6,1,1,1,125.0
61,20,14,6,1,2,1,125.0
93,3,66,5,1,2,1,91.75
60,61,21,6,1,1,1,125.0
93,24,65,5,2,1,1,91.75
60,44,0,6,1,2,1,125.0
93,77,60,5,2,2,1,91.75
59,45,0,6,1,2,1,125.0
58,6,7,6,1,3,1,125.0
57,51,27,6,1,1,1,125.0
56,28,43,6,1,2,1,125.0
55,60,0,6,1,2,1,125.0
93,89,70,5,2,2,1,91.75
54,86,7,6,1,1,1,125.0
94,69,70,5,1,2,1,91.75
99,78,65,5,1,2,1,91.75
54,63,0,6,1,2,1,125.0
0,59,70,5,2,1,1,93.5
1,37,60,5,2,2,1,93.5
54,59,13,6,1,1,1,125.0
53,85,70,6,1,3,1,125.0
2,54,58,5,2,1,1,93.5
53,26,0,6,2,1,1,125.0
2,66,75,5,2,1,1,93.5
3,63,37,5,1,2,1,93.5
52,79,59,6,1,3,1,125.0
52,76,50,6,1,1,1,125.0
4,58,60,5,1,2,1,93.5
8,1,60,5,0,3,1,93.5
10,17,70,5,1,3,1,93.5
52,55,21,6,1,2,1,125.0
52,40,27,6,1,2,1,125.0
51,26,33,6,1,1,1,125.0
50,64,23,6,1,2,1,125.0
49,25,14,6,3,3,1,125.0
10,37,58,5,1,3,1,93.5
48,66,29,6,1,1,1,125.0
11,54,65,5,1,2,1,93.5
48,51,35,6,1,2,1,125.0
12,68,56,5,1,2,1,93.5
48,41,43,6,1,2,1,125.0
46,74,45,6,2,2,1,125.0
45,84,37,6,1,3,1,125.0
45,75,13,6,2,3,1,125.0
14,25,58,5,1,3,1,93.5
45,47,21,6,2,1,1,125.0
43,3,31,6,2,1,1,125.0
41,80,22,6,1,2,1,125.0
15,91,75,5,2,2,1,93.5
41,45,50,6,1,2,1,125.0
41,21,56,6,1,2,1,125.0
39,13,64,6,2,3,1,125.0
17,51,55,5,3,1,1,93.5
21,56,52,5,1,2,1,93.5
39,3,50,6,2,2,1,125.0
38,83,64,6,0,2,1,125.0
36,15,29,6,0,2,1,125.0
36,13,45,6,1,3,1,125.0
22,2,53,5,1,2,1,93.5
33,8,21,6,2,1,1,125.0
32,35,7,6,1,2,1,125.0
31,96,6,6,1,2,1,125.0
31,82,28,6,1,2,1,125.0
30,68,44,6,0,2,1,125.0
22,65,48,5,1,3,1,93.5
29,41,7,6,2,2,1,125.0
29,1,13,6,2,2,1,125.0
26,88,41,6,1,1,1,125.0
24,33,52,5,1,2,1,93.5
26,44,6,6,1,2,1,125.0
24,87,57,6,1,3,1,125.0
24,90,28,5,1,4,1,93.5
24,65,49,6,2,2,1,125.0
24,48,0,6,2,2,1,125.0
26,35,65,5,1,2,1,93.5
24,34,74,6,2,2,1,125.0
23,72,47,6,2,2,1,125.0
26,52,70,5,1,1,1,93.5
26,70,12,5,1,3,1,93.5
31,27,75,5,1,3,1,93.5
22,83,35,6,1,1,1,125.0
31,68,37,5,1,2,1,93.5
21,71,36,6,2,2,1,125.0
32,97,35,5,1,2,1,93.5
21,31,62,6,2,2,1,125.0
21,20,70,6,2,2,1,125.0
20,47,0,6,2,1,1,125.0
16,14,7,6,3,2,1,125.0
36,86,25,5,1,1,1,93.5
36,92,60,5,1,3,1,93.5
16,13,55,6,3,1,1,125.0
38,18,75,5,3,1,1,93.5
39,33,75,5,2,3,1,93.5
40,20,75,5,1,3,1,93.5
14,43,37,6,2,2,1,125.0
12,73,42,6,1,2,1,125.0
41,20,75,5,1,4,1,93.5
12,24,6,6,1,2,1,125.0
11,96,8,6,1,3,1,125.0
11,62,13,6,2,1,1,125.0
10,64,0,6,1,2,1,125.0
9,89,28,6,1,2,1,125.0
9,72,64,6,2,2,1,125.0
47,45,65,5,1,2,1,93.5
9,16,70,6,2,3,1,125.0
47,89,60,5,1,2,1,93.5
8,93,7,6,1,2,1,125.0
8,47,27,6,1,1,1,125.0
8,15,14,6,1,2,1,125.0
7,52,33,6,2,1,1,125.0
7,47,42,6,2,1,1,125.0
48,76,67,5,2,1,1,93.5
6,16,67,6,2,4,1,125.0
5,63,14,6,1,2,1,125.0
4,56,28,6,1,1,1,125.0
4,49,34,6,1,3,1,125.0
1,83,47,6,2,1,1,125.0
50,29,70,5,1,2,1,93.5
1,60,27,6,2,1,1,125.0
0,44,28,6,2,2,1,125.0
0,14,0,6,2,2,1,125.0
51,5,50,5,1,2,1,93.5
98,5,74,6,1,2,1,123.25
53,61,60,5,1,2,1,93.5
55,68,75,5,1,2,1,93.5
95,16,43,6,2,3,1,123.25
57,58,22,5,1,1,1,93.5
59,62,24,5,1,1,1,93.5
94,98,35,6,1,2,1,123.25
60,17,42,5,1,3,1,93.5
94,41,0,6,2,2,1,123.25
61,8,38,5,1,1,1,93.5
92,37,27,6,3,3,1,123.25
91,97,0,6,2,3,1,123.25
91,6,13,6,2,3,1,123.25
89,57,0,6,2,2,1,123.25
61,93,45,5,1,2,1,93.5
62,56,19,5,1,1,1,93.5
62,65,75,5,1,2,1,93.5
89,10,52,6,2,1,1,123.25
88,73,48,6,1,2,1,123.25
86,8,50,6,1,1,1,123.25
62,80,75,5,2,2,1,93.5
85,78,14,6,3,3,1,123.25
85,26,20,6,3,2,1,123.25
84,99,50,6,2,1,1,123.25
84,60,7,6,2,1,1,123.25
83,47,48,6,2,1,1,123.25
82,65,41,6,2,3,1,123.25
63,93,54,5,2,2,1,93.5
82,36,13,6,3,1,1,123.25
80,71,0,6,2,2,1,123.25
65,21,70,5,2,3,1,93.5
66,41,70,5,1,2,1,93.5
80,20,28,6,2,2,1,123.25
80,9,6,6,2,3,1,123.25
80,5,12,6,2,2,1,123.25
66,44,55,5,1,2,1,93.5
77,20,21,6,2,2,1,123.25
76,55,14,6,1,2,1,123.25
76,27,7,6,2,3,1,123.25
75,90,21,6,3,3,1,123.25
75,47,0,6,3,2,1,123.25
66,71,50,5,1,2,1,93.5
67,46,58,5,1,3,1,93.5
74,66,40,6,1,2,1,123.25
68,27,70,5,0,3,1,93.5
69,84,43,6,2,2,1,123.25
69,39,7,6,2,3,1,123.25
69,11,13,6,2,3,1,123.25
68,83,0,6,2,2,1,123.25
68,16,13,6,2,3,1,123.25
67,72,67,6,2,3,1,123.25
69,40,75,5,2,2,1,93.5
67,17,73,6,2,4,1,123.25
66,86,13,6,1,1,1,123.25
65,19,55,6,2,2,1,123.25
65,15,61,6,2,2,1,123.25
72,58,75,5,1,2,1,93.5
65,13,70,6,3,3,1,123.25
73,35,60,5,2,2,1,93.5
64,65,47,6,1,4,1,123.25
84,21,60,5,0,3,1,93.5
62,88,0,6,2,2,1,123.25
62,52,6,6,2,2,1,123.25
61,54,27,6,1,2,1,123.25
61,10,6,6,2,1,1,123.25
85,23,65,5,2,3,1,93.5
60,86,36,6,1,1,1,123.25
60,80,66,6,1,2,1,123.25
89,34,23,5,2,3,1,93.5
93,65,36,5,2,3,1,93.5
60,55,72,6,1,2,1,123.25
60,47,54,6,2,1,1,123.25
60,5,6,6,2,2,1,123.25
94,25,45,5,2,1,1,93.5
60,0,34,6,2,2,1,123.25
95,18,75,5,1,2,1,93.5
59,38,36,6,1,3,1,123.25
58,24,55,6,1,2,1,123.25
95,61,68,5,2,2,1,93.5
98,66,75,5,2,2,1,93.5
57,87,63,6,1,3,1,123.25
57,79,69,6,1,3,1,123.25
57,74,6,6,2,2,1,123.25
1,10,65,5,2,1,1,95.25
56,83,54,6,1,2,1,123.25
56,40,0,6,2,2,1,123.25
55,84,59,6,1,2,1,123.25
55,26,0,6,2,2,1,123.25
55,13,27,6,2,4,1,123.25
53,84,32,6,2,2,1,123.25
53,76,19,6,2,2,1,123.25
2,59,63,5,2,2,1,95.25
53,54,25,6,2,1,1,123.25
53,16,61,6,2,3,1,123.25
52,99,39,6,1,2,1,123.25
3,31,19,5,1,1,1,95.25
52,46,51,6,2,2,1,123.25
52,43,57,6,2,2,1,123.25
3,71,62,5,1,2,1,95.25
51,45,6,6,2,2,1,123.25
51,15,20,6,2,2,1,123.25
50,59,6,6,2,1,1,123.25
50,17,12,6,2,3,1,123.25
50,13,0,6,2,4,1,123.25
4,71,45,5,1,2,1,95.25
49,66,42,6,3,1,1,123.25
48,64,6,6,2,2,1,123.25
48,15,35,6,2,2,1,123.25
47,61,12,6,2,2,1,123.25
47,55,6,6,2,2,1,123.25
4,92,40,5,1,3,1,95.25
8,31,75,5,1,2,1,95.25
47,31,47,6,2,1,1,123.25
8,32,60,5,1,1,1,95.25
47,30,18,6,2,1,1,123.25
47,15,41,6,2,2,1,123.25
46,81,67,6,2,3,1,123.25
10,22,17,5,1,1,1,95.25
11,29,75,5,2,2,1,95.25
12,18,51,5,1,3,1,95.25
46,41,13,6,3,2,1,123.25
46,14,19,6,3,2,1,123.25
44,60,12,6,2,2,1,123.25
12,89,1,5,1,3,1,95.25
44,54,49,6,2,2,1,123.25
44,0,68,6,2,3,1,123.25
41,92,19,6,2,3,1,123.25
41,81,25,6,2,2,1,123.25
40,66,21,6,2,1,1,123.25
40,57,33,6,2,2,1,123.25
40,47,39,6,2,3,1,123.25
40,6,45,6,2,3,1,123.25
38,94,14,6,3,2,1,123.25
38,12,0,6,3,2,1,123.25
14,16,75,5,2,4,1,95.25
14,67,50,5,2,2,1,95.25
36,72,7,6,1,3,1,123.25
35,41,31,6,2,2,1,123.25
33,69,35,6,3,2,1,123.25
15,71,56,5,2,2,1,95.25
33,61,0,6,3,2,1,123.25
32,86,13,6,1,2,1,123.25
17,59,19,5,3,1,1,95.25
31,50,0,6,1,3,1,123.25
19,84,23,5,2,0,1,95.25
31,20,12,6,1,3,1,123.25
20,73,70,5,0,3,1,95.25
30,63,42,6,1,2,1,123.25
30,56,24,6,1,2,1,123.25
30,8,0,6,1,2,1,123.25
29,37,33,6,2,3,1,123.25
26,42,64,6,2,2,1,123.25
26,13,14,6,2,4,1,123.25
24,98,12,6,2,2,1,123.25
22,4,43,5,1,2,1,95.25
22,57,23,5,1,2,1,95.25
24,89,43,6,2,2,1,123.25
24,43,18,6,2,3,1,123.25
24,32,24,6,2,2,1,123.25
24,11,66,6,2,2,1,123.25
23,64,14,6,2,2,1,123.25
22,56,6,6,2,2,1,123.25
23,88,55,5,2,2,1,95.25
22,54,19,6,2,1,1,123.25
24,26,38,5,2,2,1,95.25
28,54,70,5,0,2,1,95.25
20,52,34,6,2,2,1,123.25
16,44,19,6,3,3,1,123.25
31,47,70,5,2,2,1,95.25
16,26,36,6,3,3,1,123.25
14,60,43,6,2,2,1,123.25
14,12,13,6,2,2,1,123.25
13,83,20,6,4,2,1,123.25
12,92,6,6,2,3,1,123.25
32,46,75,5,2,3,1,95.25
11,83,7,6,2,2,1,123.25
10,57,35,6,1,3,1,123.25
10,52,0,6,2,2,1,123.25
33,43,70,5,3,3,1,95.25
10,38,20,6,2,3,1,123.25
35,66,55,5,2,2,1,95.25
10,21,6,6,2,3,1,123.25
9,34,49,6,3,2,1,123.25
39,71,70,5,2,2,1,95.25
8,85,36,6,2,3,1,123.25
8,24,30,6,2,2,1,123.25
7,95,49,6,2,2,1,123.25
41,71,75,5,2,3,1,95.25
7,46,0,6,2,3,1,123.25
6,51,73,6,2,2,1,123.25
5,59,0,6,2,2,1,123.25
5,8,18,6,2,2,1,123.25
4,52,0,6,1,3,1,123.25
3,38,55,6,1,3,1,123.25
42,64,70,5,3,2,1,95.25
3,24,0,6,2,3,1,123.25
43,86,75,5,2,2,1,95.25
3,0,6,6,2,2,1,123.25
1,96,19,6,2,2,1,123.25
43,94,65,5,3,2,1,95.25
46,4,60,5,1,2,1,95.25
1,67,0,6,2,3,1,123.25
99,77,0,6,1,3,1,121.5
99,28,14,6,1,3,1,121.5
99,16,20,6,1,4,1,121.5
98,52,65,6,2,2,1,121.5
97,81,6,6,3,2,1,121.5
48,32,52,5,2,2,1,95.25
50,20,52,5,2,1,1,95.25
96,98,49,6,1,3,1,121.5
96,73,34,6,2,2,1,121.5
96,8,12,6,2,2,1,121.5
50,41,65,5,2,2,1,95.25
95,34,55,6,2,3,1,121.5
95,23,61,6,2,4,1,121.5
94,71,6,6,2,2,1,121.5
51,79,49,5,2,3,1,95.25
94,29,39,6,2,2,1,121.5
93,17,24,6,2,3,1,121.5
90,61,41,6,3,2,1,121.5
52,32,65,5,1,2,1,95.25
53,37,75,5,2,3,1,95.25
54,44,53,5,1,3,1,95.25
88,92,12,6,2,3,1,121.5
88,48,18,6,2,2,1,121.5
86,27,42,6,1,3,1,121.5
84,54,65,6,2,3,1,121.5
83,93,13,6,2,2,1,121.5
55,39,67,5,2,3,1,95.25
83,73,26,6,2,3,1,121.5
81,62,12,6,2,2,1,121.5
58,76,70,5,2,2,1,95.25
59,70,55,5,1,3,1,95.25
81,29,45,6,2,2,1,121.5
80,93,34,6,2,3,1,121.5
80,54,40,6,2,2,1,121.5
59,80,50,5,1,2,1,95.25
60,3,75,5,2,2,1,95.25
80,21,55,6,2,4,1,121.5
78,68,25,6,2,2,1,121.5
78,52,47,6,2,3,1,121.5
60,27,65,5,2,3,1,95.25
78,42,0,6,3,3,1,121.5
78,31,6,6,3,2,1,121.5
77,52,27,6,2,2,1,121.5
62,29,60,5,2,2,1,95.25
77,18,42,6,2,3,1,121.5
75,93,30,6,3,2,1,121.5
75,50,44,6,3,2,1,121.5
74,86,19,6,2,1,1,121.5
62,91,55,5,2,2,1,95.25
74,72,53,6,2,2,1,121.5
63,44,70,5,2,3,1,95.25
74,60,25,6,2,2,1,121.5
73,99,21,6,2,2,1,121.5
72,46,25,6,3,3,1,121.5
64,0,75,5,2,2,1,95.25
64,3,61,5,2,2,1,95.25
64,92,55,5,2,3,1,95.25
66,14,61,5,2,2,1,95.25
70,90,0,6,3,4,1,121.5
70,32,6,6,3,2,1,121.5
68,61,68,5,1,3,1,95.25
68,88,70,5,2,2,1,95.25
68,85,6,6,2,4,1,121.5
68,60,19,6,2,2,1,121.5
69,7,54,5,2,1,1,95.25
68,53,50,6,2,2,1,121.5
66,90,6,6,2,4,1,121.5
66,24,12,6,2,3,1,121.5
66,18,0,6,2,3,1,121.5
65,4,6,6,3,1,1,121.5
64,88,40,6,2,2,1,121.5
71,42,31,5,2,3,1,95.25
64,51,46,6,2,3,1,121.5
71,48,13,5,2,2,1,95.25
62,92,45,6,2,3,1,121.5
62,57,18,6,2,3,1,121.5
72,18,65,5,1,3,1,95.25
62,24,24,6,2,3,1,121.5
62,21,0,6,3,3,1,121.5
62,10,12,6,3,2,1,121.5
74,38,70,5,2,3,1,95.25
62,9,29,6,3,3,1,121.5
61,98,29,6,2,2,1,121.5
61,95,18,6,2,3,1,121.5
60,56,12,6,3,2,1,121.5
76,92,62,5,1,4,1,95.25
60,24,6,6,3,3,1,121.5
60,8,24,6,3,2,1,121.5
59,97,12,6,2,3,1,121.5
80,89,65,5,1,2,1,95.25
81,64,75,5,2,3,1,95.25
59,91,19,6,2,2,1,121.5
83,67,70,5,1,3,1,95.25
83,90,43,5,2,4,1,95.25
59,89,6,6,2,3,1,121.5
58,69,0,6,2,3,1,121.5
58,31,12,6,2,2,1,121.5
57,68,12,6,2,3,1,121.5
56,39,18,6,2,3,1,121.5
56,36,30,6,2,1,1,121.5
84,63,75,5,2,3,1,95.25
92,69,75,5,3,3,1,95.25
95,12,75,5,3,2,1,95.25
96,16,62,5,2,4,1,95.25
56,5,57,6,2,2,1,121.5
55,70,33,6,2,3,1,121.5
55,20,40,6,2,2,1,121.5
55,10,46,6,2,2,1,121.5
96,63,65,5,1,3,1,95.25
97,5,75,5,2,3,1,95.25
0,92,53,5,2,4,1,97.0
2,67,48,5,2,3,1,97.0
3,6,56,5,2,3,1,97.0
3,45,38,5,2,2,1,97.0
4,15,51,5,2,2,1,97.0
54,89,12,6,2,3,1,121.5
4,59,75,5,2,2,1,97.0
4,89,70,5,2,3,1,97.0
54,70,18,6,2,3,1,121.5
54,55,55,6,2,2,1,121.5
54,18,6,6,2,3,1,121.5
53,40,6,6,2,3,1,121.5
5,23,35,5,2,2,1,97.0
53,39,38,6,2,3,1,121.5
53,20,44,6,2,3,1,121.5
53,6,67,6,2,3,1,121.5
52,87,14,6,2,3,1,121.5
7,62,75,5,2,3,1,97.0
51,50,26,6,2,2,1,121.5
7,78,65,5,2,3,1,97.0
51,22,0,6,2,2,1,121.5
8,2,33,5,1,3,1,97.0
8,38,65,5,2,3,1,97.0
51,7,12,6,2,2,1,121.5
9,54,75,5,1,2,1,97.0
50,36,19,6,2,1,1,121.5
10,88,12,5,1,3,1,97.0
50,32,32,6,2,2,1,121.5
50,12,38,6,2,2,1,121.5
50,11,57,6,2,3,1,121.5
13,8,75,5,1,2,1,97.0
13,28,75,5,4,2,1,97.0
14,52,56,5,2,3,1,97.0
17,44,65,5,3,3,1,97.0
19,10,65,5,2,2,1,97.0
48,78,41,6,2,3,1,121.5
48,39,57,6,2,3,1,121.5
47,93,24,6,2,3,1,121.5
47,87,30,6,2,4,1,121.5
47,78,53,6,2,3,1,121.5
47,62,59,6,2,3,1,121.5
46,0,42,6,3,2,1,121.5
45,28,27,6,2,3,1,121.5
45,19,56,6,2,3,1,121.5
20,43,60,5,2,3,1,97.0
45,12,19,6,3,2,1,121.5
44,85,60,6,2,3,1,121.5
44,15,74,6,2,3,1,121.5
40,97,51,6,2,4,1,121.5
39,57,44,6,3,2,1,121.5
38,81,26,6,3,3,1,121.5
38,54,42,6,3,3,1,121.5
36,88,6,6,2,2,1,121.5
35,99,37,6,2,1,1,121.5
33,99,56,6,3,1,1,121.5
22,97,75,5,2,3,1,97.0
29,59,55,5,2,2,1,97.0
33,78,20,6,3,3,1,121.5
32,40,0,6,2,3,1,121.5
32,24,18,6,2,3,1,121.5
31,38,48,6,2,3,1,121.5
31,71,26,5,2,2,1,97.0
32,2,43,5,2,2,1,97.0
30,94,30,6,1,2,1,121.5
30,76,36,6,1,2,1,121.5
30,21,48,6,1,3,1,121.5
30,15,54,6,1,3,1,121.5
29,86,0,6,3,2,1,121.5
36,22,70,5,2,2,1,97.0
28,80,0,6,2,3,1,121.5
25,38,0,6,3,4,1,121.5
23,59,20,6,2,3,1,121.5
23,18,40,6,2,4,1,121.5
22,74,12,6,2,2,1,121.5
22,35,25,6,2,3,1,121.5
38,10,75,5,4,2,1,97.0
43,47,75,5,3,1,1,97.0
21,45,12,6,3,3,1,121.5
19,96,28,6,2,2,1,121.5
44,68,32,5,3,2,1,97.0
45,43,33,5,2,3,1,97.0
48,9,75,5,2,3,1,97.0
18,86,19,6,3,2,1,121.5
48,21,47,5,2,4,1,97.0
18,80,12,6,3,3,1,121.5
48,94,70,5,3,2,1,97.0
17,30,30,6,3,2,1,121.5
14,83,32,6,3,2,1,121.5
12,94,50,6,2,2,1,121.5
12,47,25,6,2,3,1,121.5
49,1,75,5,3,2,1,97.0
10,93,40,6,2,3,1,121.5
10,36,26,6,2,2,1,121.5
10,9,55,6,2,3,1,121.5
9,93,0,6,3,2,1,121.5
8,65,53,6,2,3,1,121.5
8,20,46,6,2,2,1,121.5
7,97,26,6,2,3,1,121.5
7,61,6,6,2,3,1,121.5
5,94,24,6,2,2,1,121.5
5,56,36,6,3,2,1,121.5
5,36,0,6,3,2,1,121.5
52,7,75,5,1,3,1,97.0
4,82,0,6,2,3,1,121.5
4,51,6,6,2,3,1,121.5
4,45,25,6,2,3,1,121.5
4,36,12,6,2,2,1,121.5
4,31,18,6,2,2,1,121.5
3,76,13,6,2,2,1,121.5
3,39,24,6,2,3,1,121.5
1,75,33,6,2,4,1,121.5
1,53,39,6,2,3,1,121.5
99,21,27,6,2,3,1,119.75
98,97,32,6,3,3,1,119.75
98,67,6,6,3,3,1,119.75
98,33,12,6,3,3,1,119.75
98,11,42,6,3,2,1,119.75
96,59,68,6,2,2,1,119.75
54,41,35,5,2,3,1,97.0
96,47,45,6,2,3,1,119.75
55,28,62,5,2,3,1,97.0
96,15,51,6,2,4,1,119.75
95,92,0,6,3,3,1,119.75
95,90,53,6,3,3,1,119.75
94,83,56,6,2,3,1,119.75
55,49,70,5,3,3,1,97.0
94,28,49,6,3,2,1,119.75
92,4,33,6,3,2,1,119.75
56,27,75,5,2,4,1,97.0
91,80,25,6,2,3,1,119.75
91,78,31,6,2,3,1,119.75
91,31,37,6,2,2,1,119.75
89,66,18,6,3,2,1,119.75
56,48,65,5,2,3,1,97.0
89,41,49,6,3,2,1,119.75
87,5,20,6,3,3,1,119.75
57,20,55,5,2,2,1,97.0
86,62,6,6,2,3,1,119.75
61,13,33,5,1,4,1,97.0
63,0,48,5,2,2,1,97.0
86,51,41,6,2,2,1,119.75
85,76,42,6,3,2,1,119.75
65,83,65,5,3,3,1,97.0
66,10,70,5,2,2,1,97.0
84,59,25,6,3,2,1,119.75
84,42,14,6,3,3,1,119.75
84,32,0,6,3,3,1,119.75
84,0,6,6,3,3,1,119.75
83,45,0,6,3,3,1,119.75
80,8,6,6,3,2,1,119.75
67,7,60,5,3,2,1,97.0
79,60,42,6,3,3,1,119.75
79,55,0,6,4,3,1,119.75
78,58,47,6,3,2,1,119.75
71,84,20,5,2,3,1,97.0
76,89,25,6,2,3,1,119.75
76,33,48,6,2,3,1,119.75
76,10,0,6,2,3,1,119.75
74,98,0,6,2,3,1,119.75
73,14,55,5,2,3,1,97.0
76,43,55,5,2,3,1,97.0
74,91,31,6,2,3,1,119.75
77,8,67,5,2,3,1,97.0
73,69,59,6,3,2,1,119.75
77,12,55,5,2,3,1,97.0
72,16,0,6,3,4,1,119.75
77,78,50,5,2,4,1,97.0
79,23,75,5,3,3,1,97.0
79,95,70,5,4,3,1,97.0
72,5,13,6,3,3,1,119.75
71,65,0,6,3,3,1,119.75
71,41,55,6,3,2,1,119.75
71,15,6,6,3,3,1,119.75
71,9,12,6,3,3,1,119.75
83,29,38,5,2,3,1,97.0
70,17,24,6,3,4,1,119.75
69,36,18,6,3,2,1,119.75
69,31,31,6,3,2,1,119.75
86,39,56,5,1,4,1,97.0
87,73,75,5,3,3,1,97.0
69,17,6,6,3,4,1,119.75
88,27,13,5,1,4,1,97.0
68,26,6,6,3,2,1,119.75
90,15,69,5,4,3,1,97.0
67,54,12,6,3,3,1,119.75
66,40,24,6,2,3,1,119.75
64,98,18,6,3,3,1,119.75
63,73,0,6,3,3,1,119.75
92,39,75,5,4,3,1,97.0
63,71,18,6,3,3,1,119.75
63,50,6,6,3,3,1,119.75
62,73,18,6,3,3,1,119.75
93,19,75,5,2,3,1,97.0
61,24,35,6,2,3,1,119.75
61,14,47,6,2,3,1,119.75
60,79,18,6,3,4,1,119.75
93,52,19,5,2,3,1,97.0
60,43,0,6,3,3,1,119.75
93,86,70,5,3,2,1,97.0
60,10,32,6,3,2,1,119.75
59,17,36,6,2,3,1,119.75
58,57,6,6,2,3,1,119.75
58,29,18,6,2,3,1,119.75
98,24,47,5,2,3,1,97.0
58,14,24,6,2,3,1,119.75
56,91,43,6,2,2,1,119.75
56,76,60,6,3,2,1,119.75
56,43,6,6,3,3,1,119.75
55,54,6,6,3,3,1,119.75
55,34,28,6,3,3,1,119.75
1,40,70,5,2,3,1,98.75
2,75,45,5,3,2,1,98.75
4,42,65,5,2,3,1,98.75
54,0,0,6,2,3,1,119.75
6,89,75,5,1,3,1,98.75
53,64,0,6,3,3,1,119.75
53,41,6,6,3,3,1,119.75
52,44,40,6,2,3,1,119.75
52,19,20,6,2,3,1,119.75
52,14,71,6,2,3,1,119.75
51,77,54,6,2,3,1,119.75
50,5,70,6,2,4,1,119.75
49,92,28,6,3,4,1,119.75
49,88,48,6,3,2,1,119.75
7,70,70,5,2,3,1,98.75
48,62,35,6,3,3,1,119.75
8,41,70,5,2,3,1,98.75
8,44,60,5,2,3,1,98.75
9,61,46,5,1,3,1,98.75
48,5,6,6,3,3,1,119.75
10,54,75,5,3,3,1,98.75
11,30,30,5,2,3,1,98.75
46,73,6,6,3,3,1,119.75
45,38,6,6,3,4,1,119.75
44,57,0,6,3,3,1,119.75
44,22,46,6,3,2,1,119.75
43,13,38,6,3,4,1,119.75
43,6,24,6,3,3,1,119.75
11,84,75,5,3,3,1,98.75
42,98,24,6,3,3,1,119.75
12,28,70,5,2,3,1,98.75
12,77,65,5,2,3,1,98.75
14,42,60,5,3,3,1,98.75
41,47,0,6,3,3,1,119.75
15,62,49,5,3,3,1,98.75
20,63,70,5,3,3,1,98.75
22,60,60,5,2,2,1,98.75
40,83,30,6,3,3,1,119.75
40,55,36,6,3,3,1,119.75
23,82,70,5,3,3,1,98.75
25,31,43,5,3,2,1,98.75
26,5,45,5,2,2,1,98.75
40,11,42,6,3,3,1,119.75
36,99,33,6,2,2,1,119.75
36,81,39,6,2,2,1,119.75
36,49,45,6,2,4,1,119.75
26,76,31,5,2,2,1,98.75
36,27,30,6,3,3,1,119.75
36,2,0,6,3,3,1,119.75
28,32,55,5,2,3,1,98.75
35,73,0,6,2,4,1,119.75
28,86,57,5,3,2,1,98.75
35,12,13,6,2,3,1,119.75
31,85,0,6,2,4,1,119.75
31,28,54,6,2,4,1,119.75
30,97,62,6,1,3,1,119.75
30,77,70,6,1,3,1,119.75
30,64,6,6,2,3,1,119.75
30,61,53,6,2,2,1,119.75
30,35,0,6,2,3,1,119.75
30,42,50,5,0,3,1,98.75
30,98,13,5,1,4,1,98.75
29,66,30,6,3,2,1,119.75
25,52,6,6,3,3,1,119.75
25,18,25,6,3,3,1,119.75
23,96,0,6,3,3,1,119.75
23,84,31,6,3,3,1,119.75
23,26,50,6,3,2,1,119.75
22,70,31,6,2,4,1,119.75
21,82,19,6,3,3,1,119.75
20,81,0,6,3,2,1,119.75
19,61,0,6,2,3,1,119.75
18,88,31,6,3,2,1,119.75
31,2,75,5,3,3,1,98.75
18,79,6,6,4,4,1,119.75
18,41,56,6,3,3,1,119.75
31,92,70,5,3,4,1,98.75
18,14,70,6,3,4,1,119.75
35,60,75,5,2,3,1,98.75
16,72,31,6,4,3,1,119.75
15,83,12,6,3,3,1,119.75
14,86,0,6,3,3,1,119.75
36,57,75,5,2,1,1,98.75
36,96,75,5,3,1,1,98.75
14,10,6,6,3,3,1,119.75
12,76,31,6,2,3,1,119.75
37,2,70,5,3,3,1,98.75
10,98,55,6,3,3,1,119.75
10,90,12,6,3,4,1,119.75
37,26,46,5,3,3,1,98.75
10,45,31,6,3,3,1,119.75
8,34,49,6,3,3,1,119.75
8,29,6,6,3,3,1,119.75
7,80,18,6,2,3,1,119.75
5,4,26,6,3,3,1,119.75
4,44,6,6,3,3,1,119.75
4,41,12,6,3,3,1,119.75
38,9,65,5,4,1,1,98.75
3,61,30,6,2,3,1,119.75
3,47,43,6,2,4,1,119.75
40,17,14,5,1,4,1,98.75
1,6,53,6,2,4,1,119.75
43,35,50,5,3,2,1,98.75
0,31,12,6,3,3,1,119.75
0,21,33,6,3,3,1,119.75
99,76,0,6,2,3,1,118.0
99,57,60,6,2,2,1,118.0
98,94,61,6,3,3,1,118.0
98,73,67,6,3,4,1,118.0
97,93,46,6,3,3,1,118.0
97,63,38,6,3,3,1,118.0
47,25,75,5,2,3,1,98.75
47,76,65,5,2,3,1,98.75
48,2,60,5,3,3,1,98.75
97,20,68,6,3,4,1,118.0
96,85,74,6,2,4,1,118.0
96,81,18,6,3,2,1,118.0
96,35,31,6,3,3,1,118.0
48,19,50,5,3,2,1,98.75
95,80,31,6,3,3,1,118.0
94,56,0,6,3,3,1,118.0
48,63,55,5,3,3,1,98.75
94,54,18,6,3,3,1,118.0
48,98,75,5,3,3,1,98.75
94,35,6,6,3,3,1,118.0
94,0,24,6,3,3,1,118.0
53,4,56,5,2,3,1,98.75
93,78,59,6,3,3,1,118.0
54,24,60,5,3,3,1,98.75
54,30,48,5,3,2,1,98.75
54,40,55,5,3,3,1,98.75
56,35,70,5,2,3,1,98.75
56,68,75,5,3,3,1,98.75
91,32,49,6,2,3,1,118.0
56,70,50,5,3,3,1,98.75
89,60,55,6,3,3,1,118.0
88,86,25,6,2,2,1,118.0
87,94,69,6,3,3,1,118.0
86,63,31,6,2,3,1,118.0
86,4,47,6,2,3,1,118.0
84,35,43,6,3,3,1,118.0
56,93,19,5,3,3,1,98.75
84,26,56,6,3,2,1,118.0
57,11,70,5,2,3,1,98.75
57,19,50,5,2,3,1,98.75
82,91,25,6,3,3,1,118.0
81,44,31,6,2,4,1,118.0
81,28,0,6,3,3,1,118.0
81,16,6,6,3,4,1,118.0
80,2,38,6,3,3,1,118.0
76,44,12,6,3,3,1,118.0
58,11,65,5,2,3,1,98.75
58,78,55,5,2,4,1,98.75
75,79,50,6,3,4,1,118.0
75,41,63,6,3,3,1,118.0
75,2,6,6,4,3,1,118.0
74,56,37,6,2,3,1,118.0
59,16,50,5,2,4,1,98.75
73,16,12,6,3,4,1,118.0
72,77,19,6,3,3,1,118.0
72,42,37,6,3,3,1,118.0
72,21,54,6,3,3,1,118.0
71,29,24,6,3,3,1,118.0
70,72,60,6,3,3,1,118.0
69,51,60,6,3,2,1,118.0
69,37,39,6,3,3,1,118.0
69,16,37,6,4,4,1,118.0
59,88,31,5,2,3,1,98.75
68,89,31,6,3,3,1,118.0
66,89,46,6,2,4,1,118.0
60,33,70,5,2,4,1,98.75
66,26,0,6,3,3,1,118.0
66,16,43,6,3,4,1,118.0
61,15,24,5,2,3,1,98.75
65,82,59,6,3,3,1,118.0
61,59,75,5,2,3,1,98.75
65,58,30,6,3,2,1,118.0
65,1,20,6,3,3,1,118.0
61,96,24,6,3,3,1,118.0
60,94,48,6,3,4,1,118.0
62,45,70,5,3,2,1,98.75
60,63,61,6,3,4,1,118.0
60,12,67,6,3,3,1,118.0
57,90,48,6,3,4,1,118.0
57,41,24,6,3,3,1,118.0
57,4,41,6,3,3,1,118.0
63,36,60,5,3,3,1,98.75
56,25,31,6,3,3,1,118.0
55,77,12,6,3,3,1,118.0
64,17,68,5,3,4,1,98.75
55,4,18,6,3,3,1,118.0
54,79,24,6,3,4,1,118.0
54,28,33,6,3,3,1,118.0
64,40,29,5,2,4,1,98.75
54,6,0,6,3,4,1,118.0
53,50,12,6,3,3,1,118.0
52,54,12,6,3,4,1,118.0
52,42,24,6,3,4,1,118.0
52,22,37,6,3,2,1,118.0
51,72,66,6,2,4,1,118.0
51,52,30,6,3,3,1,118.0
65,66,75,5,4,3,1,98.75
51,31,0,6,3,3,1,118.0
51,11,19,6,3,3,1,118.0
69,44,65,5,2,4,1,98.75
51,4,61,6,3,3,1,118.0
50,75,18,6,3,4,1,118.0
50,73,32,6,3,3,1,118.0
50,60,24,6,3,4,1,118.0
48,91,0,6,3,3,1,118.0
48,65,12,6,3,4,1,118.0
69,93,49,5,2,4,1,98.75
48,59,26,6,3,3,1,118.0
73,26,65,5,3,3,1,98.75
47,59,6,6,3,3,1,118.0
75,92,48,5,4,4,1,98.75
47,56,12,6,3,3,1,118.0
76,32,75,5,2,3,1,98.75
47,22,52,6,3,2,1,118.0
46,55,48,6,3,3,1,118.0
44,71,25,6,3,4,1,118.0
76,99,75,5,3,1,1,98.75
44,12,44,6,4,2,1,118.0
77,87,30,5,3,3,1,98.75
43,81,12,6,3,3,1,118.0
42,63,12,6,4,3,1,118.0
42,7,0,6,4,3,1,118.0
41,28,40,6,3,3,1,118.0
41,18,18,6,3,4,1,118.0
40,93,60,6,3,4,1,118.0
39,93,0,6,3,3,1,118.0
39,47,31,6,3,3,1,118.0
39,42,50,6,3,4,1,118.0
37,10,18,6,4,3,1,118.0
36,94,12,6,3,3,1,118.0
78,63,26,5,3,3,1,98.75
36,9,36,6,3,3,1,118.0
35,39,12,6,3,4,1,118.0
80,24,61,5,2,2,1,98.75
33,30,41,6,3,2,1,118.0
32,57,12,6,2,3,1,118.0
31,89,37,6,3,3,1,118.0
31,75,24,6,3,4,1,118.0
31,60,6,6,3,4,1,118.0
31,40,48,6,3,3,1,118.0
30,87,12,6,2,4,1,118.0
30,78,18,6,2,4,1,118.0
30,38,24,6,2,4,1,118.0
24,25,52,6,3,3,1,118.0
24,5,65,6,3,3,1,118.0
23,55,42,6,3,3,1,118.0
23,48,18,6,3,3,1,118.0
23,34,6,6,3,4,1,118.0
81,45,70,5,2,3,1,98.75
22,53,18,6,3,3,1,118.0
22,33,6,6,3,3,1,118.0
20,95,6,6,3,3,1,118.0
20,71,30,6,3,3,1,118.0
20,66,18,6,3,3,1,118.0
81,91,60,5,2,3,1,98.75
20,51,36,6,3,3,1,118.0
20,49,54,6,3,3,1,118.0
20,39,24,6,3,4,1,118.0
83,82,75,5,3,3,1,98.75
19,80,44,6,2,3,1,118.0
19,71,36,6,3,3,1,118.0
84,80,70,5,3,3,1,98.75
19,44,0,6,3,4,1,118.0
19,31,30,6,3,3,1,118.0
17,35,37,6,4,3,1,118.0
86,76,65,5,2,4,1,98.75
17,15,0,6,4,3,1,118.0
87,12,2,5,3,3,1,98.75
15,76,18,6,3,3,1,118.0
15,5,42,6,3,3,1,118.0
88,50,75,5,2,3,1,98.75
14,76,38,6,3,3,1,118.0
12,97,57,6,2,4,1,118.0
91,9,70,5,2,3,1,98.75
12,16,55,6,4,4,1,118.0
12,14,7,6,3,4,1,118.0
11,92,0,6,3,4,1,118.0
11,52,6,6,3,4,1,118.0
93,22,65,5,3,2,1,98.75
93,33,75,5,3,4,1,98.75
10,0,39,6,3,3,1,118.0
8,87,0,6,3,4,1,118.0
8,86,12,6,3,3,1,118.0
0,38,18,6,3,4,1,100.5
7,81,18,6,3,3,1,118.0
7,8,24,6,3,3,1,118.0
1,9,42,6,3,3,1,100.5
1,82,31,6,3,3,1,100.5
6,80,61,6,3,3,1,118.0
6,67,30,6,3,3,1,118.0
6,45,37,6,3,3,1,118.0
4,81,32,6,3,3,1,118.0
4,75,0,6,3,4,1,118.0
1,84,49,6,3,3,1,100.5
3,94,30,6,3,3,1,118.0
2,52,12,6,3,4,1,100.5
3,67,18,6,3,3,1,118.0
3,15,36,6,3,3,1,118.0
3,66,6,6,3,3,1,100.5
2,95,24,6,3,3,1,118.0
3,70,0,6,3,4,1,100.5
2,57,54,6,3,3,1,118.0
5,81,48,6,3,3,1,100.5
6,48,73,6,3,4,1,100.5
10,34,24,6,3,4,1,100.5
10,87,45,6,3,4,1,100.5
1,32,6,6,3,3,1,118.0
1,0,74,6,3,3,1,118.0
0,49,51,6,3,4,1,118.0
99,89,6,6,2,4,1,116.25
99,46,66,6,2,3,1,116.25
99,33,12,6,2,4,1,116.25
15,90,60,6,3,4,1,100.5
19,92,6,6,3,4,1,100.5
20,21,61,6,3,4,1,100.5
97,98,0,6,4,4,1,116.25
20,48,41,6,4,3,1,100.5
96,56,43,6,3,3,1,116.25
96,55,54,6,3,3,1,116.25
96,22,37,6,3,3,1,116.25
94,63,36,6,3,4,1,116.25
94,2,42,6,3,4,1,116.25
20,99,47,6,4,2,1,100.5
93,4,6,6,3,4,1,116.25
29,31,54,6,3,3,1,100.5
29,62,43,6,3,3,1,100.5
91,96,65,6,3,3,1,116.25
90,32,18,6,4,3,1,116.25
88,83,60,6,2,4,1,116.25
30,34,72,6,2,3,1,100.5
30,91,59,6,2,4,1,100.5
88,52,61,6,3,3,1,116.25
88,34,0,6,3,4,1,116.25
31,15,18,6,3,4,1,100.5
88,18,24,6,3,4,1,116.25
87,42,6,6,4,4,1,116.25
86,48,6,6,3,4,1,116.25
86,30,65,6,3,2,1,116.25
86,28,20,6,3,3,1,116.25
86,3,42,6,3,3,1,116.25
85,93,12,6,4,3,1,116.25
83,74,6,6,3,3,1,116.25
83,50,38,6,3,3,1,116.25
83,0,45,6,3,3,1,116.25
32,39,30,6,3,4,1,100.5
82,42,37,6,3,4,1,116.25
82,41,46,6,3,3,1,116.25
82,1,52,6,3,4,1,116.25
81,25,38,6,3,4,1,116.25
80,22,50,6,3,3,1,116.25
32,68,24,6,3,3,1,100.5
79,99,12,6,4,3,1,116.25
79,40,34,6,4,4,1,116.25
76,78,6,6,3,4,1,116.25
75,23,12,6,4,3,1,116.25
74,92,12,6,3,4,1,116.25
74,71,61,6,2,3,1,116.25
74,50,44,6,3,3,1,116.25
33,79,40,6,4,4,1,100.5
74,46,0,6,3,4,1,116.25
33,96,26,6,3,4,1,100.5
36,11,48,6,3,3,1,100.5
74,15,29,6,3,3,1,116.25
74,7,35,6,3,3,1,116.25
73,27,48,6,3,3,1,116.25
71,22,43,6,3,3,1,116.25
69,22,12,6,3,3,1,116.25
68,37,0,6,3,4,1,116.25
68,22,56,6,3,3,1,116.25
66,69,24,6,3,3,1,116.25
66,19,12,6,3,3,1,116.25
36,68,18,6,3,3,1,100.5
65,49,60,6,4,3,1,116.25
64,29,12,6,3,3,1,116.25
63,20,0,6,4,4,1,116.25
62,90,33,6,4,4,1,116.25
61,94,55,6,3,3,1,116.25
61,89,61,6,3,3,1,116.25
37,89,43,6,4,3,1,100.5
61,30,12,6,3,3,1,116.25
59,51,12,6,3,3,1,116.25
59,39,0,6,3,4,1,116.25
39,89,18,6,4,4,1,100.5
46,82,6,6,4,4,1,100.5
47,65,18,6,3,4,1,100.5
59,1,65,6,3,3,1,116.25
58,93,36,6,2,4,1,116.25
58,91,6,6,3,3,1,116.25
57,98,60,6,3,4,1,116.25
56,87,24,6,3,4,1,116.25
47,95,59,6,3,3,1,100.5
55,89,60,6,3,4,1,116.25
54,33,62,6,4,3,1,116.25
53,57,66,6,3,3,1,116.25
49,10,61,6,4,3,1,100.5
50,83,50,6,3,4,1,100.5
53,13,45,6,3,4,1,116.25
52,38,30,6,4,4,1,116.25
52,5,54,6,4,3,1,116.25
52,0,67,6,3,4,1,116.25
51,67,53,6,3,3,1,116.25
51,25,67,6,3,3,1,116.25
50,57,56,6,3,4,1,116.25
50,1,62,6,3,4,1,116.25
49,62,0,6,4,4,1,116.25
48,56,66,6,4,3,1,116.25
48,26,12,6,4,3,1,116.25
50,91,68,6,3,4,1,100.5
48,22,0,6,4,3,1,116.25
51,6,73,6,3,4,1,100.5
53,94,24,6,3,4,1,100.5
55,73,38,6,4,3,1,100.5
56,13,51,6,4,4,1,100.5
48,8,18,6,4,3,1,116.25
46,98,18,6,4,4,1,116.25
46,77,35,6,4,3,1,116.25
45,64,43,6,3,3,1,116.25
56,88,6,6,4,3,1,100.5
57,45,72,6,3,4,1,100.5
45,40,49,6,3,4,1,116.25
44,13,57,6,4,4,1,116.25
58,64,24,6,3,3,1,100.5
43,57,44,6,3,4,1,116.25
43,10,67,6,4,3,1,116.25
42,53,30,6,4,3,1,116.25
41,65,0,6,4,4,1,116.25
39,97,6,6,4,4,1,116.25
58,74,18,6,3,3,1,100.5
38,31,12,6,4,4,1,116.25
36,83,24,6,3,3,1,116.25
36,41,6,6,3,4,1,116.25
35,33,18,6,3,4,1,116.25
33,68,46,6,4,3,1,116.25
59,29,32,6,3,4,1,100.5
32,4,67,6,3,3,1,116.25
31,98,6,6,4,4,1,116.25
30,83,18,6,3,3,1,116.25
59,32,38,6,3,3,1,100.5
59,35,49,6,3,3,1,100.5
30,81,54,6,3,3,1,116.25
30,53,60,6,3,3,1,116.25
30,39,36,6,3,4,1,116.25
60,21,39,6,4,3,1,100.5
61,17,30,6,4,4,1,100.5
29,91,71,6,3,3,1,116.25
25,76,37,6,3,4,1,116.25
23,81,24,6,3,4,1,116.25
23,4,56,6,3,4,1,116.25
22,75,62,6,3,4,1,116.25
22,39,68,6,3,4,1,116.25
21,67,24,6,4,3,1,116.25
20,60,12,6,4,4,1,116.25
19,69,66,6,3,3,1,116.25
17,72,43,6,4,3,1,116.25
62,7,6,6,4,3,1,100.5
64,14,30,6,3,4,1,100.5
17,53,51,6,4,3,1,116.25
17,39,61,6,4,4,1,116.25
15,67,36,6,4,3,1,116.25
64,25,49,6,3,4,1,100.5
64,53,36,6,3,4,1,100.5
64,97,12,6,4,4,1,100.5
14,72,12,6,3,4,1,116.25
13,35,63,6,4,3,1,116.25
65,96,6,6,4,4,1,100.5
11,94,30,6,3,4,1,116.25
66,92,34,6,3,4,1,100.5
11,86,36,6,3,3,1,116.25
11,43,0,6,4,4,1,116.25
67,8,42,6,3,3,1,100.5
68,55,62,6,3,4,1,100.5
8,39,74,6,3,4,1,116.25
8,37,30,6,3,4,1,116.25
7,39,42,6,3,4,1,116.25
7,38,48,6,3,4,1,116.25
5,41,12,6,4,4,1,116.25
68,99,37,6,3,3,1,100.5
5,15,0,6,4,4,1,116.25
4,29,73,6,3,4,1,116.25
69,41,45,6,3,4,1,100.5
4,23,0,6,4,4,1,116.25
3,55,12,6,3,4,1,116.25
3,52,73,6,3,3,1,116.25
2,21,18,6,3,4,1,116.25
1,43,12,6,3,4,1,116.25
71,73,49,6,3,4,1,100.5
72,82,73,6,3,4,1,100.5
0,80,0,6,4,4,1,116.25
74,32,60,6,3,3,1,100.5
77,82,41,6,3,4,1,100.5
78,48,24,6,4,4,1,100.5
0,75,39,6,4,4,1,116.25
0,64,55,6,4,3,1,116.25
81,53,73,6,3,3,1,100.5
0,47,73,6,4,3,1,116.25
99,84,53,6,2,4,1,114.5
99,61,73,6,2,3,1,114.5
99,50,0,6,3,4,1,114.5
99,26,6,6,3,3,1,114.5
99,18,30,6,3,4,1,114.5
99,1,18,6,3,4,1,114.5
82,99,24,6,4,3,1,100.5
83,3,24,6,4,3,1,100.5
96,20,18,6,4,4,1,114.5
88,12,36,6,3,3,1,100.5
88,31,18,6,3,4,1,100.5
95,69,12,6,3,4,1,114.5
88,76,44,6,3,3,1,100.5
89,15,12,6,4,4,1,100.5
93,48,52,6,3,4,1,114.5
91,70,12,6,3,4,1,100.5
92,60,18,6,4,4,1,114.5
91,76,50,6,3,3,1,114.5
88,67,50,6,3,4,1,114.5
88,61,67,6,3,4,1,114.5
91,94,18,6,3,4,1,100.5
88,39,48,6,4,4,1,114.5
86,96,71,6,3,3,1,114.5
86,19,26,6,3,4,1,114.5
85,14,18,6,4,3,1,114.5
84,25,62,6,3,4,1,114.5
83,59,0,6,4,4,1,114.5
82,96,0,6,4,4,1,114.5
82,80,12,6,4,4,1,114.5
92,59,40,6,4,4,1,100.5
93,23,6,6,4,4,1,100.5
81,86,60,6,3,4,1,114.5
81,55,0,6,4,4,1,114.5
81,26,18,6,4,3,1,114.5
94,30,0,6,4,3,1,100.5
80,26,24,6,4,3,1,114.5
78,41,30,6,4,4,1,114.5
96,30,42,6,4,3,1,100.5
78,37,12,6,4,4,1,114.5
77,22,6,6,3,4,1,114.5
75,98,53,6,4,4,1,114.5
75,85,68,6,4,4,1,114.5
97,22,24,6,4,3,1,100.5
99,63,44,6,3,3,1,100.5
75,81,74,6,4,4,1,114.5
99,81,50,6,3,4,1,100.5
74,58,50,6,3,3,1,114.5
72,32,0,6,4,4,1,114.5
71,77,67,6,3,4,1,114.5
99,86,56,6,3,3,1,100.5
0,54,6,6,4,4,1,102.25
71,63,6,6,4,4,1,114.5
71,53,0,6,4,4,1,114.5
1,3,0,6,3,4,1,102.25
69,88,54,6,3,4,1,114.5
69,62,18,6,4,4,1,114.5
1,45,0,6,4,4,1,102.25
5,45,55,6,4,3,1,102.25
7,36,54,6,3,3,1,102.25
68,80,68,6,3,4,1,114.5
68,70,6,6,4,4,1,114.5
68,10,0,6,4,4,1,114.5
66,21,67,6,3,4,1,114.5
66,5,49,6,3,4,1,114.5
64,57,62,6,3,4,1,114.5
64,8,36,6,4,3,1,114.5
63,78,42,6,4,4,1,114.5
63,52,18,6,4,4,1,114.5
62,97,39,6,4,4,1,114.5
7,73,12,6,3,4,1,102.25
62,96,12,6,4,4,1,114.5
62,83,66,6,4,4,1,114.5
62,77,47,6,4,3,1,114.5
8,22,55,6,3,4,1,102.25
62,53,24,6,4,4,1,114.5
62,2,53,6,4,4,1,114.5
60,41,51,6,4,4,1,114.5
59,49,6,6,4,4,1,114.5
58,42,43,6,3,4,1,114.5
56,24,41,6,4,3,1,114.5
56,21,0,6,4,4,1,114.5
55,14,18,6,4,4,1,114.5
54,57,0,6,4,4,1,114.5
54,47,18,6,4,4,1,114.5
8,45,61,6,3,3,1,102.25
52,96,36,6,4,4,1,114.5
52,53,42,6,4,4,1,114.5
50,82,18,6,4,4,1,114.5
50,52,24,6,4,4,1,114.5
47,71,65,6,3,4,1,114.5
47,44,6,6,4,4,1,114.5
47,38,36,6,4,4,1,114.5
44,40,12,6,4,4,1,114.5
9,43,61,6,3,4,1,102.25
9,51,0,6,4,4,1,102.25
43,58,30,6,4,3,1,114.5
11,73,6,6,4,4,1,102.25
43,5,6,6,4,4,1,114.5
41,70,18,6,4,4,1,114.5
41,36,65,6,4,3,1,114.5
14,41,24,6,4,4,1,102.25
38,30,42,6,4,4,1,114.5
37,21,6,6,4,4,1,114.5
19,37,36,6,4,4,1,102.25
36,59,55,6,4,3,1,114.5
36,52,0,6,4,4,1,114.5
36,35,42,6,3,4,1,114.5
36,30,6,6,4,3,1,114.5
20,69,6,6,4,4,1,102.25
36,26,30,6,4,3,1,114.5
23,33,24,6,4,4,1,102.25
23,86,48,6,4,3,1,102.25
24,57,71,6,3,4,1,102.25
35,96,55,6,3,4,1,114.5
34,28,46,6,4,3,1,114.5
32,51,12,6,3,4,1,114.5
24,58,0,6,4,3,1,102.25
31,91,37,6,4,3,1,114.5
30,37,24,6,3,4,1,114.5
29,84,60,6,3,4,1,114.5
29,76,24,6,4,3,1,114.5
25,78,0,6,4,4,1,102.25
26,27,54,6,3,3,1,102.25
28,84,6,6,3,4,1,114.5
26,45,6,6,4,4,1,102.25
28,18,0,6,4,4,1,114.5
27,18,46,6,4,4,1,114.5
26,37,70,6,3,4,1,114.5
26,15,24,6,4,4,1,114.5
24,72,6,6,4,4,1,114.5
24,4,12,6,4,4,1,114.5
23,74,67,6,4,3,1,114.5
21,41,36,6,4,4,1,114.5
18,76,56,6,4,3,1,114.5
15,99,62,6,4,3,1,114.5
29,74,0,6,4,4,1,102.25
14,20,53,6,4,4,1,114.5
12,52,48,6,3,4,1,114.5
30,20,24,6,4,4,1,102.25
11,61,18,6,4,3,1,114.5
11,19,42,6,4,3,1,114.5
10,76,6,6,4,4,1,114.5
9,2,6,6,4,4,1,114.5
8,96,48,6,4,4,1,114.5
8,48,30,6,4,4,1,114.5
5,68,18,6,4,4,1,114.5
30,86,48,6,3,4,1,102.25
5,2,24,6,4,4,1,114.5
3,74,48,6,3,4,1,114.5
3,50,54,6,3,4,1,114.5
32,48,36,6,4,4,1,102.25
34,69,30,6,4,4,1,102.25
2,74,73,6,4,3,1,114.5
2,73,18,6,4,4,1,114.5
1,62,72,6,4,4,1,114.5
1,22,30,6,4,3,1,114.5
35,44,18,6,4,4,1,102.25
40,10,18,6,4,4,1,102.25
99,64,68,6,3,4,1,112.75
96,82,61,6,4,4,1,112.75
96,67,67,6,4,4,1,112.75
95,10,37,6,3,4,1,112.75
41,93,71,6,4,4,1,102.25
91,54,43,6,3,4,1,112.75
90,87,54,6,4,4,1,112.75
88,32,73,6,3,4,1,112.75
88,1,6,6,4,4,1,112.75
87,88,18,6,4,4,1,112.75
44,10,24,6,4,4,1,102.25
87,30,66,6,4,3,1,112.75
44,90,74,6,4,4,1,102.25
84,76,0,6,4,4,1,112.75
83,97,18,6,4,4,1,112.75
83,70,37,6,4,4,1,112.75
45,21,12,6,4,4,1,102.25
83,51,6,6,4,4,1,112.75
81,83,12,6,4,4,1,112.75
80,48,42,6,4,4,1,112.75
46,86,12,6,4,4,1,102.25
77,71,12,6,4,4,1,112.75
49,14,36,6,4,4,1,102.25
50,25,6,6,4,4,1,102.25
50,96,73,6,4,4,1,102.25
53,91,6,6,4,4,1,102.25
56,14,65,6,4,3,1,102.25
74,36,12,6,4,4,1,112.75
74,6,6,6,4,4,1,112.75
74,2,30,6,4,4,1,112.75
71,88,31,6,4,4,1,112.75
71,85,37,6,4,4,1,112.75
71,46,43,6,4,4,1,112.75
69,95,43,6,4,3,1,112.75
67,70,24,6,4,4,1,112.75
67,6,12,6,4,4,1,112.75
66,87,60,6,3,4,1,112.75
59,73,24,6,4,4,1,102.25
66,70,43,6,4,4,1,112.75
65,88,24,6,4,4,1,112.75
65,74,36,6,4,4,1,112.75
60,45,30,6,4,4,1,102.25
65,32,30,6,4,4,1,112.75
64,2,0,6,4,4,1,112.75
60,87,72,6,4,4,1,102.25
63,99,74,6,4,3,1,112.75
63,19,12,6,4,4,1,112.75
61,25,12,6,4,4,1,102.25
66,0,12,6,4,4,1,102.25
61,97,45,6,4,4,1,112.75
61,70,51,6,4,4,1,112.75
67,57,6,6,4,4,1,102.25
61,4,36,6,3,4,1,112.75
60,98,45,6,4,4,1,112.75
68,57,12,6,4,4,1,102.25
69,21,73,6,4,4,1,102.25
70,9,57,6,4,4,1,102.25
71,6,18,6,4,4,1,102.25
71,57,50,6,4,4,1,102.25
59,0,18,6,4,4,1,112.75
58,53,12,6,3,4,1,112.75
77,59,30,6,4,4,1,102.25
58,35,36,6,3,4,1,112.75
81,32,6,6,4,4,1,102.25
83,4,30,6,4,4,1,102.25
83,18,72,6,4,4,1,102.25
58,32,56,6,3,4,1,112.75
57,86,18,6,4,4,1,112.75
57,29,38,6,4,4,1,112.75
84,22,74,6,4,3,1,102.25
57,22,24,6,4,4,1,112.75
56,80,18,6,4,4,1,112.75
56,59,12,6,4,4,1,112.75
85,67,30,6,4,4,1,102.25
56,51,24,6,4,4,1,112.75
86,44,37,6,4,4,1,102.25
56,33,30,6,4,4,1,112.75
55,50,30,6,4,4,1,112.75
52,95,60,6,4,4,1,112.75
51,36,18,6,4,4,1,112.75
50,53,48,6,4,4,1,112.75
49,94,12,6,4,4,1,112.75
49,28,18,6,4,4,1,112.75
86,55,6,6,4,4,1,102.25
86,64,24,6,4,4,1,102.25
48,3,60,6,4,3,1,112.75
47,88,0,6,4,4,1,112.75
47,66,24,6,4,4,1,112.75
94,18,62,6,4,4,1,102.25
46,67,56,6,4,4,1,112.75
46,36,24,6,4,4,1,112.75
42,5,61,6,4,4,1,112.75
94,84,36,6,4,4,1,102.25
40,82,55,6,4,4,1,112.75
40,71,71,6,4,4,1,112.75
37,29,49,6,4,4,1,112.75
36,82,47,6,4,4,1,112.75
36,64,61,6,4,4,1,112.75
35,89,0,6,4,4,1,112.75
33,65,53,6,4,4,1,112.75
32,66,18,6,4,4,1,112.75
32,64,42,6,4,4,1,112.75
0,50,61,6,4,4,1,104.0
32,7,62,6,4,3,1,112.75
31,43,24,6,4,4,1,112.75
3,42,67,6,3,4,1,104.0
30,23,73,6,3,4,1,112.75
30,14,0,6,4,4,1,112.75
30,7,68,6,4,3,1,112.75
29,70,63,6,4,4,1,112.75
29,3,6,6,4,4,1,112.75
7,15,6,6,4,4,1,104.0
27,1,36,6,3,4,1,112.75
26,98,30,6,4,4,1,112.75
7,33,0,6,4,4,1,104.0
11,46,49,6,4,4,1,104.0
26,23,12,6,4,4,1,112.75
25,64,18,6,4,4,1,112.75
11,58,62,6,4,3,1,104.0
24,9,18,6,4,4,1,112.75
22,82,30,6,4,4,1,112.75
12,27,19,6,3,4,1,104.0
22,50,12,6,4,4,1,112.75
22,11,36,6,4,4,1,112.75
19,34,18,6,4,4,1,104.0
19,54,49,6,4,4,1,104.0
19,53,55,6,4,4,1,112.75
19,58,68,6,4,3,1,104.0
18,95,12,6,4,4,1,112.75
19,77,0,6,4,4,1,104.0
15,47,30,6,4,4,1,112.75
15,3,42,6,4,4,1,112.75
21,25,30,6,4,4,1,104.0
12,87,36,6,4,4,1,112.75
12,45,42,6,3,4,1,112.75
22,7,18,6,4,4,1,104.0
11,67,73,6,4,4,1,112.75
11,27,25,6,4,4,1,112.75
10,65,66,6,4,4,1,112.75
10,46,72,6,4,4,1,112.75
8,53,18,6,4,4,1,112.75
7,77,24,6,4,4,1,112.75
7,63,30,6,4,4,1,112.75
7,6,36,6,4,4,1,112.75
6,59,46,6,4,4,1,112.75
6,38,59,6,4,4,1,112.75
22,46,62,6,4,4,1,104.0
22,61,0,6,4,4,1,104.0
5,67,36,6,4,4,1,112.75
4,34,62,6,4,4,1,112.75
3,58,74,6,4,3,1,112.75
2,29,12,6,4,4,1,112.75
24,31,60,6,4,3,1,104.0
24,52,66,6,4,4,1,104.0
0,66,30,6,4,4,1,112.75
99,14,42,6,4,4,1,111.0
99,3,12,6,4,4,1,111.0
98,78,36,6,4,4,1,111.0
24,85,24,6,4,4,1,104.0
91,30,12,6,4,4,1,111.0
25,47,55,6,4,4,1,104.0
86,40,0,6,4,4,1,111.0
85,73,43,6,4,4,1,111.0
84,72,18,6,4,4,1,111.0
82,95,67,6,4,4,1,111.0
28,14,60,6,4,4,1,104.0
29,99,18,6,4,4,1,104.0
80,3,30,6,4,4,1,111.0
77,66,6,6,4,4,1,111.0
77,49,73,6,4,4,1,111.0
30,84,30,6,4,4,1,104.0
31,44,50,6,4,4,1,104.0
31,77,43,6,4,4,1,104.0
74,95,18,6,4,4,1,111.0
33,76,59,6,4,4,1,104.0
35,57,30,6,4,4,1,104.0
35,86,54,6,4,4,1,104.0
74,68,24,6,4,4,1,111.0
73,60,57,6,4,4,1,111.0
69,68,49,6,4,4,1,111.0
40,2,61,6,4,4,1,104.0
66,94,54,6,4,4,1,111.0
61,81,36,6,4,4,1,111.0
61,68,57,6,4,4,1,111.0
61,7,73,6,4,4,1,111.0
60,69,0,6,4,4,1,111.0
41,27,57,6,4,4,1,104.0
59,81,56,6,4,4,1,111.0
59,24,72,6,4,4,1,111.0
58,73,30,6,4,4,1,111.0
58,27,0,6,4,4,1,111.0
58,20,59,6,4,4,1,111.0
58,7,12,6,4,4,1,111.0
52,78,72,6,4,4,1,111.0
51,20,30,6,4,4,1,111.0
50,26,36,6,4,4,1,111.0
42,73,73,6,4,4,1,104.0
49,32,24,6,4,4,1,111.0
43,9,36,6,4,4,1,104.0
45,34,36,6,4,4,1,104.0
47,43,49,6,4,4,1,111.0
47,32,12,6,4,4,1,111.0
45,35,24,6,4,4,1,111.0
42,4,18,6,4,4,1,111.0
50,6,67,6,4,4,1,104.0
37,43,55,6,4,4,1,111.0
37,30,61,6,4,4,1,111.0
51,19,42,6,4,4,1,104.0
36,84,67,6,4,4,1,111.0
35,24,48,6,4,4,1,111.0
31,25,68,6,4,4,1,111.0
30,67,18,6,4,4,1,111.0
30,27,6,6,4,4,1,111.0
53,25,74,6,4,4,1,104.0
28,72,24,6,4,4,1,111.0
54,97,30,6,4,4,1,104.0
55,74,54,6,4,4,1,104.0
56,45,57,6,4,4,1,104.0
22,91,42,6,4,4,1,111.0
22,45,48,6,4,4,1,111.0
59,85,62,6,4,4,1,104.0
19,4,74,6,4,4,1,111.0
60,9,63,6,4,4,1,104.0
12,63,24,6,4,4,1,111.0
12,10,30,6,3,4,1,111.0
11,10,12,6,4,4,1,111.0
10,72,43,6,4,4,1,111.0
8,95,0,6,4,4,1,111.0
8,77,36,6,4,4,1,111.0
8,64,6,6,4,4,1,111.0
61,26,18,6,4,4,1,104.0
8,55,24,6,4,4,1,111.0
7,3,48,6,4,4,1,111.0
6,76,24,6,4,4,1,111.0
4,91,24,6,4,4,1,111.0
64,58,48,6,4,4,1,104.0
64,89,30,6,4,4,1,104.0
1,98,24,6,4,4,1,111.0
0,9,24,6,4,4,1,111.0
99,7,54,6,4,4,1,109.25
99,5,30,6,4,4,1,109.25
66,9,69,6,4,4,1,104.0
98,95,73,6,4,4,1,109.25
68,23,30,6,4,4,1,104.0
94,99,6,6,4,4,1,109.25
94,86,68,6,4,4,1,109.25
94,72,74,6,4,4,1,109.25
94,8,42,6,4,4,1,109.25
69,10,55,6,4,4,1,104.0
93,72,30,6,4,4,1,109.25
89,91,36,6,4,4,1,109.25
88,40,40,6,4,4,1,109.25
69,97,63,6,4,4,1,104.0
81,35,62,6,4,4,1,109.25
70,12,73,6,4,3,1,104.0
71,80,56,6,4,4,1,104.0
77,63,49,6,4,4,1,109.25
72,2,36,6,4,4,1,104.0
77,54,55,6,4,4,1,109.25
73,30,36,6,4,4,1,104.0
76,97,70,6,4,4,1,109.25
76,93,12,6,4,4,1,109.25
74,26,42,6,4,4,1,109.25
72,93,54,6,4,4,1,109.25
84,12,12,6,4,4,1,104.0
69,58,24,6,4,4,1,109.25
68,76,43,6,4,4,1,109.25
86,80,74,6,4,4,1,104.0
88,3,60,6,4,4,1,104.0
66,74,60,6,4,4,1,109.25
99,47,61,6,4,4,1,104.0
0,95,45,6,4,4,1,105.75
58,61,6,6,4,4,1,109.25
58,12,18,6,4,4,1,109.25
56,64,74,6,4,4,1,109.25
54,95,24,6,4,4,1,109.25
3,54,36,6,4,4,1,105.75
3,81,68,6,4,4,1,105.75
3,91,18,6,4,4,1,105.75
4,93,42,6,4,4,1,105.75
47,58,67,6,4,4,1,109.25
43,83,43,6,4,4,1,109.25
7,88,66,6,4,4,1,105.75
8,19,61,6,4,4,1,105.75
8,28,12,6,4,4,1,105.75
8,43,73,6,4,4,1,105.75
9,26,48,6,4,4,1,105.75
34,4,68,6,4,4,1,109.25
31,76,30,6,4,4,1,109.25
26,72,60,6,4,4,1,109.25
26,21,76,4,3,2,2,109.25
23,67,42,6,4,4,1,109.25
15,31,74,6,4,4,1,109.25
12,22,68,6,4,4,1,109.25
11,64,55,6,4,4,1,109.25
9,84,42,6,4,4,1,109.25
26,31,0,6,4,4,1,105.75
5,24,42,6,4,4,1,109.25
99,22,74,6,4,4,1,107.5
51,49,67,6,4,4,1,105.75
89,36,73,6,4,4,1,107.5
86,49,30,6,4,4,1,107.5
53,68,63,6,4,4,1,105.75
76,95,51,6,4,4,1,107.5
58,95,36,6,4,4,1,107.5
55,32,48,6,4,4,1,107.5
54,13,69,6,4,4,1,107.5
55,91,74,6,4,4,1,105.75
40,28,6,6,4,4,1,107.5
35,58,73,6,4,4,1,107.5
30,80,48,6,4,4,1,107.5
29,51,55,6,4,4,1,107.5
28,91,30,6,4,4,1,107.5
28,27,36,6,4,4,1,107.5
66,80,36,6,4,4,1,105.75
68,51,36,6,4,4,1,105.75
3,30,54,6,4,4,1,107.5
99,25,24,6,4,4,1,105.75
91,85,49,6,4,4,1,105.75
