src,dst,spec,slots_used,core_src,core_dst,cores_used,tfk_slot
99,24,0,17,0,0,1,400.0
99,4,17,17,0,0,1,400.0
98,87,0,17,0,0,1,400.0
0,3,77,3,0,0,1,50.0
98,72,17,17,0,0,1,400.0
0,8,74,3,0,0,1,50.0
98,53,34,17,0,0,1,400.0
0,13,71,3,0,0,1,50.0
0,16,68,3,0,0,1,50.0
0,17,65,3,0,0,1,50.0
98,46,51,17,0,0,1,400.0
98,29,0,17,1,0,1,400.0
0,21,62,3,0,0,1,50.0
98,1,17,17,1,0,1,400.0
97,59,0,17,0,0,1,400.0
0,27,59,3,0,0,1,50.0
97,35,17,17,0,0,1,400.0
0,30,56,3,0,0,1,50.0
96,77,0,17,0,0,1,400.0
0,32,53,3,0,0,1,50.0
0,39,50,3,0,0,1,50.0
96,73,17,17,0,0,1,400.0
96,48,34,17,0,0,1,400.0
96,34,51,17,0,0,1,400.0
0,44,47,3,0,0,1,50.0
0,45,44,3,0,0,1,50.0
0,46,41,3,0,0,1,50.0
95,87,17,17,0,0,1,400.0
95,58,0,17,0,0,1,400.0
0,54,38,3,0,0,1,50.0
0,57,35,3,0,0,1,50.0
0,59,32,3,0,0,1,50.0
0,60,29,3,0,0,1,50.0
0,65,26,3,0,0,1,50.0
0,71,23,3,0,0,1,50.0
0,73,14,3,0,0,1,50.0
0,75,20,3,0,0,1,50.0
0,76,17,3,0,0,1,50.0
0,85,11,3,0,0,1,50.0
95,33,34,17,0,0,1,400.0
92,62,0,17,0,0,1,400.0
0,89,8,3,0,0,1,50.0
0,92,5,3,0,1,1,50.0
0,99,2,3,0,1,1,50.0
1,6,77,3,0,0,1,50.0
1,8,71,3,0,0,1,50.0
1,14,74,3,0,0,1,50.0
1,19,68,3,0,0,1,50.0
92,45,17,17,0,0,1,400.0
91,37,0,17,0,0,1,400.0
90,38,0,17,0,0,1,400.0
90,23,17,17,0,0,1,400.0
1,29,65,3,0,0,1,50.0
1,43,62,3,0,0,1,50.0
90,15,34,17,0,0,1,400.0
89,95,51,17,0,0,1,400.0
89,79,11,17,0,0,1,400.0
89,68,28,17,0,0,1,400.0
89,26,0,17,1,0,1,400.0
89,24,17,17,1,0,1,400.0
1,52,59,3,0,0,1,50.0
88,90,51,17,0,0,1,400.0
88,61,0,17,0,0,1,400.0
1,54,56,3,0,0,1,50.0
1,60,53,3,0,0,1,50.0
87,62,34,17,0,0,1,400.0
87,48,51,17,0,0,1,400.0
87,36,0,17,1,0,1,400.0
86,52,0,17,0,0,1,400.0
1,74,50,3,0,0,1,50.0
86,2,17,17,0,0,1,400.0
85,64,14,17,0,0,1,400.0
1,86,47,3,0,0,1,50.0
1,89,5,3,0,0,1,50.0
2,5,77,3,0,0,1,50.0
2,22,74,3,0,0,1,50.0
2,23,71,3,0,0,1,50.0
2,24,68,3,0,0,1,50.0
85,5,31,17,0,0,1,400.0
2,29,62,3,0,0,1,50.0
2,30,65,3,0,0,1,50.0
2,35,59,3,0,0,1,50.0
2,36,56,3,0,0,1,50.0
84,78,0,17,0,0,1,400.0
2,39,53,3,0,0,1,50.0
2,40,50,3,0,0,1,50.0
2,46,47,3,0,0,1,50.0
2,49,44,3,0,0,1,50.0
84,3,17,17,0,0,1,400.0
83,92,34,17,0,0,1,400.0
83,60,0,17,0,0,1,400.0
83,25,17,17,0,0,1,400.0
2,53,14,3,0,0,1,50.0
2,58,41,3,0,0,1,50.0
82,73,34,17,0,0,1,400.0
82,23,0,17,0,0,1,400.0
82,9,17,17,0,0,1,400.0
81,23,34,17,0,0,1,400.0
2,61,38,3,0,0,1,50.0
81,5,0,17,0,0,1,400.0
2,67,35,3,0,0,1,50.0
2,68,11,3,0,0,1,50.0
2,69,8,3,0,0,1,50.0
80,62,17,17,0,0,1,400.0
80,22,0,17,0,0,1,400.0
78,79,28,17,0,0,1,400.0
78,76,45,17,0,0,1,400.0
78,29,62,17,0,1,1,400.0
78,15,0,17,1,0,1,400.0
78,6,17,17,1,0,1,400.0
77,19,17,17,0,0,1,400.0
2,71,5,3,0,0,1,50.0
2,73,2,3,0,0,1,50.0
77,12,34,17,0,0,1,400.0
76,92,62,17,0,0,1,400.0
2,75,77,3,1,0,1,50.0
2,80,74,3,1,0,1,50.0
76,89,0,17,0,2,1,400.0
76,29,20,17,0,0,1,400.0
2,81,71,3,1,0,1,50.0
2,84,68,3,1,0,1,50.0
76,28,0,17,1,0,1,400.0
74,47,0,17,0,0,1,400.0
2,95,65,3,1,1,1,50.0
3,0,74,3,0,1,1,50.0
74,16,17,17,0,0,1,400.0
72,62,51,17,0,0,1,400.0
72,7,0,17,0,0,1,400.0
71,84,34,17,0,0,1,400.0
3,2,62,3,0,1,1,50.0
3,8,68,3,0,0,1,50.0
3,12,71,3,0,0,1,50.0
71,62,51,17,0,1,1,400.0
3,19,65,3,0,0,1,50.0
70,3,0,17,0,0,1,400.0
3,24,59,3,0,0,1,50.0
68,75,45,17,0,0,1,400.0
68,13,62,17,0,1,1,400.0
3,37,56,3,0,0,1,50.0
3,43,53,3,0,0,1,50.0
67,77,51,17,0,0,1,400.0
3,46,44,3,0,0,1,50.0
67,47,17,17,0,0,1,400.0
3,54,50,3,0,0,1,50.0
66,20,0,17,0,0,1,400.0
3,61,47,3,0,0,1,50.0
3,65,41,3,0,0,1,50.0
3,74,38,3,0,0,1,50.0
66,2,17,17,0,1,1,400.0
3,77,35,3,0,1,1,50.0
3,83,77,3,1,0,1,50.0
3,89,74,3,1,0,1,50.0
64,29,37,17,0,0,1,400.0
64,26,54,17,0,0,1,400.0
3,95,71,3,1,0,1,50.0
3,97,68,3,1,0,1,50.0
63,98,34,17,0,1,1,400.0
4,3,65,3,0,1,1,50.0
4,25,77,3,0,0,1,50.0
4,37,74,3,0,0,1,50.0
4,48,71,3,0,0,1,50.0
4,53,68,3,0,0,1,50.0
63,65,0,17,0,0,1,400.0
63,51,17,17,0,0,1,400.0
4,55,62,3,0,0,1,50.0
63,44,51,17,0,0,1,400.0
63,20,17,17,1,0,1,400.0
63,0,0,17,1,1,1,400.0
4,72,48,3,0,0,1,50.0
4,74,59,3,0,0,1,50.0
62,33,0,17,1,0,1,400.0
4,75,42,3,0,0,1,50.0
4,77,56,3,0,1,1,50.0
4,84,53,3,0,0,1,50.0
5,4,74,3,0,1,1,50.0
61,82,51,17,0,0,1,400.0
61,79,17,17,0,1,1,400.0
61,68,0,17,1,1,1,400.0
61,66,34,17,1,0,1,400.0
61,22,17,17,1,0,1,400.0
5,14,71,3,0,0,1,50.0
60,79,56,17,0,0,1,400.0
60,64,32,17,0,1,1,400.0
60,38,17,17,1,0,1,400.0
5,18,68,3,0,0,1,50.0
5,21,65,3,0,0,1,50.0
5,25,62,3,0,0,1,50.0
60,10,0,17,1,0,1,400.0
5,29,59,3,0,0,1,50.0
59,65,44,17,0,0,1,400.0
5,33,56,3,0,0,1,50.0
5,60,50,3,0,0,1,50.0
59,58,61,17,0,0,1,400.0
59,37,17,17,1,0,1,400.0
59,19,0,17,1,0,1,400.0
5,61,53,3,0,1,1,50.0
58,91,17,17,0,0,1,400.0
5,69,28,3,0,0,1,50.0
58,81,44,17,0,1,1,400.0
57,40,0,17,0,0,1,400.0
57,31,17,17,0,0,1,400.0
57,11,38,17,0,0,1,400.0
5,77,25,3,0,1,1,50.0
5,93,22,3,0,0,1,50.0
56,91,34,17,0,0,1,400.0
5,98,19,3,0,2,1,50.0
56,14,0,17,0,0,1,400.0
55,99,34,17,0,0,1,400.0
6,1,44,3,0,0,1,50.0
55,51,0,17,0,0,1,400.0
6,4,39,3,0,0,1,50.0
55,16,17,17,0,1,1,400.0
6,8,65,3,0,0,1,50.0
6,10,74,3,0,0,1,50.0
6,12,68,3,0,0,1,50.0
55,14,17,17,1,0,1,400.0
54,13,0,17,0,0,1,400.0
53,72,17,17,0,1,1,400.0
53,58,51,17,0,1,1,400.0
53,38,34,17,1,0,1,400.0
6,20,71,3,0,0,1,50.0
53,37,0,17,1,1,1,400.0
53,4,17,17,1,1,1,400.0
6,21,59,3,0,0,1,50.0
6,24,62,3,0,0,1,50.0
52,96,17,17,0,1,1,400.0
52,79,34,17,0,1,1,400.0
52,38,62,17,0,0,1,400.0
6,27,56,3,0,0,1,50.0
52,34,0,17,1,0,1,400.0
6,30,53,3,0,0,1,50.0
52,26,17,17,1,0,1,400.0
51,47,34,17,0,0,1,400.0
51,37,51,17,0,1,1,400.0
6,31,50,3,0,0,1,50.0
6,33,47,3,0,1,1,50.0
6,34,36,3,0,0,1,50.0
51,16,0,17,1,0,1,400.0
6,36,14,3,0,1,1,50.0
51,2,34,17,1,1,1,400.0
50,78,34,17,0,1,1,400.0
50,13,17,17,0,0,1,400.0
6,41,11,3,0,0,1,50.0
6,45,8,3,0,0,1,50.0
6,46,5,3,0,0,1,50.0
49,47,51,17,0,0,1,400.0
6,47,2,3,0,1,1,50.0
6,48,77,3,1,0,1,50.0
49,36,17,17,0,0,1,400.0
49,18,0,17,0,0,1,400.0
6,56,74,3,1,0,1,50.0
48,70,17,17,0,0,1,400.0
48,69,0,17,0,1,1,400.0
6,57,71,3,1,0,1,50.0
48,68,17,17,1,1,1,400.0
48,54,59,17,1,0,1,400.0
48,8,0,17,1,0,1,400.0
6,58,38,3,1,0,1,50.0
48,2,34,17,1,2,1,400.0
47,98,51,17,1,1,1,400.0
47,65,5,17,1,1,1,400.0
6,61,68,3,1,0,1,50.0
47,18,22,17,1,0,1,400.0
47,7,17,17,2,0,1,400.0
46,25,8,17,0,1,1,400.0
6,73,65,3,1,0,1,50.0
46,11,0,17,1,0,1,400.0
45,77,59,17,0,1,1,400.0
45,58,0,17,1,1,1,400.0
6,86,62,3,1,0,1,50.0
6,88,48,3,1,0,1,50.0
44,68,0,17,0,2,1,400.0
44,42,17,17,0,0,1,400.0
6,94,59,3,1,0,1,50.0
7,1,41,3,0,0,1,50.0
7,12,77,3,0,0,1,50.0
7,18,74,3,0,0,1,50.0
7,21,71,3,0,0,1,50.0
43,57,0,17,0,1,1,400.0
43,29,17,17,0,1,1,400.0
42,85,48,17,0,0,1,400.0
42,73,0,17,0,1,1,400.0
42,4,0,17,1,0,1,400.0
40,73,17,17,0,1,1,400.0
40,38,53,17,0,1,1,400.0
40,33,17,17,1,0,1,400.0
40,15,51,17,1,0,1,400.0
39,79,0,17,0,1,1,400.0
39,15,17,17,0,0,1,400.0
39,5,56,17,0,1,1,400.0
38,89,34,17,1,1,1,400.0
37,79,34,17,0,2,1,400.0
7,26,51,3,0,0,1,50.0
37,33,17,17,1,1,1,400.0
7,40,47,3,0,0,1,50.0
37,18,34,17,1,1,1,400.0
7,52,56,3,0,0,1,50.0
7,53,68,3,0,1,1,50.0
7,59,38,3,0,0,1,50.0
37,10,17,17,2,0,1,400.0
35,23,0,17,0,1,1,400.0
7,64,34,3,0,0,1,50.0
35,19,34,17,0,0,1,400.0
7,71,65,3,0,1,1,50.0
7,74,62,3,0,0,1,50.0
7,75,59,3,0,1,1,50.0
34,10,17,17,0,1,1,400.0
33,16,59,17,0,1,1,400.0
7,76,44,3,0,1,1,50.0
7,80,77,3,1,0,1,50.0
7,84,74,3,1,0,1,50.0
7,90,71,3,1,0,1,50.0
7,93,68,3,1,0,1,50.0
7,95,62,3,1,1,1,50.0
33,0,50,17,1,1,1,400.0
32,88,17,17,0,0,1,400.0
7,96,65,3,1,1,1,50.0
7,97,59,3,1,0,1,50.0
8,7,56,3,0,1,1,50.0
32,68,34,17,0,1,1,400.0
32,41,56,17,0,0,1,400.0
8,10,77,3,0,0,1,50.0
32,20,0,17,0,1,1,400.0
8,19,62,3,0,0,1,50.0
31,47,0,17,0,2,1,400.0
8,20,59,3,0,0,1,50.0
8,52,53,3,0,0,1,50.0
31,13,53,17,0,0,1,400.0
30,80,34,17,0,0,1,400.0
8,61,44,3,0,0,1,50.0
30,64,0,17,0,1,1,400.0
29,92,34,17,1,1,1,400.0
29,42,0,17,1,2,1,400.0
8,62,48,3,0,1,1,50.0
29,41,14,17,2,0,1,400.0
8,63,41,3,0,1,1,50.0
8,84,38,3,0,1,1,50.0
29,34,31,17,2,1,1,400.0
28,65,61,17,0,0,1,400.0
28,53,17,17,0,2,1,400.0
26,34,34,17,0,2,1,400.0
25,0,0,17,0,2,1,400.0
24,23,34,17,0,1,1,400.0
8,86,35,3,0,0,1,50.0
23,64,51,17,0,1,1,400.0
23,57,17,17,1,1,1,400.0
9,2,59,3,0,1,1,50.0
23,15,51,17,1,1,1,400.0
9,5,77,3,0,1,1,50.0
9,10,71,3,0,0,1,50.0
9,17,74,3,0,0,1,50.0
23,9,0,17,2,0,1,400.0
9,19,56,3,0,0,1,50.0
9,21,68,3,0,0,1,50.0
9,37,65,3,0,0,1,50.0
9,38,53,3,0,0,1,50.0
9,39,47,3,0,0,1,50.0
9,40,44,3,0,0,1,50.0
9,41,50,3,0,0,1,50.0
23,2,17,17,2,2,1,400.0
22,92,51,17,0,1,1,400.0
9,51,62,3,0,1,1,50.0
22,44,34,17,0,1,1,400.0
21,77,0,17,0,1,1,400.0
21,12,17,17,0,0,1,400.0
9,54,41,3,0,0,1,50.0
9,58,35,3,0,0,1,50.0
20,79,34,17,0,3,1,400.0
9,60,38,3,0,1,1,50.0
9,63,77,3,1,0,1,50.0
19,85,0,17,1,1,1,400.0
9,65,38,3,1,0,1,50.0
19,60,41,17,1,1,1,400.0
19,53,58,17,1,2,1,400.0
9,66,74,3,1,0,1,50.0
19,21,17,17,1,1,1,400.0
18,82,39,17,0,1,1,400.0
9,71,71,3,1,0,1,50.0
9,73,68,3,1,0,1,50.0
18,62,17,17,1,1,1,400.0
18,30,0,17,1,1,1,400.0
17,99,5,17,0,1,1,400.0
9,77,53,3,1,1,1,50.0
9,78,25,3,1,0,1,50.0
9,81,65,3,1,0,1,50.0
17,24,22,17,0,1,1,400.0
16,91,51,17,0,0,1,400.0
9,83,62,3,1,0,1,50.0
16,56,34,17,0,1,1,400.0
16,2,0,17,1,1,1,400.0
9,84,59,3,1,0,1,50.0
15,84,0,17,1,1,1,400.0
9,89,48,3,1,0,1,50.0
15,56,17,17,1,0,1,400.0
9,90,56,3,1,1,1,50.0
9,93,45,3,1,0,1,50.0
9,95,42,3,1,1,1,50.0
9,98,35,3,1,2,1,50.0
10,0,68,3,0,1,1,50.0
15,35,34,17,1,1,1,400.0
14,73,34,17,0,1,1,400.0
10,1,38,3,0,0,1,50.0
10,14,65,3,0,0,1,50.0
13,84,34,17,0,2,1,400.0
13,52,34,17,1,1,1,400.0
13,6,0,17,1,1,1,400.0
10,16,56,3,0,1,1,50.0
10,37,62,3,0,0,1,50.0
10,52,59,3,0,1,1,50.0
10,61,41,3,0,0,1,50.0
10,64,53,3,0,2,1,50.0
12,41,0,17,0,1,1,400.0
10,73,50,3,0,2,1,50.0
11,79,55,17,0,1,1,400.0
10,96,47,3,0,1,1,50.0
10,99,44,3,0,1,1,50.0
11,1,35,3,0,0,1,50.0
10,98,0,17,1,2,1,400.0
10,40,34,17,1,1,1,400.0
10,9,51,17,1,2,1,400.0
10,2,0,17,2,2,1,400.0
11,6,32,3,0,1,1,50.0
9,48,0,17,1,2,1,400.0
9,44,0,17,2,1,1,400.0
9,16,34,17,2,1,1,400.0
9,14,17,17,2,1,1,400.0
8,13,17,17,0,1,1,400.0
7,34,0,17,1,1,1,400.0
7,19,17,17,1,2,1,400.0
6,81,17,17,2,0,1,400.0
11,9,29,3,0,1,1,50.0
11,16,77,3,0,0,1,50.0
6,74,0,17,2,1,1,400.0
6,59,34,17,2,1,1,400.0
6,44,51,17,2,1,1,400.0
6,23,34,17,3,2,1,400.0
11,21,74,3,0,0,1,50.0
11,23,26,3,0,3,1,50.0
11,24,19,3,0,1,1,50.0
11,25,23,3,0,2,1,50.0
11,33,77,3,1,0,1,50.0
6,22,0,17,3,1,1,400.0
11,47,74,3,1,0,1,50.0
11,53,71,3,1,0,1,50.0
6,17,17,17,3,1,1,400.0
4,33,0,17,1,1,1,400.0
11,57,68,3,1,0,1,50.0
11,60,26,3,1,0,1,50.0
3,68,17,17,1,2,1,400.0
3,33,0,17,1,2,1,400.0
11,65,35,3,1,0,1,50.0
3,22,34,17,1,1,1,400.0
2,85,51,17,2,1,1,400.0
1,92,8,17,1,1,1,400.0
11,69,65,3,1,0,1,50.0
1,80,51,17,1,0,1,400.0
11,72,45,3,1,0,1,50.0
11,73,62,3,1,0,1,50.0
11,75,39,3,1,0,1,50.0
11,77,50,3,1,1,1,50.0
0,95,17,17,1,1,1,400.0
11,87,59,3,1,1,1,50.0
0,77,17,17,2,2,1,400.0
0,70,34,17,2,0,1,400.0
11,88,42,3,1,0,1,50.0
0,29,51,17,2,2,1,400.0
0,5,0,17,3,1,1,400.0
99,98,77,3,0,0,1,50.0
99,95,74,3,0,0,1,50.0
11,90,53,3,1,1,1,50.0
11,91,56,3,1,1,1,50.0
99,94,71,3,0,0,1,50.0
99,93,65,3,0,0,1,50.0
11,92,31,3,1,1,1,50.0
12,6,56,3,0,1,1,50.0
99,92,59,3,0,0,1,50.0
99,90,68,3,0,0,1,50.0
12,7,53,3,0,1,1,50.0
99,88,62,3,0,1,1,50.0
99,87,56,3,0,1,1,50.0
99,86,53,3,0,0,1,50.0
12,29,74,3,0,0,1,50.0
12,30,62,3,0,0,1,50.0
99,84,77,3,1,0,1,50.0
99,73,74,3,1,0,1,50.0
99,71,68,3,1,0,1,50.0
99,65,32,3,1,0,1,50.0
12,35,65,3,0,0,1,50.0
99,63,71,3,1,0,1,50.0
12,47,59,3,0,2,1,50.0
12,49,77,3,1,0,1,50.0
12,61,74,3,1,0,1,50.0
12,62,71,3,1,0,1,50.0
99,62,41,3,1,1,1,50.0
99,59,35,3,1,0,1,50.0
12,63,68,3,1,0,1,50.0
99,56,65,3,1,0,1,50.0
12,73,59,3,1,0,1,50.0
12,75,65,3,1,0,1,50.0
12,84,62,3,1,0,1,50.0
99,47,48,3,1,1,1,50.0
12,85,8,3,1,0,1,50.0
99,43,59,3,1,0,1,50.0
12,94,56,3,1,0,1,50.0
99,40,38,3,1,0,1,50.0
12,97,53,3,1,0,1,50.0
13,4,77,3,0,1,1,50.0
99,39,62,3,1,1,1,50.0
13,5,74,3,0,1,1,50.0
99,38,56,3,1,0,1,50.0
13,8,59,3,1,1,1,50.0
13,9,56,3,1,3,1,50.0
13,18,53,3,1,1,1,50.0
13,27,77,3,2,0,1,50.0
99,37,53,3,1,0,1,50.0
13,32,74,3,2,0,1,50.0
13,45,56,3,2,0,1,50.0
99,31,29,3,1,1,1,50.0
13,47,71,3,2,0,1,50.0
13,51,68,3,2,0,1,50.0
99,28,26,3,1,1,1,50.0
99,27,23,3,1,0,1,50.0
13,53,11,3,2,0,1,50.0
13,58,48,3,2,1,1,50.0
99,26,77,3,2,0,1,50.0
99,23,74,3,2,0,1,50.0
13,59,41,3,2,0,1,50.0
13,64,31,3,2,0,1,50.0
13,71,28,3,2,0,1,50.0
99,22,71,3,2,0,1,50.0
99,15,68,3,2,0,1,50.0
99,11,23,3,2,1,1,50.0
13,85,65,3,2,0,1,50.0
99,10,35,3,2,0,1,50.0
98,99,74,3,0,3,1,50.0
13,97,62,3,2,0,1,50.0
98,97,71,3,0,0,1,50.0
14,0,77,3,0,1,1,50.0
14,3,62,3,0,1,1,50.0
14,10,68,3,0,1,1,50.0
98,90,68,3,0,1,1,50.0
98,66,77,3,1,0,1,50.0
98,65,74,3,1,1,1,50.0
98,62,68,3,1,0,1,50.0
98,58,71,3,1,1,1,50.0
14,15,59,3,0,2,1,50.0
98,56,77,3,2,0,1,50.0
98,54,53,3,2,0,1,50.0
14,17,56,3,0,0,1,50.0
98,47,68,3,2,0,1,50.0
14,21,53,3,0,0,1,50.0
98,44,74,3,2,0,1,50.0
14,26,74,3,1,0,1,50.0
14,27,71,3,1,0,1,50.0
98,42,71,3,2,0,1,50.0
14,28,58,3,1,0,1,50.0
98,41,47,3,2,0,1,50.0
98,37,59,3,2,0,1,50.0
98,36,65,3,2,0,1,50.0
14,33,53,3,1,0,1,50.0
98,27,62,3,2,0,1,50.0
14,34,77,3,1,0,1,50.0
14,37,68,3,1,0,1,50.0
98,26,56,3,2,1,1,50.0
14,50,65,3,1,0,1,50.0
98,24,50,3,2,1,1,50.0
98,22,31,3,2,1,1,50.0
14,53,8,3,1,0,1,50.0
14,58,45,3,1,1,1,50.0
98,21,44,3,2,0,1,50.0
14,61,35,3,1,0,1,50.0
98,18,41,3,2,2,1,50.0
14,72,42,3,1,0,1,50.0
14,74,62,3,1,1,1,50.0
14,83,50,3,1,1,1,50.0
14,86,39,3,1,0,1,50.0
14,90,14,3,1,1,1,50.0
14,96,11,3,1,1,1,50.0
98,12,38,3,2,1,1,50.0
98,3,28,3,2,2,1,50.0
15,21,77,3,0,0,1,50.0
15,25,74,3,0,0,1,50.0
15,28,71,3,0,1,1,50.0
97,96,77,3,0,0,1,50.0
97,95,74,3,0,1,1,50.0
15,30,77,3,1,0,1,50.0
15,32,74,3,1,1,1,50.0
15,36,71,3,1,0,1,50.0
97,91,65,3,0,1,1,50.0
15,37,68,3,1,1,1,50.0
97,86,56,3,0,0,1,50.0
15,46,77,3,2,0,1,50.0
15,51,74,3,2,0,1,50.0
15,60,23,3,2,0,1,50.0
97,77,47,3,0,1,1,50.0
97,75,36,3,0,0,1,50.0
97,72,39,3,0,0,1,50.0
97,65,50,3,0,1,1,50.0
15,62,71,3,2,1,1,50.0
97,62,44,3,0,1,1,50.0
97,50,77,3,1,0,1,50.0
15,64,11,3,2,0,1,50.0
97,46,74,3,1,0,1,50.0
97,45,53,3,1,0,1,50.0
97,29,71,3,1,0,1,50.0
15,68,20,3,2,0,1,50.0
15,80,68,3,2,0,1,50.0
97,21,56,3,1,0,1,50.0
97,17,68,3,1,0,1,50.0
15,81,62,3,2,0,1,50.0
15,82,65,3,2,1,1,50.0
97,14,5,3,1,1,1,50.0
97,7,50,3,1,1,1,50.0
15,86,50,3,2,0,1,50.0
97,3,59,3,1,1,1,50.0
15,88,45,3,2,0,1,50.0
16,0,71,3,0,1,1,50.0
96,98,74,3,0,3,1,50.0
16,6,74,3,0,2,1,50.0
96,90,71,3,0,1,1,50.0
16,7,77,3,1,2,1,50.0
16,9,53,3,1,3,1,50.0
96,89,68,3,0,0,1,50.0
96,83,74,3,1,0,1,50.0
16,10,77,3,2,1,1,50.0
16,11,20,3,2,1,1,50.0
96,82,77,3,1,0,1,50.0
16,21,50,3,2,0,1,50.0
16,24,74,3,2,0,1,50.0
96,80,71,3,1,0,1,50.0
96,79,53,3,1,0,1,50.0
96,78,68,3,1,1,1,50.0
16,25,71,3,2,0,1,50.0
16,28,55,3,2,0,1,50.0
16,29,68,3,2,0,1,50.0
96,69,62,3,1,0,1,50.0
16,32,65,3,2,1,1,50.0
96,60,59,3,1,1,1,50.0
96,59,56,3,1,1,1,50.0
96,58,42,3,1,1,1,50.0
96,57,50,3,1,1,1,50.0
16,41,44,3,2,0,1,50.0
16,42,41,3,2,0,1,50.0
16,53,5,3,2,0,1,50.0
96,56,14,3,1,1,1,50.0
96,52,39,3,1,2,1,50.0
96,38,8,3,1,1,1,50.0
96,35,5,3,1,1,1,50.0
96,30,36,3,1,1,1,50.0
16,57,62,3,2,0,1,50.0
96,28,2,3,1,1,1,50.0
16,58,38,3,2,1,1,50.0
96,27,74,3,2,0,1,50.0
16,59,29,3,2,0,1,50.0
96,25,68,3,2,0,1,50.0
96,21,47,3,2,0,1,50.0
96,15,56,3,2,2,1,50.0
16,61,59,3,2,1,1,50.0
96,7,44,3,2,1,1,50.0
96,2,53,3,2,1,1,50.0
95,98,77,3,0,3,1,50.0
16,71,17,3,2,0,1,50.0
95,97,68,3,0,2,1,50.0
95,91,77,3,1,0,1,50.0
95,88,71,3,1,0,1,50.0
16,75,33,3,2,0,1,50.0
95,82,68,3,1,0,1,50.0
16,83,47,3,2,1,1,50.0
16,84,26,3,2,1,1,50.0
95,81,59,3,1,0,1,50.0
95,80,56,3,1,1,1,50.0
16,89,2,3,2,0,1,50.0
95,79,50,3,1,0,1,50.0
95,75,14,3,1,0,1,50.0
16,90,23,3,2,1,1,50.0
95,74,53,3,1,0,1,50.0
16,95,11,3,2,1,1,50.0
95,69,47,3,1,0,1,50.0
17,4,45,3,0,0,1,50.0
17,13,59,3,0,2,1,50.0
17,25,53,3,0,0,1,50.0
95,56,8,3,1,1,1,50.0
17,35,77,3,0,0,1,50.0
95,51,39,3,1,2,1,50.0
17,36,62,3,0,0,1,50.0
17,45,50,3,0,0,1,50.0
95,49,36,3,1,0,1,50.0
95,47,5,3,1,3,1,50.0
95,41,2,3,1,0,1,50.0
17,47,71,3,0,1,1,50.0
95,39,77,3,2,0,1,50.0
95,36,74,3,2,0,1,50.0
95,35,71,3,2,0,1,50.0
17,49,41,3,0,0,1,50.0
95,32,68,3,2,1,1,50.0
17,58,2,3,0,2,1,50.0
95,30,59,3,2,0,1,50.0
95,26,65,3,2,1,1,50.0
17,60,77,3,1,0,1,50.0
95,23,62,3,2,2,1,50.0
95,19,53,3,2,0,1,50.0
17,71,74,3,1,0,1,50.0
95,17,56,3,2,1,1,50.0
17,73,71,3,1,0,1,50.0
95,15,42,3,2,2,1,50.0
95,11,17,3,2,1,1,50.0
17,75,68,3,1,0,1,50.0
17,79,47,3,1,0,1,50.0
95,9,32,3,2,1,1,50.0
17,87,65,3,1,1,1,50.0
17,91,62,3,1,1,1,50.0
95,8,50,3,2,1,1,50.0
17,93,59,3,1,0,1,50.0
17,97,44,3,1,1,1,50.0
18,0,77,3,0,2,1,50.0
95,5,47,3,2,1,1,50.0
18,5,19,3,0,1,1,50.0
95,4,36,3,2,0,1,50.0
95,1,14,3,2,0,1,50.0
18,17,71,3,0,2,1,50.0
94,90,77,3,0,0,1,50.0
18,24,65,3,0,0,1,50.0
94,86,74,3,0,0,1,50.0
18,27,62,3,0,1,1,50.0
18,33,59,3,0,2,1,50.0
18,36,56,3,0,1,1,50.0
94,85,68,3,0,0,1,50.0
18,40,77,3,1,0,1,50.0
94,83,65,3,0,0,1,50.0
94,75,62,3,0,0,1,50.0
18,63,74,3,1,0,1,50.0
94,73,53,3,0,0,1,50.0
18,68,71,3,1,1,1,50.0
18,73,56,3,1,0,1,50.0
18,80,68,3,1,1,1,50.0
94,72,36,3,0,0,1,50.0
94,71,31,3,0,0,1,50.0
18,87,62,3,1,1,1,50.0
18,88,65,3,1,1,1,50.0
94,68,25,3,0,0,1,50.0
18,95,59,3,1,3,1,50.0
18,99,65,3,2,2,1,50.0
94,61,50,3,0,2,1,50.0
19,10,74,3,0,1,1,50.0
94,59,22,3,0,0,1,50.0
19,14,77,3,0,2,1,50.0
19,17,59,3,0,2,1,50.0
19,22,71,3,0,1,1,50.0
19,24,77,3,1,0,1,50.0
19,25,38,3,1,0,1,50.0
94,55,47,3,0,1,1,50.0
94,39,44,3,0,0,1,50.0
19,26,35,3,1,1,1,50.0
94,36,41,3,0,0,1,50.0
19,27,68,3,2,0,1,50.0
94,34,28,3,0,1,1,50.0
94,26,19,3,0,1,1,50.0
19,28,52,3,2,0,1,50.0
94,22,16,3,0,2,1,50.0
93,95,39,3,0,2,1,50.0
93,94,13,3,0,0,1,50.0
93,91,74,3,0,0,1,50.0
93,90,77,3,0,1,1,50.0
93,88,36,3,0,0,1,50.0
19,33,77,3,2,1,1,50.0
93,78,19,3,0,0,1,50.0
19,34,74,3,2,0,1,50.0
93,77,71,3,0,0,1,50.0
93,74,56,3,0,0,1,50.0
93,68,16,3,0,0,1,50.0
93,67,48,3,0,0,1,50.0
93,65,29,3,0,0,1,50.0
19,44,71,3,2,0,1,50.0
93,64,8,3,0,0,1,50.0
19,45,47,3,2,0,1,50.0
19,51,65,3,2,1,1,50.0
93,59,26,3,0,0,1,50.0
93,58,33,3,0,1,1,50.0
19,54,44,3,2,0,1,50.0
19,73,11,3,2,0,1,50.0
19,88,39,3,2,0,1,50.0
93,55,53,3,0,0,1,50.0
93,52,62,3,0,1,1,50.0
19,89,62,3,2,1,1,50.0
19,93,5,3,2,0,1,50.0
93,46,2,3,0,0,1,50.0
19,95,8,3,2,2,1,50.0
19,99,59,3,2,2,1,50.0
20,2,56,3,0,1,1,50.0
93,42,42,3,0,1,1,50.0
20,4,68,3,0,1,1,50.0
93,41,77,3,1,0,1,50.0
93,39,74,3,1,0,1,50.0
20,8,77,3,0,1,1,50.0
20,10,74,3,0,2,1,50.0
20,18,62,3,0,2,1,50.0
20,21,65,3,0,1,1,50.0
20,33,53,3,0,2,1,50.0
20,42,77,3,1,0,1,50.0
93,32,71,3,1,1,1,50.0
20,43,74,3,1,0,1,50.0
93,28,49,3,1,0,1,50.0
93,18,68,3,1,2,1,50.0
93,17,53,3,1,1,1,50.0
93,11,14,3,1,1,1,50.0
93,9,22,3,1,1,1,50.0
93,7,41,3,1,1,1,50.0
93,2,65,3,1,3,1,50.0
93,1,11,3,1,0,1,50.0
20,51,71,3,1,0,1,50.0
20,54,47,3,1,0,1,50.0
20,57,65,3,1,0,1,50.0
20,62,68,3,1,1,1,50.0
20,67,44,3,1,0,1,50.0
20,69,59,3,1,0,1,50.0
93,0,46,3,1,1,1,50.0
20,75,30,3,1,0,1,50.0
92,91,53,3,0,1,1,50.0
20,78,22,3,1,0,1,50.0
20,82,62,3,1,1,1,50.0
92,72,56,3,0,1,1,50.0
92,70,77,3,1,0,1,50.0
20,84,56,3,1,0,1,50.0
20,86,53,3,1,1,1,50.0
92,67,74,3,1,0,1,50.0
20,87,50,3,1,1,1,50.0
21,3,41,3,0,2,1,50.0
21,4,38,3,0,1,1,50.0
92,61,71,3,1,0,1,50.0
21,19,35,3,0,2,1,50.0
21,26,71,3,1,0,1,50.0
92,55,68,3,1,0,1,50.0
92,53,2,3,1,0,1,50.0
21,35,74,3,1,0,1,50.0
92,50,28,3,1,1,1,50.0
21,42,68,3,1,0,1,50.0
21,46,38,3,1,0,1,50.0
92,43,25,3,1,1,1,50.0
21,51,77,3,1,0,1,50.0
92,37,77,3,2,0,1,50.0
92,34,71,3,2,0,1,50.0
21,55,59,3,1,0,1,50.0
92,29,56,3,2,0,1,50.0
21,56,62,3,1,0,1,50.0
92,23,68,3,2,0,1,50.0
21,60,35,3,1,1,1,50.0
92,17,50,3,2,1,1,50.0
92,12,47,3,2,1,1,50.0
91,97,71,3,0,2,1,50.0
91,94,68,3,0,1,1,50.0
21,75,11,3,1,0,1,50.0
91,88,77,3,1,0,1,50.0
21,80,53,3,1,1,1,50.0
91,84,71,3,1,0,1,50.0
21,81,56,3,1,0,1,50.0
91,82,74,3,1,0,1,50.0
91,73,8,3,1,0,1,50.0
21,83,44,3,1,1,1,50.0
91,71,20,3,1,0,1,50.0
91,67,68,3,1,0,1,50.0
91,66,59,3,1,0,1,50.0
91,57,47,3,1,1,1,50.0
21,95,5,3,1,2,1,50.0
91,44,44,3,1,0,1,50.0
22,3,77,3,0,2,1,50.0
22,8,68,3,0,1,1,50.0
91,43,50,3,1,0,1,50.0
91,42,38,3,1,0,1,50.0
22,12,28,3,1,1,1,50.0
91,41,41,3,1,0,1,50.0
22,53,77,3,1,0,1,50.0
91,40,35,3,1,0,1,50.0
91,38,31,3,1,1,1,50.0
91,36,28,3,1,1,1,50.0
91,33,25,3,1,2,1,50.0
22,61,74,3,1,1,1,50.0
22,64,68,3,1,1,1,50.0
22,81,53,3,1,0,1,50.0
91,31,17,3,1,1,1,50.0
22,83,59,3,1,0,1,50.0
22,87,25,3,1,1,1,50.0
91,30,14,3,1,2,1,50.0
91,29,11,3,1,2,1,50.0
91,26,5,3,1,1,1,50.0
91,23,2,3,1,3,1,50.0
91,21,50,3,2,1,1,50.0
22,96,65,3,1,2,1,50.0
91,16,14,3,2,2,1,50.0
91,12,44,3,2,1,1,50.0
91,8,74,3,2,1,1,50.0
23,0,77,3,0,3,1,50.0
91,7,47,3,2,1,1,50.0
23,17,77,3,1,2,1,50.0
91,3,56,3,2,1,1,50.0
91,2,77,3,2,2,1,50.0
23,19,74,3,1,3,1,50.0
91,1,8,3,2,0,1,50.0
90,95,74,3,0,3,1,50.0
23,28,68,3,1,1,1,50.0
23,30,71,3,1,0,1,50.0
23,33,74,3,2,1,1,50.0
23,36,77,3,2,0,1,50.0
23,38,59,3,2,0,1,50.0
23,39,71,3,2,1,1,50.0
90,94,10,3,1,0,1,50.0
90,86,65,3,1,0,1,50.0
23,41,53,3,2,0,1,50.0
23,48,68,3,2,0,1,50.0
90,74,74,3,1,0,1,50.0
23,52,65,3,2,1,1,50.0
90,63,62,3,1,1,1,50.0
90,58,30,3,1,1,1,50.0
90,56,59,3,1,0,1,50.0
23,53,56,3,2,1,1,50.0
23,55,77,3,3,0,1,50.0
90,48,50,3,1,2,1,50.0
23,66,71,3,3,0,1,50.0
23,68,8,3,3,0,1,50.0
23,70,74,3,3,0,1,50.0
23,74,68,3,3,0,1,50.0
90,47,45,3,1,1,1,50.0
23,76,42,3,3,0,1,50.0
23,77,39,3,3,1,1,50.0
90,41,38,3,1,0,1,50.0
23,78,65,3,3,1,1,50.0
23,83,56,3,3,0,1,50.0
23,85,5,3,3,0,1,50.0
90,25,42,3,1,0,1,50.0
90,21,2,3,1,1,1,50.0
23,88,59,3,3,1,1,50.0
90,20,35,3,1,1,1,50.0
89,94,77,3,0,1,1,50.0
23,93,62,3,3,1,1,50.0
24,8,71,3,0,1,1,50.0
24,10,56,3,0,2,1,50.0
89,91,71,3,0,2,1,50.0
24,12,53,3,0,2,1,50.0
89,88,45,3,0,1,1,50.0
24,25,65,3,1,0,1,50.0
89,82,71,3,1,0,1,50.0
89,81,77,3,1,0,1,50.0
89,78,74,3,1,1,1,50.0
24,33,71,3,1,1,1,50.0
24,47,77,3,1,0,1,50.0
24,51,74,3,1,1,1,50.0
24,65,68,3,1,1,1,50.0
24,68,5,3,1,0,1,50.0
24,86,59,3,1,0,1,50.0
25,3,59,3,0,2,1,50.0
89,77,68,3,1,0,1,50.0
89,71,59,3,1,1,1,50.0
25,9,50,3,0,3,1,50.0
89,70,65,3,1,0,1,50.0
25,13,45,3,0,2,1,50.0
25,17,35,3,0,1,1,50.0
89,62,56,3,1,2,1,50.0
25,18,56,3,0,2,1,50.0
89,61,53,3,1,2,1,50.0
89,60,74,3,2,0,1,50.0
25,26,77,3,1,1,1,50.0
25,34,68,3,1,0,1,50.0
89,55,71,3,2,0,1,50.0
89,52,77,3,2,1,1,50.0
25,38,74,3,1,1,1,50.0
89,50,68,3,2,0,1,50.0
25,41,35,3,1,0,1,50.0
25,42,65,3,1,0,1,50.0
89,44,41,3,2,0,1,50.0
89,40,65,3,2,2,1,50.0
25,45,41,3,1,0,1,50.0
89,39,38,3,2,0,1,50.0
89,38,28,3,2,1,1,50.0
89,35,62,3,2,0,1,50.0
25,46,71,3,1,0,1,50.0
25,51,59,3,1,1,1,50.0
25,53,62,3,1,1,1,50.0
25,54,32,3,1,0,1,50.0
25,55,56,3,1,0,1,50.0
25,59,53,3,1,1,1,50.0
25,60,50,3,1,2,1,50.0
25,74,47,3,1,0,1,50.0
89,32,59,3,2,1,1,50.0
25,79,5,3,1,0,1,50.0
25,85,2,3,1,0,1,50.0
25,86,44,3,1,0,1,50.0
25,90,27,3,1,1,1,50.0
26,1,2,3,1,0,1,50.0
26,6,53,3,1,1,1,50.0
89,29,17,3,2,0,1,50.0
89,23,53,3,2,3,1,50.0
89,18,50,3,2,2,1,50.0
89,13,35,3,2,2,1,50.0
89,10,47,3,2,2,1,50.0
26,14,74,3,1,2,1,50.0
89,8,56,3,2,1,1,50.0
26,18,71,3,1,2,1,50.0
89,5,44,3,2,1,1,50.0
26,44,68,3,1,0,1,50.0
26,49,48,3,1,0,1,50.0
26,52,62,3,1,2,1,50.0
89,2,32,3,2,3,1,50.0
26,57,59,3,1,0,1,50.0
26,59,45,3,1,2,1,50.0
26,64,29,3,1,1,1,50.0
26,66,42,3,1,1,1,50.0
88,96,74,3,0,3,1,50.0
26,68,39,3,1,2,1,50.0
88,95,68,3,0,3,1,50.0
88,93,56,3,1,1,1,50.0
88,86,77,3,1,0,1,50.0
88,85,74,3,1,0,1,50.0
88,76,39,3,1,0,1,50.0
88,75,71,3,1,0,1,50.0
26,74,32,3,1,1,1,50.0
26,79,8,3,1,0,1,50.0
88,73,5,3,1,0,1,50.0
88,64,2,3,1,0,1,50.0
88,56,68,3,1,0,1,50.0
88,55,53,3,1,1,1,50.0
88,47,42,3,1,1,1,50.0
88,45,36,3,1,0,1,50.0
26,96,26,3,1,2,1,50.0
27,9,19,3,0,1,1,50.0
88,44,31,3,1,1,1,50.0
88,42,50,3,1,1,1,50.0
27,10,65,3,0,2,1,50.0
27,12,50,3,0,1,1,50.0
27,19,14,3,0,2,1,50.0
27,30,31,3,0,0,1,50.0
27,36,53,3,0,0,1,50.0
27,38,11,3,0,1,1,50.0
88,41,8,3,1,0,1,50.0
27,49,47,3,0,1,1,50.0
27,50,8,3,0,0,1,50.0
27,59,42,3,0,2,1,50.0
88,36,25,3,1,1,1,50.0
88,33,28,3,1,2,1,50.0
88,31,22,3,1,1,1,50.0
27,68,2,3,0,0,1,50.0
27,79,28,3,0,2,1,50.0
88,25,19,3,1,2,1,50.0
27,86,39,3,0,1,1,50.0
27,90,5,3,0,1,1,50.0
88,24,16,3,1,1,1,50.0
88,23,13,3,1,3,1,50.0
28,0,43,3,0,1,1,50.0
88,22,62,3,2,1,1,50.0
28,1,46,3,0,1,1,50.0
28,13,38,3,0,2,1,50.0
88,21,47,3,2,1,1,50.0
88,14,2,3,2,1,1,50.0
88,9,77,3,2,2,1,50.0
88,4,71,3,2,1,1,50.0
28,17,35,3,0,2,1,50.0
28,21,41,3,1,1,1,50.0
28,22,56,3,1,1,1,50.0
28,31,77,3,1,0,1,50.0
87,95,77,3,0,3,1,50.0
28,36,59,3,1,0,1,50.0
87,93,74,3,0,2,1,50.0
28,37,74,3,1,1,1,50.0
28,40,14,3,1,1,1,50.0
87,92,71,3,0,3,1,50.0
28,44,38,3,1,0,1,50.0
87,90,68,3,0,2,1,50.0
87,89,22,3,1,2,1,50.0
87,88,74,3,1,2,1,50.0
28,48,53,3,1,1,1,50.0
28,50,62,3,1,0,1,50.0
87,86,71,3,1,0,1,50.0
28,55,65,3,1,0,1,50.0
87,80,77,3,1,1,1,50.0
28,57,44,3,1,1,1,50.0
28,66,50,3,1,1,1,50.0
28,85,47,3,1,1,1,50.0
87,79,68,3,1,2,1,50.0
28,87,35,3,1,1,1,50.0
28,88,32,3,1,2,1,50.0
28,94,7,3,1,0,1,50.0
28,97,29,3,1,1,1,50.0
87,76,53,3,1,1,1,50.0
28,98,23,3,1,2,1,50.0
87,65,19,3,1,0,1,50.0
87,64,47,3,1,2,1,50.0
87,51,31,3,1,1,1,50.0
29,3,77,3,0,3,1,50.0
29,7,59,3,1,2,1,50.0
87,39,41,3,1,0,1,50.0
29,11,56,3,1,2,1,50.0
29,18,53,3,1,2,1,50.0
87,38,44,3,1,2,1,50.0
87,37,38,3,1,2,1,50.0
29,19,2,3,2,2,1,50.0
29,21,8,3,2,1,1,50.0
87,34,28,3,1,2,1,50.0
87,25,38,3,2,1,1,50.0
29,23,48,3,2,3,1,50.0
29,24,77,3,2,2,1,50.0
29,26,74,3,2,2,1,50.0
29,35,68,3,2,0,1,50.0
29,36,71,3,2,1,1,50.0
29,38,5,3,2,1,1,50.0
87,23,45,3,2,3,1,50.0
87,19,56,3,2,2,1,50.0
29,40,74,3,3,0,1,50.0
87,7,35,3,2,1,1,50.0
87,1,77,3,2,1,1,50.0
86,89,68,3,0,3,1,50.0
86,83,71,3,1,0,1,50.0
86,75,74,3,1,0,1,50.0
86,65,23,3,1,0,1,50.0
86,61,77,3,1,0,1,50.0
29,44,77,3,3,0,1,50.0
29,46,68,3,3,0,1,50.0
86,49,68,3,1,0,1,50.0
29,54,35,3,3,0,1,50.0
29,55,71,3,3,1,1,50.0
29,60,20,3,3,0,1,50.0
86,48,56,3,1,1,1,50.0
29,63,65,3,3,1,1,50.0
86,22,20,3,1,1,1,50.0
86,19,65,3,1,3,1,50.0
29,64,5,3,3,0,1,50.0
29,68,62,3,3,1,1,50.0
29,70,59,3,3,0,1,50.0
29,74,44,3,3,0,1,50.0
29,77,32,3,3,1,1,50.0
29,78,56,3,3,1,1,50.0
85,96,77,3,0,2,1,50.0
85,90,71,3,0,2,1,50.0
85,81,74,3,1,0,1,50.0
29,82,29,3,3,1,1,50.0
85,78,77,3,1,1,1,50.0
85,76,71,3,1,1,1,50.0
85,73,68,3,1,1,1,50.0
85,70,44,3,1,1,1,50.0
85,69,41,3,1,0,1,50.0
85,56,31,3,1,1,1,50.0
85,54,28,3,1,0,1,50.0
85,51,25,3,1,1,1,50.0
29,86,50,3,3,1,1,50.0
29,88,53,3,3,2,1,50.0
85,46,35,3,1,0,1,50.0
85,40,38,3,1,2,1,50.0
85,39,22,3,1,1,1,50.0
85,37,19,3,1,3,1,50.0
85,30,74,3,2,0,1,50.0
29,90,17,3,3,1,1,50.0
85,29,47,3,2,3,1,50.0
29,93,38,3,3,1,1,50.0
85,16,8,3,2,2,1,50.0
29,95,26,3,3,2,1,50.0
85,3,53,3,2,1,1,50.0
30,4,68,3,0,2,1,50.0
84,98,65,3,0,3,1,50.0
84,97,65,3,1,1,1,50.0
30,11,28,3,0,2,1,50.0
30,19,25,3,0,3,1,50.0
84,92,74,3,1,2,1,50.0
84,86,62,3,1,1,1,50.0
30,46,22,3,0,1,1,50.0
84,85,77,3,1,2,1,50.0
84,83,68,3,1,0,1,50.0
30,50,19,3,0,1,1,50.0
30,55,74,3,1,0,1,50.0
30,65,77,3,1,1,1,50.0
84,77,44,3,1,1,1,50.0
84,73,71,3,1,1,1,50.0
30,74,71,3,1,0,1,50.0
84,70,56,3,1,0,1,50.0
30,85,68,3,1,2,1,50.0
84,68,59,3,1,1,1,50.0
30,91,65,3,1,2,1,50.0
30,97,62,3,1,1,1,50.0
84,63,53,3,1,1,1,50.0
31,4,47,3,0,1,1,50.0
84,60,17,3,1,0,1,50.0
84,51,22,3,1,1,1,50.0
84,49,50,3,1,1,1,50.0
84,42,35,3,1,0,1,50.0
31,9,74,3,0,2,1,50.0
31,14,71,3,0,2,1,50.0
84,40,41,3,1,0,1,50.0
31,16,44,3,0,3,1,50.0
31,18,38,3,0,2,1,50.0
84,38,47,3,1,2,1,50.0
84,37,32,3,1,3,1,50.0
84,31,29,3,1,2,1,50.0
31,19,41,3,0,3,1,50.0
84,30,59,3,2,1,1,50.0
31,27,35,3,0,0,1,50.0
84,29,23,3,2,3,1,50.0
31,29,41,3,1,3,1,50.0
84,28,20,3,2,1,1,50.0
31,36,68,3,1,0,1,50.0
31,40,71,3,1,0,1,50.0
84,21,14,3,2,1,1,50.0
31,45,77,3,1,0,1,50.0
31,49,74,3,1,0,1,50.0
84,18,77,3,2,2,1,50.0
84,11,11,3,2,1,1,50.0
84,7,74,3,2,2,1,50.0
31,51,56,3,1,1,1,50.0
84,6,29,3,2,1,1,50.0
31,54,25,3,1,0,1,50.0
31,57,65,3,1,1,1,50.0
84,5,53,3,2,1,1,50.0
84,2,71,3,2,2,1,50.0
83,96,53,3,0,3,1,50.0
31,58,62,3,1,2,1,50.0
31,60,59,3,1,2,1,50.0
83,95,29,3,1,2,1,50.0
31,63,50,3,1,1,1,50.0
31,65,53,3,1,1,1,50.0
83,94,4,3,1,0,1,50.0
83,91,68,3,1,2,1,50.0
31,68,47,3,1,2,1,50.0
83,89,25,3,1,2,1,50.0
31,71,14,3,1,0,1,50.0
31,74,35,3,1,0,1,50.0
83,74,77,3,1,0,1,50.0
83,71,11,3,1,0,1,50.0
83,68,74,3,1,1,1,50.0
83,58,22,3,1,1,1,50.0
83,49,71,3,1,0,1,50.0
31,79,2,3,1,0,1,50.0
83,45,14,3,1,0,1,50.0
31,85,44,3,1,2,1,50.0
83,39,35,3,1,0,1,50.0
31,88,38,3,1,2,1,50.0
31,89,32,3,1,3,1,50.0
83,32,62,3,1,1,1,50.0
31,90,11,3,1,2,1,50.0
32,4,77,3,0,2,1,50.0
83,19,59,3,1,3,1,50.0
83,18,32,3,1,2,1,50.0
32,25,77,3,1,2,1,50.0
83,16,65,3,1,3,1,50.0
83,3,56,3,1,2,1,50.0
32,34,48,3,1,0,1,50.0
32,40,11,3,1,1,1,50.0
32,62,38,3,1,1,1,50.0
32,91,53,3,1,2,1,50.0
82,89,77,3,1,3,1,50.0
32,94,1,3,1,0,1,50.0
82,88,68,3,1,2,1,50.0
32,96,41,3,1,2,1,50.0
82,48,74,3,1,0,1,50.0
82,45,11,3,1,0,1,50.0
32,98,56,3,1,3,1,50.0
82,44,35,3,1,0,1,50.0
33,1,68,3,1,1,1,50.0
33,6,44,3,1,1,1,50.0
82,28,17,3,1,1,1,50.0
82,27,71,3,1,1,1,50.0
82,22,59,3,1,2,1,50.0
82,12,32,3,1,1,1,50.0
82,10,26,3,1,2,1,50.0
33,19,38,3,1,3,1,50.0
82,7,56,3,1,2,1,50.0
33,20,41,3,1,1,1,50.0
33,23,35,3,1,3,1,50.0
33,27,77,3,2,1,1,50.0
33,36,50,3,2,0,1,50.0
81,90,68,3,0,3,1,50.0
33,39,74,3,2,1,1,50.0
81,84,68,3,1,2,1,50.0
81,82,23,3,1,1,1,50.0
81,78,71,3,1,1,1,50.0
33,42,45,3,2,0,1,50.0
81,77,77,3,1,0,1,50.0
81,68,65,3,1,1,1,50.0
33,51,71,3,2,1,1,50.0
81,62,74,3,1,0,1,50.0
81,49,62,3,1,1,1,50.0
81,47,39,3,1,1,1,50.0
81,44,28,3,1,1,1,50.0
81,40,8,3,1,1,1,50.0
33,55,68,3,2,1,1,50.0
33,59,19,3,2,0,1,50.0
33,66,65,3,2,0,1,50.0
33,72,62,3,2,1,1,50.0
81,39,36,3,1,1,1,50.0
33,73,56,3,2,1,1,50.0
81,37,14,3,1,2,1,50.0
33,86,42,3,2,1,1,50.0
81,36,33,3,1,1,1,50.0
33,91,39,3,2,2,1,50.0
34,6,41,3,0,1,1,50.0
34,8,45,3,0,1,1,50.0
81,35,20,3,1,1,1,50.0
34,14,68,3,1,2,1,50.0
81,29,11,3,1,3,1,50.0
34,18,74,3,1,2,1,50.0
34,21,77,3,1,2,1,50.0
81,21,17,3,1,2,1,50.0
81,20,5,3,1,2,1,50.0
34,23,23,3,1,3,1,50.0
34,24,62,3,1,1,1,50.0
81,18,2,3,1,2,1,50.0
81,8,65,3,2,1,1,50.0
34,32,20,3,1,1,1,50.0
80,99,62,3,1,2,1,50.0
80,95,23,3,1,2,1,50.0
80,94,74,3,1,1,1,50.0
34,36,65,3,1,1,1,50.0
80,90,20,3,1,1,1,50.0
34,44,71,3,1,1,1,50.0
80,85,71,3,1,2,1,50.0
80,82,14,3,1,1,1,50.0
34,45,59,3,1,1,1,50.0
34,51,53,3,1,1,1,50.0
34,54,17,3,1,0,1,50.0
80,75,27,3,1,0,1,50.0
80,74,65,3,1,0,1,50.0
34,56,56,3,1,0,1,50.0
80,73,59,3,1,1,1,50.0
80,66,47,3,1,1,1,50.0
34,57,50,3,1,2,1,50.0
80,63,44,3,1,1,1,50.0
80,59,50,3,1,2,1,50.0
34,58,77,3,2,1,1,50.0
80,55,41,3,1,1,1,50.0
34,62,74,3,2,1,1,50.0
34,64,71,3,2,0,1,50.0
80,54,38,3,1,1,1,50.0
80,50,11,3,1,0,1,50.0
80,46,32,3,1,0,1,50.0
34,70,68,3,2,0,1,50.0
80,40,5,3,1,1,1,50.0
80,39,17,3,1,1,1,50.0
34,74,65,3,2,1,1,50.0
80,34,8,3,1,2,1,50.0
80,31,35,3,1,2,1,50.0
80,29,2,3,1,3,1,50.0
34,76,62,3,2,1,1,50.0
80,27,74,3,2,1,1,50.0
80,18,59,3,2,2,1,50.0
34,79,52,3,2,1,1,50.0
34,80,56,3,2,2,1,50.0
80,17,41,3,2,1,1,50.0
34,98,59,3,2,3,1,50.0
35,0,56,3,0,3,1,50.0
80,14,65,3,2,2,1,50.0
35,1,53,3,0,2,1,50.0
80,13,53,3,2,2,1,50.0
35,7,71,3,1,2,1,50.0
35,8,62,3,1,1,1,50.0
35,12,25,3,1,1,1,50.0
80,10,71,3,2,1,1,50.0
35,20,17,3,1,1,1,50.0
35,24,56,3,1,1,1,50.0
35,30,53,3,1,1,1,50.0
80,3,68,3,2,2,1,50.0
35,36,77,3,1,1,1,50.0
80,0,38,3,2,1,1,50.0
79,98,77,3,0,4,1,50.0
35,39,68,3,1,1,1,50.0
79,95,74,3,0,4,1,50.0
79,94,77,3,1,2,1,50.0
79,92,74,3,1,3,1,50.0
35,40,74,3,1,1,1,50.0
35,43,65,3,1,0,1,50.0
79,89,74,3,2,3,1,50.0
79,88,65,3,2,2,1,50.0
35,45,2,3,1,0,1,50.0
35,48,59,3,1,2,1,50.0
35,55,14,3,1,1,1,50.0
35,56,28,3,1,1,1,50.0
35,66,31,3,1,1,1,50.0
79,78,62,3,2,1,1,50.0
35,67,11,3,1,0,1,50.0
79,77,77,3,2,1,1,50.0
79,76,59,3,2,1,1,50.0
79,73,53,3,2,1,1,50.0
35,72,8,3,1,1,1,50.0
79,64,71,3,2,1,1,50.0
79,63,56,3,2,1,1,50.0
79,61,31,3,2,2,1,50.0
35,73,77,3,2,0,1,50.0
35,77,74,3,2,0,1,50.0
35,78,59,3,2,1,1,50.0
35,82,20,3,2,1,1,50.0
35,83,53,3,2,1,1,50.0
35,84,65,3,2,2,1,50.0
35,89,71,3,2,3,1,50.0
79,58,25,3,2,1,1,50.0
79,57,22,3,2,2,1,50.0
79,56,19,3,2,1,1,50.0
35,91,62,3,2,2,1,50.0
79,54,16,3,2,1,1,50.0
79,51,13,3,2,2,1,50.0
79,46,10,3,2,2,1,50.0
35,92,44,3,2,2,1,50.0
35,93,35,3,2,1,1,50.0
36,8,38,3,0,1,1,50.0
79,45,5,3,2,0,1,50.0
36,13,47,3,0,3,1,50.0
79,42,2,3,2,3,1,50.0
36,19,44,3,0,3,1,50.0
79,37,71,3,3,0,1,50.0
79,36,74,3,3,1,1,50.0
79,34,31,3,3,2,1,50.0
79,29,14,3,3,3,1,50.0
79,28,11,3,3,1,1,50.0
79,27,68,3,3,1,1,50.0
79,25,65,3,3,2,1,50.0
79,18,28,3,3,2,1,50.0
79,14,62,3,3,2,1,50.0
79,12,22,3,3,1,1,50.0
36,42,35,3,0,1,1,50.0
36,50,59,3,1,0,1,50.0
36,60,68,3,1,1,1,50.0
79,9,77,3,3,3,1,50.0
79,6,25,3,3,1,1,50.0
78,95,53,3,1,3,1,50.0
36,64,22,3,1,1,1,50.0
78,94,71,3,2,1,1,50.0
78,88,59,3,2,2,1,50.0
36,65,62,3,1,1,1,50.0
78,81,77,3,2,2,1,50.0
36,68,53,3,1,1,1,50.0
78,74,41,3,2,0,1,50.0
36,85,50,3,1,2,1,50.0
78,71,8,3,2,0,1,50.0
78,67,38,3,2,0,1,50.0
36,92,41,3,1,2,1,50.0
78,61,68,3,2,1,1,50.0
36,94,47,3,1,1,1,50.0
78,53,74,3,2,0,1,50.0
37,0,71,3,1,2,1,50.0
37,2,77,3,1,3,1,50.0
78,50,56,3,2,0,1,50.0
37,4,65,3,2,1,1,50.0
78,45,65,3,2,1,1,50.0
78,43,47,3,2,0,1,50.0
78,41,32,3,2,0,1,50.0
37,5,50,3,2,1,1,50.0
78,32,44,3,2,1,1,50.0
37,7,68,3,2,2,1,50.0
78,31,5,3,2,1,1,50.0
37,12,41,3,2,1,1,50.0
78,30,50,3,2,1,1,50.0
37,14,59,3,2,2,1,50.0
78,27,53,3,2,1,1,50.0
37,15,53,3,2,2,1,50.0
37,17,11,3,2,1,1,50.0
37,22,77,3,2,2,1,50.0
37,29,8,3,2,3,1,50.0
37,38,71,3,2,1,1,50.0
37,41,74,3,2,0,1,50.0
78,18,35,3,2,2,1,50.0
78,16,62,3,2,3,1,50.0
78,11,2,3,2,1,1,50.0
37,45,62,3,2,1,1,50.0
37,46,56,3,2,1,1,50.0
37,51,47,3,2,2,1,50.0
37,54,44,3,2,1,1,50.0
78,9,29,3,2,3,1,50.0
78,4,26,3,2,2,1,50.0
37,55,35,3,2,1,1,50.0
37,61,5,3,2,2,1,50.0
37,65,2,3,2,1,1,50.0
78,2,23,3,2,3,1,50.0
78,1,20,3,2,2,1,50.0
37,68,77,3,3,1,1,50.0
37,70,71,3,3,0,1,50.0
77,83,19,3,1,1,1,50.0
37,74,74,3,3,1,1,50.0
77,80,29,3,1,2,1,50.0
77,79,22,3,1,4,1,50.0
37,77,68,3,3,2,1,50.0
37,78,16,3,3,2,1,50.0
37,85,65,3,3,2,1,50.0
37,87,62,3,3,2,1,50.0
77,75,8,3,2,0,1,50.0
37,88,56,3,3,2,1,50.0
37,93,59,3,3,1,1,50.0
77,69,77,3,2,0,1,50.0
37,97,47,3,3,1,1,50.0
38,5,25,3,1,1,1,50.0
77,65,71,3,2,1,1,50.0
77,53,74,3,2,1,1,50.0
38,8,22,3,1,1,1,50.0
38,14,19,3,1,2,1,50.0
38,16,77,3,1,3,1,50.0
38,25,16,3,1,2,1,50.0
38,34,2,3,1,2,1,50.0
38,41,5,3,2,0,1,50.0
77,47,65,3,2,2,1,50.0
38,46,29,3,2,0,1,50.0
38,51,77,3,2,1,1,50.0
38,53,71,3,2,1,1,50.0
77,45,56,3,2,1,1,50.0
38,55,74,3,2,1,1,50.0
77,42,62,3,2,1,1,50.0
38,58,68,3,2,1,1,50.0
77,41,59,3,2,1,1,50.0
38,60,65,3,2,1,1,50.0
38,64,26,3,2,1,1,50.0
77,31,53,3,2,2,1,50.0
77,27,50,3,2,1,1,50.0
77,25,47,3,2,2,1,50.0
38,69,56,3,2,0,1,50.0
77,21,44,3,2,2,1,50.0
77,15,39,3,2,2,1,50.0
38,70,62,3,2,0,1,50.0
77,13,14,3,2,2,1,50.0
38,75,23,3,2,0,1,50.0
77,2,36,3,2,3,1,50.0
76,99,56,3,1,2,1,50.0
76,98,68,3,1,3,1,50.0
38,78,13,3,2,2,1,50.0
38,79,59,3,2,3,1,50.0
38,80,50,3,2,2,1,50.0
76,95,20,3,1,2,1,50.0
76,90,77,3,1,2,1,50.0
76,86,47,3,1,1,1,50.0
38,81,53,3,2,2,1,50.0
38,82,8,3,2,1,1,50.0
76,80,35,3,1,2,1,50.0
76,79,17,3,1,3,1,50.0
76,78,74,3,1,3,1,50.0
38,84,17,3,2,2,1,50.0
76,73,65,3,1,1,1,50.0
76,72,50,3,1,1,1,50.0
38,88,41,3,2,2,1,50.0
76,69,38,3,1,0,1,50.0
38,91,36,3,2,2,1,50.0
76,67,41,3,1,0,1,50.0
38,92,33,3,2,2,1,50.0
76,58,32,3,1,2,1,50.0
39,2,59,3,1,3,1,50.0
39,6,77,3,1,2,1,50.0
39,7,65,3,1,2,1,50.0
76,57,29,3,1,2,1,50.0
39,9,47,3,1,3,1,50.0
39,18,44,3,1,2,1,50.0
76,52,26,3,1,2,1,50.0
39,19,56,3,1,3,1,50.0
76,50,23,3,1,1,1,50.0
76,49,77,3,2,1,1,50.0
39,28,53,3,1,2,1,50.0
39,30,41,3,1,1,1,50.0
76,41,74,3,2,1,1,50.0
76,38,20,3,2,2,1,50.0
39,41,50,3,1,1,1,50.0
76,37,53,3,2,3,1,50.0
39,46,26,3,1,0,1,50.0
39,52,33,3,1,2,1,50.0
39,54,30,3,1,1,1,50.0
39,59,14,3,1,2,1,50.0
76,33,36,3,2,2,1,50.0
39,60,11,3,1,2,1,50.0
76,30,56,3,2,1,1,50.0
39,75,5,3,1,0,1,50.0
76,25,71,3,2,2,1,50.0
39,83,8,3,1,1,1,50.0
76,21,68,3,2,2,1,50.0
39,87,2,3,1,2,1,50.0
76,17,14,3,2,1,1,50.0
76,14,50,3,2,2,1,50.0
39,89,65,3,2,3,1,50.0
76,13,25,3,2,2,1,50.0
75,93,17,3,0,1,1,50.0
39,91,59,3,2,2,1,50.0
39,93,32,3,2,1,1,50.0
40,4,71,3,1,2,1,50.0
40,8,2,3,1,1,1,50.0
75,87,2,3,0,3,1,50.0
75,74,77,3,1,1,1,50.0
40,10,77,3,1,2,1,50.0
75,68,68,3,1,1,1,50.0
40,23,68,3,1,4,1,50.0
75,66,62,3,1,0,1,50.0
75,58,74,3,1,1,1,50.0
40,24,53,3,2,1,1,50.0
40,35,68,3,2,2,1,50.0
75,56,71,3,1,0,1,50.0
75,48,65,3,1,2,1,50.0
40,36,44,3,2,1,1,50.0
40,37,50,3,2,3,1,50.0
75,38,2,3,1,2,1,50.0
75,37,44,3,1,3,1,50.0
40,66,56,3,2,0,1,50.0
75,30,47,3,1,1,1,50.0
40,67,77,3,2,0,1,50.0
40,68,74,3,2,2,1,50.0
40,70,71,3,2,1,1,50.0
40,74,59,3,2,1,1,50.0
75,23,32,3,1,3,1,50.0
75,14,56,3,1,2,1,50.0
40,80,62,3,2,2,1,50.0
40,90,47,3,2,2,1,50.0
41,0,35,3,1,1,1,50.0
75,1,41,3,1,1,1,50.0
41,1,71,3,1,1,1,50.0
74,93,29,3,1,1,1,50.0
41,13,22,3,1,2,1,50.0
41,17,38,3,1,1,1,50.0
41,20,27,3,1,1,1,50.0
41,26,77,3,1,2,1,50.0
41,34,19,3,1,2,1,50.0
74,86,36,3,1,1,1,50.0
41,37,41,3,1,3,1,50.0
74,85,56,3,1,2,1,50.0
74,82,71,3,1,2,1,50.0
74,70,53,3,1,0,1,50.0
41,39,68,3,1,2,1,50.0
74,62,68,3,1,2,1,50.0
41,45,53,3,1,1,1,50.0
74,56,25,3,1,1,1,50.0
74,55,50,3,1,1,1,50.0
74,52,47,3,1,2,1,50.0
74,46,44,3,1,1,1,50.0
41,46,65,3,1,1,1,50.0
41,48,62,3,1,2,1,50.0
41,63,47,3,1,1,1,50.0
42,2,74,3,0,2,1,50.0
74,42,39,3,1,1,1,50.0
42,5,32,3,1,1,1,50.0
74,38,22,3,1,3,1,50.0
74,35,17,3,1,2,1,50.0
74,29,77,3,2,4,1,50.0
74,20,38,3,2,1,1,50.0
42,12,19,3,1,1,1,50.0
42,18,47,3,1,2,1,50.0
74,15,35,3,2,2,1,50.0
74,10,71,3,2,2,1,50.0
74,3,74,3,2,2,1,50.0
42,21,74,3,1,2,1,50.0
42,22,71,3,1,2,1,50.0
42,35,56,3,1,2,1,50.0
73,93,77,3,1,2,1,50.0
73,92,62,3,1,2,1,50.0
42,36,77,3,1,2,1,50.0
73,91,74,3,1,3,1,50.0
73,85,62,3,2,2,1,50.0
42,40,29,3,1,2,1,50.0
42,46,68,3,1,1,1,50.0
73,82,5,3,2,1,1,50.0
42,51,65,3,1,2,1,50.0
42,52,53,3,1,1,1,50.0
73,65,65,3,2,1,1,50.0
42,54,22,3,1,0,1,50.0
73,51,68,3,2,1,1,50.0
42,58,59,3,1,2,1,50.0
73,46,77,3,2,1,1,50.0
73,17,8,3,2,1,1,50.0
73,15,32,3,2,2,1,50.0
42,67,26,3,1,1,1,50.0
42,68,56,3,2,1,1,50.0
42,72,77,3,2,0,1,50.0
72,99,71,3,0,3,1,50.0
42,74,68,3,2,2,1,50.0
72,96,68,3,0,3,1,50.0
72,95,11,3,1,2,1,50.0
72,93,74,3,0,3,1,50.0
72,90,74,3,1,2,1,50.0
42,76,65,3,2,2,1,50.0
72,88,44,3,1,2,1,50.0
72,83,41,3,1,1,1,50.0
72,80,77,3,1,2,1,50.0
72,79,53,3,1,3,1,50.0
42,77,74,3,2,3,1,50.0
42,79,71,3,2,4,1,50.0
42,90,62,3,2,2,1,50.0
72,77,5,3,1,2,1,50.0
43,5,41,3,0,1,1,50.0
43,6,35,3,0,1,1,50.0
43,12,77,3,0,2,1,50.0
72,67,71,3,1,0,1,50.0
72,65,59,3,1,1,1,50.0
43,14,44,3,0,2,1,50.0
43,16,71,3,0,3,1,50.0
43,21,56,3,0,2,1,50.0
72,60,68,3,1,2,1,50.0
72,53,65,3,1,1,1,50.0
72,51,36,3,1,2,1,50.0
43,28,68,3,0,2,1,50.0
43,35,38,3,0,2,1,50.0
43,42,59,3,1,2,1,50.0
43,50,74,3,1,0,1,50.0
43,53,77,3,1,1,1,50.0
72,45,47,3,1,1,1,50.0
72,44,14,3,1,2,1,50.0
72,41,2,3,1,2,1,50.0
72,40,41,3,2,2,1,50.0
72,39,77,3,2,2,1,50.0
72,37,38,3,2,3,1,50.0
72,36,19,3,2,1,1,50.0
43,61,71,3,1,1,1,50.0
43,70,68,3,1,1,1,50.0
72,35,50,3,2,2,1,50.0
43,72,65,3,1,2,1,50.0
43,76,62,3,1,2,1,50.0
43,81,56,3,1,2,1,50.0
72,33,33,3,2,2,1,50.0
43,84,8,3,1,2,1,50.0
72,31,8,3,2,1,1,50.0
43,85,41,3,1,2,1,50.0
72,27,59,3,2,1,1,50.0
72,16,74,3,2,3,1,50.0
72,15,29,3,2,2,1,50.0
43,90,53,3,1,2,1,50.0
72,14,53,3,2,2,1,50.0
43,96,50,3,1,2,1,50.0
44,3,25,3,1,2,1,50.0
44,4,74,3,1,2,1,50.0
44,8,19,3,1,1,1,50.0
44,27,22,3,1,1,1,50.0
72,9,71,3,2,2,1,50.0
44,30,77,3,1,2,1,50.0
72,3,62,3,2,2,1,50.0
44,35,68,3,1,3,1,50.0
71,98,2,3,0,3,1,50.0
71,89,77,3,0,4,1,50.0
71,79,56,3,1,3,1,50.0
44,38,77,3,2,3,1,50.0
71,78,77,3,1,3,1,50.0
44,39,74,3,2,2,1,50.0
71,70,74,3,1,1,1,50.0
44,48,71,3,2,2,1,50.0
44,51,28,3,2,1,1,50.0
44,53,59,3,2,1,1,50.0
71,65,47,3,1,1,1,50.0
71,61,62,3,1,1,1,50.0
71,60,71,3,1,1,1,50.0
44,54,68,3,2,1,1,50.0
71,59,68,3,1,1,1,50.0
44,66,53,3,2,0,1,50.0
44,88,50,3,2,2,1,50.0
44,89,62,3,2,3,1,50.0
44,95,2,3,2,2,1,50.0
44,97,41,3,2,1,1,50.0
44,99,47,3,2,2,1,50.0
71,58,19,3,1,1,1,50.0
45,9,68,3,1,2,1,50.0
71,51,53,3,1,2,1,50.0
45,12,35,3,1,1,1,50.0
45,18,25,3,1,2,1,50.0
71,50,14,3,1,0,1,50.0
71,29,50,3,1,4,1,50.0
45,25,74,3,1,2,1,50.0
45,27,44,3,1,1,1,50.0
45,32,32,3,1,1,1,50.0
71,27,41,3,1,1,1,50.0
71,17,5,3,1,1,1,50.0
71,8,35,3,1,1,1,50.0
45,36,38,3,1,1,1,50.0
45,38,71,3,1,3,1,50.0
71,7,38,3,1,1,1,50.0
45,47,77,3,1,1,1,50.0
71,5,29,3,1,1,1,50.0
70,98,62,3,1,3,1,50.0
70,86,59,3,1,1,1,50.0
70,80,47,3,1,2,1,50.0
45,50,50,3,1,1,1,50.0
70,69,53,3,1,0,1,50.0
70,55,77,3,1,1,1,50.0
45,56,22,3,1,1,1,50.0
70,51,19,3,1,1,1,50.0
70,50,5,3,1,0,1,50.0
70,49,65,3,1,1,1,50.0
70,34,25,3,1,2,1,50.0
45,63,41,3,1,2,1,50.0
70,18,22,3,1,2,1,50.0
45,66,28,3,1,1,1,50.0
45,71,19,3,1,2,1,50.0
45,81,74,3,2,2,1,50.0
70,9,41,3,1,3,1,50.0
70,2,56,3,1,3,1,50.0
69,99,50,3,0,2,1,50.0
69,91,33,3,0,2,1,50.0
45,85,59,3,2,2,1,50.0
69,82,2,3,0,1,1,50.0
69,43,44,3,0,1,1,50.0
45,86,33,3,2,1,1,50.0
69,33,22,3,0,2,1,50.0
45,88,29,3,2,2,1,50.0
69,29,74,3,0,4,1,50.0
45,89,56,3,2,3,1,50.0
45,91,26,3,2,2,1,50.0
69,24,13,3,0,1,1,50.0
69,22,17,3,0,1,1,50.0
69,17,68,3,0,2,1,50.0
45,92,65,3,2,2,1,50.0
45,93,8,3,2,1,1,50.0
69,16,25,3,0,3,1,50.0
45,94,62,3,2,1,1,50.0
69,7,5,3,0,2,1,50.0
68,90,65,3,2,2,1,50.0
68,85,36,3,2,2,1,50.0
46,1,74,3,1,1,1,50.0
68,80,44,3,2,2,1,50.0
46,3,71,3,1,2,1,50.0
46,7,62,3,1,2,1,50.0
46,12,59,3,1,2,1,50.0
68,78,71,3,2,3,1,50.0
68,70,50,3,2,1,1,50.0
68,67,77,3,2,1,1,50.0
46,16,53,3,1,3,1,50.0
46,19,50,3,1,3,1,50.0
46,26,47,3,1,2,1,50.0
68,58,68,3,2,2,1,50.0
68,56,53,3,2,0,1,50.0
68,46,62,3,2,2,1,50.0
68,39,56,3,2,2,1,50.0
68,36,59,3,2,2,1,50.0
68,28,77,3,3,2,1,50.0
68,17,2,3,3,1,1,50.0
68,12,16,3,3,1,1,50.0
68,11,8,3,3,1,1,50.0
68,9,74,3,3,3,1,50.0
46,29,41,3,1,4,1,50.0
68,8,53,3,3,1,1,50.0
46,30,33,3,1,1,1,50.0
46,38,38,3,1,3,1,50.0
68,5,38,3,3,1,1,50.0
46,43,30,3,1,1,1,50.0
67,99,14,3,0,2,1,50.0
46,47,27,3,1,3,1,50.0
46,48,19,3,1,2,1,50.0
46,50,71,3,2,0,1,50.0
67,96,8,3,0,2,1,50.0
67,93,5,3,0,1,1,50.0
67,68,2,3,0,4,1,50.0
46,51,77,3,2,2,1,50.0
46,56,74,3,2,1,1,50.0
67,65,56,3,1,1,1,50.0
46,57,56,3,2,0,1,50.0
46,59,65,3,2,1,1,50.0
46,61,68,3,2,2,1,50.0
46,64,19,3,2,1,1,50.0
46,71,44,3,2,1,1,50.0
46,73,59,3,2,2,1,50.0
46,75,53,3,2,1,1,50.0
67,59,74,3,1,1,1,50.0
46,76,47,3,2,2,1,50.0
46,78,50,3,2,3,1,50.0
46,82,41,3,2,2,1,50.0
67,56,71,3,1,1,1,50.0
67,54,65,3,1,1,1,50.0
46,87,32,3,2,2,1,50.0
67,53,53,3,1,1,1,50.0
67,46,38,3,1,2,1,50.0
67,35,47,3,1,2,1,50.0
67,30,44,3,1,1,1,50.0
46,88,35,3,2,2,1,50.0
46,94,29,3,2,1,1,50.0
67,29,68,3,1,4,1,50.0
67,27,35,3,1,1,1,50.0
67,22,62,3,1,2,1,50.0
46,95,26,3,2,3,1,50.0
67,21,59,3,1,2,1,50.0
46,96,23,3,2,2,1,50.0
47,3,74,3,1,3,1,50.0
67,12,13,3,1,1,1,50.0
47,16,68,3,1,3,1,50.0
47,32,35,3,2,1,1,50.0
47,51,74,3,2,2,1,50.0
47,57,77,3,2,0,1,50.0
67,8,41,3,1,1,1,50.0
66,99,68,3,0,3,1,50.0
66,98,71,3,1,3,1,50.0
66,87,74,3,1,2,1,50.0
47,64,71,3,2,2,1,50.0
66,80,25,3,1,2,1,50.0
66,77,11,3,1,2,1,50.0
66,74,65,3,1,2,1,50.0
66,71,22,3,1,1,1,50.0
66,68,68,3,1,3,1,50.0
66,59,77,3,1,1,1,50.0
66,56,62,3,1,1,1,50.0
66,48,56,3,1,2,1,50.0
47,69,68,3,2,1,1,50.0
66,47,53,3,1,2,1,50.0
66,36,8,3,1,1,1,50.0
47,72,56,3,2,2,1,50.0
66,29,59,3,1,4,1,50.0
66,22,39,3,1,2,1,50.0
66,19,35,3,1,3,1,50.0
66,17,19,3,1,2,1,50.0
47,85,62,3,2,3,1,50.0
47,86,50,3,2,2,1,50.0
66,9,16,3,1,3,1,50.0
47,87,42,3,2,2,1,50.0
65,99,44,3,1,2,1,50.0
47,88,47,3,2,3,1,50.0
48,6,77,3,1,3,1,50.0
48,9,68,3,2,3,1,50.0
48,12,74,3,2,2,1,50.0
65,97,38,3,1,1,1,50.0
48,13,77,3,2,3,1,50.0
48,14,47,3,2,2,1,50.0
65,87,29,3,1,2,1,50.0
48,19,53,3,2,3,1,50.0
48,24,44,3,2,1,1,50.0
65,86,26,3,1,1,1,50.0
48,29,38,3,2,4,1,50.0
65,74,41,3,1,2,1,50.0
65,68,35,3,1,3,1,50.0
48,30,30,3,2,1,1,50.0
48,39,41,3,2,2,1,50.0
48,43,35,3,2,1,1,50.0
65,58,23,3,1,2,1,50.0
65,57,32,3,1,2,1,50.0
65,43,47,3,2,1,1,50.0
48,53,27,3,2,3,1,50.0
65,27,65,3,2,1,1,50.0
48,58,24,3,2,3,1,50.0
65,26,23,3,2,1,1,50.0
48,60,77,3,3,1,1,50.0
48,65,74,3,3,2,1,50.0
48,66,5,3,3,1,1,50.0
65,16,59,3,2,3,1,50.0
65,7,53,3,2,2,1,50.0
48,73,71,3,3,2,1,50.0
65,5,35,3,2,1,1,50.0
64,97,77,3,0,2,1,50.0
48,84,62,3,3,2,1,50.0
64,83,74,3,0,2,1,50.0
48,85,33,3,3,2,1,50.0
64,81,77,3,1,3,1,50.0
48,90,59,3,3,2,1,50.0
64,62,74,3,1,2,1,50.0
48,93,26,3,3,1,1,50.0
48,96,38,3,3,2,1,50.0
64,55,65,3,2,1,1,50.0
49,10,68,3,1,2,1,50.0
49,12,5,3,1,1,1,50.0
49,14,41,3,1,2,1,50.0
64,52,74,3,2,1,1,50.0
64,45,77,3,2,2,1,50.0
64,42,50,3,2,2,1,50.0
49,15,26,3,1,2,1,50.0
64,38,68,3,2,3,1,50.0
64,34,22,3,2,2,1,50.0
49,26,16,3,1,1,1,50.0
64,24,41,3,2,1,1,50.0
64,1,38,3,2,1,1,50.0
63,97,35,3,1,1,1,50.0
49,32,29,3,1,1,1,50.0
49,34,13,3,1,2,1,50.0
49,38,74,3,1,3,1,50.0
49,48,56,3,1,3,1,50.0
49,52,71,3,1,1,1,50.0
49,58,53,3,1,2,1,50.0
49,65,44,3,1,2,1,50.0
49,68,59,3,1,3,1,50.0
49,73,38,3,1,2,1,50.0
49,74,32,3,1,2,1,50.0
63,93,71,3,1,2,1,50.0
63,90,38,3,1,2,1,50.0
49,76,10,3,1,2,1,50.0
49,80,22,3,1,2,1,50.0
63,88,77,3,1,3,1,50.0
49,84,2,3,1,2,1,50.0
49,91,19,3,1,2,1,50.0
63,82,74,3,1,2,1,50.0
63,81,68,3,1,2,1,50.0
63,79,59,3,1,4,1,50.0
49,99,35,3,1,3,1,50.0
50,21,53,3,0,2,1,50.0
50,26,2,3,0,2,1,50.0
63,78,68,3,2,3,1,50.0
63,76,59,3,2,2,1,50.0
63,74,62,3,2,2,1,50.0
63,70,38,3,2,1,1,50.0
63,69,71,3,2,0,1,50.0
50,29,71,3,1,4,1,50.0
63,68,65,3,2,3,1,50.0
50,49,77,3,1,2,1,50.0
63,64,56,3,2,2,1,50.0
63,56,77,3,2,1,1,50.0
50,56,68,3,1,1,1,50.0
50,61,65,3,1,1,1,50.0
50,62,35,3,1,1,1,50.0
50,67,32,3,1,1,1,50.0
63,54,74,3,2,1,1,50.0
50,77,2,3,1,2,1,50.0
63,50,53,3,2,1,1,50.0
63,49,50,3,2,2,1,50.0
50,80,16,3,1,2,1,50.0
50,86,13,3,1,1,1,50.0
63,37,35,3,2,3,1,50.0
63,30,27,3,2,1,1,50.0
51,6,22,3,2,1,1,50.0
51,10,62,3,2,2,1,50.0
63,27,47,3,2,1,1,50.0
63,26,13,3,2,1,1,50.0
51,12,2,3,2,1,1,50.0
63,25,44,3,2,2,1,50.0
63,22,32,3,2,2,1,50.0
63,21,24,3,2,2,1,50.0
63,19,21,3,2,3,1,50.0
63,16,18,3,2,3,1,50.0
63,7,10,3,2,2,1,50.0
62,98,53,3,2,3,1,50.0
62,92,77,3,0,3,1,50.0
51,13,19,3,2,2,1,50.0
62,90,77,3,1,3,1,50.0
51,17,56,3,2,2,1,50.0
62,80,32,3,2,2,1,50.0
62,71,26,3,2,1,1,50.0
51,19,71,3,2,3,1,50.0
51,20,68,3,2,2,1,50.0
62,68,71,3,2,3,1,50.0
62,63,7,3,2,2,1,50.0
62,48,65,3,2,3,1,50.0
51,22,50,3,2,2,1,50.0
62,45,50,3,2,2,1,50.0
51,24,10,3,2,1,1,50.0
51,30,59,3,2,2,1,50.0
62,44,44,3,2,2,1,50.0
62,40,35,3,2,2,1,50.0
62,37,29,3,2,3,1,50.0
51,31,44,3,2,2,1,50.0
62,31,77,3,2,2,1,50.0
51,38,33,3,2,3,1,50.0
51,42,30,3,2,2,1,50.0
51,43,16,3,2,1,1,50.0
51,45,5,3,2,2,1,50.0
51,46,27,3,2,3,1,50.0
62,27,38,3,2,1,1,50.0
61,98,56,3,1,4,1,50.0
51,48,68,3,3,3,1,50.0
51,49,74,3,3,2,1,50.0
51,50,62,3,3,1,1,50.0
61,95,77,3,1,4,1,50.0
61,94,65,3,2,1,1,50.0
61,93,2,3,2,1,1,50.0
61,92,59,3,2,2,1,50.0
51,55,59,3,3,1,1,50.0
61,90,56,3,2,2,1,50.0
61,81,71,3,2,2,1,50.0
61,78,62,3,2,3,1,50.0
61,75,38,3,2,1,1,50.0
61,73,74,3,2,2,1,50.0
51,59,71,3,3,1,1,50.0
51,66,2,3,3,1,1,50.0
51,73,56,3,3,2,1,50.0
51,74,53,3,3,2,1,50.0
61,72,47,3,2,2,1,50.0
51,78,65,3,3,3,1,50.0
61,70,35,3,2,1,1,50.0
61,51,77,3,2,3,1,50.0
61,48,44,3,2,3,1,50.0
51,79,8,3,3,3,1,50.0
61,46,16,3,2,2,1,50.0
61,34,41,3,2,3,1,50.0
51,84,26,3,3,2,1,50.0
51,86,30,3,3,1,1,50.0
61,26,28,3,2,2,1,50.0
61,23,20,3,2,3,1,50.0
61,19,13,3,2,3,1,50.0
61,15,8,3,2,2,1,50.0
51,87,50,3,3,2,1,50.0
51,89,47,3,3,3,1,50.0
51,92,38,3,3,2,1,50.0
61,14,25,3,2,2,1,50.0
52,1,68,3,1,2,1,50.0
52,8,56,3,1,2,1,50.0
52,11,5,3,2,1,1,50.0
52,15,17,3,2,2,1,50.0
52,17,74,3,2,2,1,50.0
61,10,59,3,3,2,1,50.0
61,9,71,3,3,3,1,50.0
52,20,77,3,2,2,1,50.0
52,24,2,3,2,1,1,50.0
61,5,22,3,3,1,1,50.0
61,3,65,3,3,2,1,50.0
52,32,23,3,2,1,1,50.0
60,95,62,3,1,3,1,50.0
60,86,74,3,1,2,1,50.0
52,46,13,3,2,2,1,50.0
60,85,30,3,2,2,1,50.0
60,73,53,3,2,2,1,50.0
60,72,44,3,2,2,1,50.0
52,56,65,3,2,1,1,50.0
52,66,71,3,2,2,1,50.0
52,70,30,3,2,1,1,50.0
60,70,16,3,2,1,1,50.0
60,68,62,3,2,3,1,50.0
60,67,23,3,2,1,1,50.0
52,76,44,3,2,2,1,50.0
52,92,53,3,2,2,1,50.0
60,65,77,3,2,2,1,50.0
52,93,68,3,2,2,1,50.0
53,1,35,3,2,1,1,50.0
60,58,74,3,2,2,1,50.0
60,55,56,3,2,1,1,50.0
60,48,47,3,2,3,1,50.0
53,7,50,3,2,2,1,50.0
60,42,41,3,2,2,1,50.0
53,8,14,3,2,1,1,50.0
53,15,5,3,2,2,1,50.0
53,24,47,3,2,1,1,50.0
53,29,55,3,2,4,1,50.0
60,39,71,3,2,2,1,50.0
60,34,5,3,2,2,1,50.0
53,33,77,3,2,3,1,50.0
60,33,65,3,2,3,1,50.0
53,34,44,3,2,3,1,50.0
60,31,38,3,2,2,1,50.0
60,28,35,3,2,2,1,50.0
60,26,20,3,2,2,1,50.0
60,24,27,3,2,2,1,50.0
53,35,41,3,2,2,1,50.0
53,36,11,3,2,1,1,50.0
53,41,38,3,2,2,1,50.0
53,45,2,3,2,2,1,50.0
53,46,8,3,2,3,1,50.0
53,52,59,3,3,2,1,50.0
53,57,74,3,3,0,1,50.0
60,23,8,3,2,4,1,50.0
53,60,2,3,3,2,1,50.0
60,19,77,3,3,3,1,50.0
53,61,77,3,3,3,1,50.0
60,14,38,3,3,2,1,50.0
53,67,50,3,3,1,1,50.0
60,9,65,3,3,3,1,50.0
53,73,47,3,3,2,1,50.0
53,76,41,3,3,2,1,50.0
53,77,71,3,3,3,1,50.0
53,78,56,3,3,3,1,50.0
60,8,32,3,3,1,1,50.0
53,83,38,3,3,1,1,50.0
60,5,74,3,3,2,1,50.0
60,1,29,3,3,1,1,50.0
60,0,68,3,3,2,1,50.0
53,84,5,3,3,2,1,50.0
59,93,62,3,1,2,1,50.0
53,86,17,3,3,1,1,50.0
53,88,24,3,3,2,1,50.0
59,84,59,3,1,3,1,50.0
53,92,30,3,3,2,1,50.0
59,83,1,3,2,1,1,50.0
59,81,62,3,2,2,1,50.0
59,77,77,3,2,3,1,50.0
53,98,44,3,3,3,1,50.0
53,99,53,3,3,2,1,50.0
54,2,77,3,0,4,1,50.0
59,76,33,3,2,2,1,50.0
59,69,74,3,2,1,1,50.0
54,6,19,3,1,1,1,50.0
59,64,59,3,2,2,1,50.0
54,11,77,3,1,2,1,50.0
59,60,71,3,2,3,1,50.0
59,54,56,3,2,1,1,50.0
59,49,68,3,2,2,1,50.0
59,48,53,3,2,3,1,50.0
59,35,30,3,2,2,1,50.0
54,12,71,3,1,2,1,50.0
54,17,62,3,1,2,1,50.0
54,26,59,3,1,2,1,50.0
59,33,39,3,2,3,1,50.0
54,30,24,3,1,1,1,50.0
59,32,26,3,2,1,1,50.0
59,30,21,3,2,1,1,50.0
59,29,65,3,2,4,1,50.0
54,39,53,3,1,2,1,50.0
59,21,36,3,2,2,1,50.0
54,46,7,3,1,2,1,50.0
54,48,50,3,1,3,1,50.0
54,50,47,3,1,1,1,50.0
54,51,41,3,1,3,1,50.0
58,96,71,3,2,2,1,50.0
54,53,35,3,1,3,1,50.0
54,66,27,3,1,2,1,50.0
54,71,11,3,1,1,1,50.0
54,79,4,3,1,3,1,50.0
58,88,20,3,2,2,1,50.0
58,86,10,3,2,1,1,50.0
54,82,1,3,1,2,1,50.0
54,84,56,3,2,2,1,50.0
54,87,71,3,2,2,1,50.0
54,88,17,3,2,2,1,50.0
58,84,77,3,2,3,1,50.0
54,93,65,3,2,2,1,50.0
58,54,50,3,2,2,1,50.0
58,50,56,3,2,1,1,50.0
58,41,44,3,2,1,1,50.0
54,94,59,3,2,1,1,50.0
58,9,38,3,2,3,1,50.0
57,99,41,3,1,2,1,50.0
57,90,35,3,1,2,1,50.0
57,84,74,3,1,3,1,50.0
55,2,62,3,1,3,1,50.0
57,72,68,3,1,2,1,50.0
57,63,77,3,1,3,1,50.0
57,59,71,3,1,3,1,50.0
57,42,53,3,1,2,1,50.0
55,6,44,3,1,4,1,50.0
57,37,62,3,1,4,1,50.0
55,10,38,3,1,2,1,50.0
57,29,62,3,2,4,1,50.0
57,24,59,3,1,2,1,50.0
55,12,11,3,1,2,1,50.0
57,10,56,3,1,3,1,50.0
57,8,38,3,1,2,1,50.0
55,15,2,3,1,2,1,50.0
56,99,11,3,1,2,1,50.0
56,94,56,3,1,1,1,50.0
55,17,8,3,1,2,1,50.0
56,90,5,3,1,2,1,50.0
56,87,59,3,1,2,1,50.0
56,85,2,3,1,2,1,50.0
56,81,53,3,1,3,1,50.0
56,80,19,3,2,2,1,50.0
55,27,5,3,1,1,1,50.0
55,31,74,3,2,2,1,50.0
56,76,30,3,2,2,1,50.0
56,64,62,3,2,2,1,50.0
55,32,17,3,2,1,1,50.0
55,35,27,3,2,2,1,50.0
56,60,59,3,2,3,1,50.0
56,57,77,3,2,2,1,50.0
55,40,32,3,2,2,1,50.0
55,41,56,3,2,1,1,50.0
56,53,68,3,2,3,1,50.0
56,50,74,3,2,1,1,50.0
55,46,4,3,2,2,1,50.0
55,52,50,3,2,2,1,50.0
56,40,26,3,2,2,1,50.0
56,37,23,3,2,3,1,50.0
56,35,14,3,2,2,1,50.0
55,53,65,3,2,3,1,50.0
56,27,56,3,2,1,1,50.0
55,56,71,3,2,2,1,50.0
56,7,47,3,2,2,1,50.0
55,58,47,3,2,2,1,50.0
56,0,65,3,2,3,1,50.0
55,64,44,3,2,2,1,50.0
55,66,77,3,2,2,1,50.0
55,68,41,3,2,3,1,50.0
55,96,62,3,2,2,1,50.0
55,93,59,3,2,2,1,50.0
55,73,35,3,2,2,1,50.0
55,89,53,3,2,3,1,50.0
55,88,14,3,2,2,1,50.0
55,79,1,3,2,3,1,50.0
