src,dst,spec,slots_used,core_src,core_dst,tfk_slot
79,72,0,19,0,0,436.0
11,73,0,19,0,0,436.0
11,64,19,2,0,0,14.0
69,49,0,19,0,0,428.0
75,56,0,18,0,0,424.0
61,51,0,18,0,0,424.0
13,33,0,2,0,0,14.0
19,36,0,2,0,0,14.0
24,94,0,2,0,0,14.0
28,98,0,2,0,0,14.0
38,17,0,2,0,0,14.0
27,83,0,18,0,0,424.0
6,25,0,18,0,0,424.0
38,87,2,2,0,0,14.0
51,80,18,2,0,0,14.0
56,98,18,2,0,0,14.0
97,20,0,18,0,0,420.0
59,32,0,2,0,0,14.0
96,36,2,18,0,0,420.0
69,33,19,2,0,0,14.0
86,97,18,18,0,0,420.0
72,42,19,2,0,0,14.0
72,68,21,2,0,0,14.0
72,91,23,2,0,0,14.0
79,88,19,2,0,0,14.0
84,31,0,2,0,0,14.0
84,57,2,2,0,0,14.0
79,89,21,18,0,0,420.0
86,17,2,2,0,0,14.0
73,10,19,18,0,0,420.0
96,10,0,2,0,0,14.0
97,74,36,2,0,0,14.0
63,32,2,18,0,0,420.0
0,40,0,2,0,0,18.5
0,85,2,2,0,0,18.5
6,33,21,2,0,0,18.5
59,46,2,18,0,0,420.0
10,8,2,2,0,0,18.5
10,82,4,2,0,0,18.5
13,16,2,2,0,0,18.5
19,69,21,2,0,0,18.5
22,58,0,2,0,0,18.5
22,78,2,2,0,0,18.5
42,19,23,18,0,0,420.0
23,97,38,2,0,0,18.5
24,47,2,2,0,0,18.5
41,48,0,18,0,0,420.0
25,0,18,2,0,0,18.5
25,20,20,2,0,0,18.5
97,92,40,18,0,0,416.0
26,27,18,2,0,0,18.5
67,40,2,18,0,0,416.0
35,43,0,2,0,0,18.5
36,17,20,2,0,0,18.5
37,27,20,2,0,0,18.5
53,12,0,18,0,0,416.0
38,69,23,2,0,0,18.5
39,4,0,2,0,0,18.5
22,2,4,18,0,0,416.0
43,57,4,2,0,0,18.5
45,33,2,2,0,0,18.5
46,62,0,2,0,0,18.5
19,8,41,18,0,0,416.0
48,8,18,2,0,0,18.5
13,88,21,18,0,0,416.0
11,48,21,18,0,0,416.0
51,12,20,2,0,0,18.5
78,55,4,18,0,0,412.0
51,27,22,2,0,0,18.5
69,76,25,18,0,0,412.0
53,96,20,2,0,0,18.5
58,4,2,2,0,0,18.5
65,90,0,2,0,0,18.5
67,53,22,2,0,0,18.5
72,86,36,2,0,0,18.5
73,36,37,2,0,0,18.5
76,2,0,2,0,0,18.5
77,39,2,2,0,0,18.5
77,65,4,2,0,0,18.5
81,44,0,2,0,0,18.5
68,25,23,18,0,0,412.0
82,73,39,2,0,0,18.5
87,68,0,2,0,0,18.5
87,73,41,2,0,0,18.5
96,84,22,2,0,0,18.5
97,6,58,2,0,0,18.5
98,86,4,2,0,0,18.5
99,80,0,2,0,0,18.5
0,58,4,2,0,0,23.0
2,20,22,2,0,0,23.0
5,26,0,2,0,0,23.0
6,57,18,2,0,0,23.0
7,5,2,2,0,0,23.0
8,2,24,2,0,0,23.0
10,37,6,2,0,0,23.0
12,93,18,2,0,0,23.0
15,49,19,2,0,0,23.0
21,44,2,2,0,0,23.0
24,74,4,2,0,0,23.0
55,72,38,18,0,0,412.0
24,98,6,2,0,0,23.0
25,37,41,2,0,0,23.0
25,68,43,2,0,0,23.0
50,71,0,18,0,0,412.0
26,44,4,2,0,0,23.0
46,49,21,18,0,0,412.0
26,64,2,2,0,0,23.0
27,92,24,2,0,0,23.0
28,9,2,2,0,0,23.0
30,18,0,2,0,0,23.0
31,87,4,2,0,0,23.0
37,74,0,2,0,0,23.0
38,44,6,2,0,0,23.0
38,70,4,2,0,0,23.0
39,76,4,2,0,0,23.0
41,99,18,2,0,0,23.0
35,29,2,18,0,0,412.0
44,34,8,2,0,0,23.0
47,5,4,2,0,0,23.0
47,82,0,2,0,0,23.0
55,37,2,2,0,0,23.0
31,9,6,18,0,0,412.0
56,90,20,2,0,0,23.0
57,36,22,2,0,0,23.0
58,23,6,2,0,0,23.0
60,73,43,2,0,0,23.0
63,71,20,2,0,0,23.0
67,57,0,2,0,0,23.0
68,32,41,2,0,0,23.0
28,70,6,18,0,0,412.0
72,34,25,2,0,0,23.0
75,92,18,2,0,0,23.0
77,2,26,2,0,0,23.0
80,95,2,2,0,0,23.0
24,13,39,18,0,0,412.0
23,98,20,18,0,0,412.0
81,85,4,2,0,0,23.0
82,69,43,2,0,0,23.0
83,76,18,2,0,0,23.0
86,19,6,2,0,0,23.0
88,74,2,2,0,0,23.0
83,81,20,18,0,0,408.0
2,52,28,3,0,0,27.5
83,15,38,18,0,0,408.0
3,99,2,3,0,0,27.5
81,48,39,18,0,0,408.0
6,36,24,3,0,0,27.5
9,27,26,3,0,0,27.5
10,76,8,3,0,0,27.5
12,8,26,3,0,0,27.5
13,18,4,3,0,0,27.5
16,47,6,3,0,0,27.5
16,90,9,3,0,0,27.5
65,70,24,18,0,0,408.0
17,18,7,3,0,0,27.5
19,95,8,3,0,0,27.5
21,68,4,3,0,0,27.5
22,60,22,3,0,0,27.5
25,31,45,3,0,0,27.5
26,16,12,3,0,0,27.5
62,26,20,18,0,0,408.0
60,91,0,18,0,0,408.0
26,40,38,3,0,0,27.5
26,78,41,3,0,0,27.5
27,23,40,3,0,0,27.5
30,16,15,3,0,0,27.5
52,10,37,18,0,0,408.0
30,53,24,3,0,0,27.5
47,17,22,18,0,0,408.0
30,72,27,3,0,0,27.5
26,33,44,18,0,0,408.0
16,70,42,18,0,0,408.0
31,54,24,3,0,0,27.5
33,26,6,3,0,0,27.5
33,74,9,3,0,0,27.5
35,12,22,3,0,0,27.5
35,46,39,3,0,0,27.5
36,22,27,3,0,0,27.5
3,49,39,18,0,0,408.0
36,35,30,3,0,0,27.5
36,66,33,3,0,0,27.5
98,63,38,18,0,0,404.0
37,19,11,3,0,0,27.5
37,98,8,3,0,0,27.5
83,16,60,18,0,0,404.0
40,10,55,3,0,0,27.5
42,61,41,3,0,0,27.5
82,98,56,18,0,0,404.0
45,18,10,3,0,0,27.5
52,1,0,18,0,0,404.0
45,41,20,3,0,0,27.5
51,88,39,18,0,0,404.0
31,12,48,18,0,0,404.0
47,43,9,3,0,0,27.5
47,77,12,3,0,0,27.5
51,87,24,3,0,0,27.5
27,86,43,18,0,0,404.0
1,3,18,18,0,0,404.0
52,61,18,3,0,0,27.5
52,76,21,3,0,0,27.5
93,98,0,17,0,1,400.0
53,69,45,3,0,0,27.5
81,26,62,17,0,0,400.0
55,0,22,3,0,0,27.5
55,22,30,3,0,0,27.5
55,35,25,3,0,0,27.5
77,98,28,17,0,1,400.0
77,8,59,17,0,0,400.0
56,18,22,3,0,0,27.5
76,45,43,17,0,0,400.0
57,98,11,3,0,0,27.5
72,49,57,17,0,0,400.0
58,91,18,3,0,0,27.5
61,82,21,3,0,0,27.5
61,87,27,3,0,0,27.5
67,99,24,3,0,0,27.5
60,32,45,17,0,0,400.0
68,97,60,3,0,0,27.5
70,6,60,3,0,0,27.5
70,34,0,3,0,0,27.5
70,78,63,3,0,0,27.5
72,25,74,3,0,0,27.5
59,36,39,17,0,0,400.0
73,5,45,3,0,0,27.5
57,99,27,17,0,0,400.0
47,99,44,17,0,0,400.0
74,31,27,3,0,0,27.5
39,13,57,17,0,0,400.0
75,4,20,3,0,0,27.5
76,39,11,3,0,0,27.5
29,62,38,17,0,0,400.0
76,52,60,3,0,0,27.5
4,57,44,17,0,0,400.0
98,24,57,17,1,0,396.0
67,39,27,17,0,0,396.0
76,86,14,3,0,0,27.5
77,5,6,3,0,0,27.5
64,49,21,17,0,1,396.0
77,16,18,3,0,0,27.5
77,90,15,3,0,0,27.5
79,73,48,3,0,0,27.5
81,93,57,3,0,0,27.5
82,37,14,3,0,0,27.5
84,7,4,3,0,0,27.5
84,46,42,3,0,0,27.5
84,71,24,3,0,0,27.5
87,3,6,3,0,0,27.5
88,56,57,3,0,0,27.5
91,82,25,3,0,0,27.5
60,23,62,17,0,0,396.0
93,59,20,3,0,0,27.5
96,50,24,3,0,0,27.5
1,82,36,3,0,0,32.0
4,38,8,3,0,0,32.0
4,75,23,3,0,0,32.0
8,99,5,3,0,0,32.0
54,66,0,17,0,0,396.0
10,3,11,3,0,0,32.0
42,27,61,17,0,0,396.0
10,23,14,3,0,0,32.0
15,2,31,3,0,0,32.0
18,58,13,3,0,0,32.0
19,87,14,3,0,0,32.0
20,95,24,3,0,0,32.0
25,51,57,3,0,0,32.0
25,56,48,3,0,0,32.0
26,96,9,3,0,1,32.0
39,43,12,17,1,0,396.0
27,3,36,3,0,0,32.0
28,2,34,3,0,0,32.0
30,56,30,3,0,0,32.0
34,61,44,17,0,0,396.0
31,77,76,3,0,0,32.0
32,74,20,3,0,0,32.0
33,9,29,3,0,0,32.0
33,89,62,17,0,0,396.0
34,96,27,3,0,0,32.0
35,5,33,3,0,0,32.0
35,36,56,3,0,0,32.0
35,60,36,3,0,0,32.0
36,91,59,3,0,0,32.0
39,60,18,3,0,0,32.0
26,3,57,17,1,0,396.0
41,74,23,3,0,0,32.0
43,11,39,3,0,0,32.0
8,18,25,17,1,0,396.0
4,55,61,17,0,0,396.0
43,39,6,3,0,0,32.0
84,5,48,17,0,0,392.0
45,78,23,3,0,0,32.0
83,60,0,17,1,1,392.0
47,11,61,3,0,0,32.0
48,7,57,3,0,0,32.0
48,30,60,3,0,0,32.0
60,24,17,17,1,0,392.0
50,2,37,3,0,0,32.0
50,6,27,3,0,0,32.0
50,46,45,3,0,0,32.0
53,55,33,3,0,0,32.0
88,3,60,17,0,1,388.0
87,74,43,17,0,0,388.0
54,22,33,3,0,0,32.0
55,43,56,3,0,0,32.0
73,54,51,17,0,0,388.0
55,79,39,3,1,0,32.0
56,22,36,3,0,0,32.0
56,61,33,3,0,0,32.0
58,55,8,3,0,1,32.0
59,56,25,3,0,0,32.0
59,76,63,3,0,0,32.0
61,42,24,3,0,1,32.0
63,65,56,3,0,0,32.0
63,95,27,3,0,0,32.0
68,84,63,17,0,1,388.0
49,7,38,17,1,0,388.0
66,6,30,3,0,0,32.0
66,21,17,3,0,0,32.0
41,1,39,17,0,0,388.0
67,44,44,3,0,0,32.0
29,38,55,17,0,0,388.0
18,82,42,17,0,1,388.0
13,30,33,17,1,0,388.0
12,47,29,17,0,1,388.0
89,6,39,17,0,0,384.0
68,24,8,3,0,0,32.0
71,85,27,3,0,0,32.0
73,42,68,3,0,1,32.0
79,34,61,17,0,0,384.0
68,53,48,17,1,0,384.0
62,27,2,17,0,1,384.0
76,17,66,3,0,0,32.0
59,41,56,17,1,0,384.0
76,26,74,3,0,1,32.0
79,21,42,3,0,0,32.0
80,8,8,3,0,0,32.0
80,90,4,3,0,0,32.0
45,40,60,17,0,0,384.0
80,91,28,3,0,0,32.0
81,34,10,3,0,0,32.0
83,18,56,3,0,1,32.0
83,26,17,3,1,1,32.0
35,54,59,17,0,1,384.0
30,41,63,17,0,1,384.0
83,91,31,3,1,0,32.0
85,26,15,3,0,0,32.0
86,11,64,3,0,0,32.0
20,66,36,17,0,0,384.0
87,12,66,3,0,0,32.0
89,3,14,3,0,0,32.0
89,16,0,3,0,1,32.0
91,2,40,3,0,0,32.0
97,68,65,3,0,1,32.0
99,49,74,3,0,0,32.0
0,5,9,3,0,0,36.5
16,3,21,17,0,1,384.0
1,31,66,3,0,0,36.5
2,3,74,3,0,0,36.5
2,13,77,3,0,0,36.5
14,63,59,17,0,0,384.0
2,74,60,3,0,0,36.5
3,13,77,3,0,1,36.5
5,81,13,3,0,0,36.5
7,23,8,3,0,0,36.5
7,73,71,3,0,0,36.5
7,78,11,17,0,1,384.0
84,87,0,17,1,1,380.0
7,93,28,3,0,0,36.5
84,16,17,17,1,1,380.0
8,49,77,3,0,0,36.5
9,73,74,3,0,0,36.5
9,81,32,3,0,1,36.5
10,50,58,3,0,0,36.5
14,72,30,3,0,0,36.5
40,82,20,17,0,1,380.0
38,0,25,17,0,0,380.0
14,88,4,3,0,0,36.5
19,59,59,3,0,0,36.5
20,61,30,3,0,0,36.5
22,4,39,3,0,0,36.5
22,93,42,3,0,0,36.5
23,73,0,3,0,1,36.5
25,71,51,3,0,0,36.5
27,45,29,3,0,0,36.5
29,94,20,3,0,0,36.5
31,79,30,3,0,1,36.5
18,86,59,17,0,1,380.0
32,22,62,3,0,0,36.5
33,50,32,3,0,0,36.5
2,33,43,17,0,1,380.0
2,65,6,17,1,0,376.0
35,50,42,3,0,0,36.5
37,42,44,3,0,0,36.5
40,97,77,3,0,0,36.5
35,93,60,16,1,0,372.0
4,86,0,16,1,1,372.0
42,87,9,3,0,0,36.5
43,16,34,3,0,1,36.5
43,59,29,3,0,0,36.5
46,68,48,3,0,0,36.5
47,78,66,3,0,0,36.5
48,33,63,3,0,1,36.5
49,61,61,3,1,0,36.5
52,31,33,3,0,0,36.5
57,37,24,3,0,0,36.5
1,19,62,16,1,0,372.0
58,36,62,3,0,0,36.5
59,19,32,3,0,1,36.5
59,26,35,3,0,1,36.5
59,44,56,3,0,0,36.5
59,87,69,3,0,0,36.5
59,92,66,3,0,0,36.5
64,2,63,3,0,0,36.5
43,84,59,16,0,2,368.0
66,3,53,3,0,1,36.5
93,31,0,16,1,1,364.0
66,59,72,3,0,0,36.5
67,70,66,3,0,0,36.5
67,97,69,3,0,0,36.5
69,81,48,3,0,1,36.5
82,28,59,16,1,0,364.0
69,93,51,3,0,0,36.5
72,3,77,3,0,1,36.5
72,74,33,3,0,0,36.5
73,88,77,3,0,0,36.5
78,33,44,16,0,2,364.0
46,52,63,16,0,0,364.0
92,91,34,5,0,0,86.0
74,25,63,3,0,0,36.5
75,16,38,3,0,0,36.5
75,71,30,3,0,0,36.5
90,49,55,5,0,1,86.0
75,96,33,3,0,0,36.5
76,36,69,3,0,0,36.5
76,60,77,3,0,1,36.5
77,70,9,3,0,1,36.5
77,80,21,3,0,0,36.5
78,58,26,3,0,0,36.5
79,32,45,3,0,1,36.5
81,66,6,3,0,1,36.5
83,99,20,3,1,0,36.5
86,47,40,3,0,0,36.5
86,62,61,3,0,0,36.5
89,56,3,5,0,1,86.0
86,85,8,3,0,0,36.5
75,48,66,5,0,0,86.0
87,17,17,3,0,0,36.5
87,30,20,3,0,0,36.5
91,41,73,3,0,0,36.5
92,1,58,3,0,0,36.5
73,87,30,5,1,0,86.0
97,61,72,3,0,0,36.5
5,80,24,3,0,0,41.0
6,74,66,3,0,0,41.0
63,83,22,5,0,2,86.0
58,97,21,5,0,1,86.0
6,89,33,3,0,1,41.0
58,22,45,5,0,0,86.0
7,76,31,3,0,1,41.0
8,35,11,3,0,1,41.0
8,64,14,3,0,0,41.0
8,95,20,3,0,0,41.0
49,16,3,5,1,1,86.0
11,10,67,3,0,0,41.0
11,96,42,3,0,0,41.0
14,37,17,3,0,0,41.0
14,85,11,3,0,0,41.0
19,65,2,3,0,1,41.0
19,82,17,3,0,0,41.0
23,11,45,3,0,0,41.0
23,64,11,3,0,0,41.0
24,4,11,3,0,0,41.0
26,38,11,3,1,0,41.0
28,27,24,3,0,1,41.0
48,12,71,5,0,0,86.0
37,95,30,5,0,0,86.0
29,80,31,3,0,0,41.0
30,9,50,3,0,0,41.0
30,74,6,3,0,0,41.0
31,40,41,3,0,0,41.0
33,80,12,3,0,0,41.0
38,91,43,3,0,0,41.0
39,81,14,3,0,1,41.0
37,0,47,5,0,0,86.0
19,9,35,5,1,0,86.0
2,31,69,5,0,0,86.0
40,79,51,3,0,0,41.0
92,99,8,5,0,0,81.5
41,49,76,3,0,1,41.0
42,18,16,3,0,0,41.0
42,94,2,3,0,0,41.0
45,23,17,3,0,0,41.0
89,47,8,5,0,1,81.5
86,37,67,5,0,0,81.5
85,94,30,5,0,0,81.5
47,88,15,3,0,0,41.0
48,16,76,3,0,1,41.0
49,11,70,3,1,0,41.0
52,7,24,3,0,1,41.0
52,93,55,3,0,1,41.0
53,32,27,3,0,0,41.0
53,43,42,3,0,0,41.0
54,65,42,3,0,0,41.0
55,9,42,3,1,0,41.0
55,96,30,3,1,0,41.0
58,67,50,3,0,0,41.0
59,4,75,3,0,1,41.0
60,16,39,3,0,1,41.0
60,40,25,3,0,1,41.0
60,43,28,3,0,1,41.0
60,90,31,3,0,0,41.0
62,95,55,3,0,0,41.0
64,36,66,3,0,0,41.0
54,16,45,5,0,1,81.5
65,64,45,3,0,0,41.0
68,2,45,3,0,1,41.0
68,3,11,3,0,1,41.0
53,58,36,5,0,0,81.5
69,42,54,3,0,0,41.0
69,43,75,3,0,0,41.0
53,7,65,5,0,0,81.5
52,2,0,5,1,1,81.5
47,0,69,5,0,0,81.5
72,93,23,3,1,0,41.0
73,25,54,3,1,0,41.0
74,47,74,3,0,0,41.0
75,62,58,3,0,0,41.0
75,68,51,3,0,0,41.0
76,59,0,3,1,1,41.0
76,99,13,3,1,0,41.0
77,35,45,3,0,0,41.0
41,36,26,5,0,1,81.5
79,25,54,3,0,1,41.0
80,44,15,3,0,0,41.0
81,16,16,3,0,2,41.0
81,61,36,3,1,0,41.0
81,67,53,3,1,0,41.0
81,73,3,3,1,1,41.0
82,97,6,3,0,1,41.0
39,72,44,5,0,1,81.5
84,50,18,3,0,0,41.0
84,54,27,3,0,0,41.0
87,27,35,3,0,1,41.0
87,71,38,3,0,0,41.0
87,88,60,3,0,1,41.0
89,12,17,3,0,1,41.0
27,52,19,5,1,1,81.5
91,74,69,3,0,0,41.0
92,20,27,3,0,0,41.0
95,35,48,3,0,0,41.0
95,38,14,3,0,0,41.0
97,35,51,3,1,0,41.0
97,76,3,3,1,1,41.0
99,37,61,3,0,0,41.0
0,75,42,3,0,0,45.5
24,29,74,5,0,0,81.5
22,67,56,5,0,0,81.5
4,9,4,3,0,1,45.5
4,19,14,3,0,1,45.5
7,85,35,3,0,0,45.5
8,11,29,3,0,1,45.5
16,85,50,5,1,0,81.5
8,47,32,3,0,2,45.5
6,47,69,5,0,1,81.5
6,8,74,5,0,1,81.5
9,95,45,3,0,0,45.5
10,38,72,3,0,0,45.5
10,57,61,3,0,0,45.5
11,9,53,3,0,0,45.5
2,79,23,5,1,1,81.5
17,43,45,3,0,0,45.5
22,5,65,3,0,0,45.5
22,27,50,3,0,1,45.5
23,37,52,3,0,0,45.5
23,65,48,3,0,0,45.5
24,71,34,3,0,0,45.5
25,91,66,3,0,0,45.5
26,47,77,3,1,0,45.5
98,32,74,5,0,0,77.0
97,31,36,5,1,0,77.0
26,89,0,3,1,1,45.5
96,97,45,5,0,1,77.0
27,18,32,3,0,1,45.5
27,25,60,3,1,0,45.5
28,46,51,3,0,0,45.5
95,92,61,5,0,0,77.0
28,81,27,3,0,1,45.5
29,23,23,3,0,1,45.5
31,8,35,3,1,0,45.5
31,13,16,3,1,0,45.5
31,44,19,3,1,0,45.5
31,45,26,3,1,0,45.5
32,3,38,3,0,1,45.5
95,20,66,5,0,0,77.0
90,34,34,5,0,0,77.0
33,43,15,3,0,1,45.5
34,20,3,3,0,1,45.5
35,8,76,3,0,2,45.5
36,76,72,3,0,1,45.5
89,85,56,5,0,0,77.0
88,47,7,5,0,2,77.0
37,45,35,3,0,0,45.5
37,57,64,3,0,0,45.5
38,15,75,3,0,0,45.5
83,86,72,5,1,0,77.0
77,91,48,5,0,0,77.0
38,48,17,3,0,1,45.5
38,60,46,3,0,1,45.5
38,77,20,3,0,1,45.5
40,59,44,3,0,1,45.5
41,0,31,3,0,1,45.5
41,9,34,3,0,1,45.5
41,51,27,3,1,0,45.5
77,72,53,5,0,1,77.0
41,81,0,3,1,1,45.5
42,59,5,3,0,1,45.5
42,62,12,3,0,1,45.5
43,94,48,3,0,0,45.5
43,99,51,3,0,1,45.5
45,1,77,3,0,0,45.5
76,15,6,5,1,0,77.0
46,35,54,3,0,1,45.5
47,61,18,3,0,1,45.5
71,23,55,5,0,0,77.0
48,37,27,3,1,0,45.5
70,49,69,5,0,2,77.0
48,67,47,3,1,0,45.5
49,93,16,3,1,1,45.5
67,1,61,5,0,0,77.0
51,39,74,3,0,0,45.5
64,35,4,5,0,1,77.0
61,12,64,5,0,1,77.0
51,73,35,3,0,1,45.5
51,90,60,3,0,0,45.5
52,82,9,3,1,0,45.5
53,1,70,3,0,0,45.5
53,49,73,3,0,1,45.5
55,39,21,3,1,0,45.5
58,38,29,3,0,1,45.5
58,57,67,3,0,0,45.5
58,88,32,3,0,1,45.5
58,95,41,3,0,0,45.5
56,43,39,5,0,1,77.0
59,17,10,3,1,0,45.5
59,51,30,3,1,0,45.5
60,11,49,3,1,0,45.5
60,99,64,3,1,0,45.5
56,32,65,5,0,0,77.0
62,85,64,3,0,0,45.5
64,12,76,3,0,0,45.5
65,51,63,3,0,0,45.5
51,34,66,5,0,1,77.0
66,10,64,3,0,0,45.5
66,85,20,3,0,0,45.5
68,85,14,3,0,1,45.5
70,13,74,3,0,0,45.5
70,24,77,3,0,1,45.5
70,31,22,3,1,1,45.5
70,36,75,3,1,0,45.5
70,44,12,3,1,0,45.5
71,38,41,3,0,1,45.5
72,4,17,3,1,0,45.5
73,8,38,3,1,0,45.5
75,26,26,3,0,1,45.5
75,43,45,3,0,1,45.5
79,13,57,3,0,1,45.5
79,48,0,3,1,1,45.5
48,94,5,5,1,0,77.0
80,13,50,3,0,1,45.5
82,68,28,3,0,1,45.5
83,57,77,3,1,0,45.5
83,82,45,3,1,0,45.5
86,79,11,3,0,1,45.5
86,89,77,3,0,1,45.5
87,18,76,3,0,0,45.5
48,54,36,5,1,0,77.0
43,68,54,5,1,0,77.0
34,7,13,5,0,1,77.0
88,20,12,3,0,1,45.5
88,32,23,3,1,0,45.5
89,20,53,3,1,0,45.5
33,27,38,5,0,1,77.0
89,51,71,3,1,0,45.5
90,31,39,3,0,1,45.5
31,84,30,5,1,0,77.0
91,1,53,3,0,1,45.5
91,52,56,3,0,1,45.5
92,97,0,3,0,1,45.5
93,88,35,3,0,1,45.5
30,27,53,5,0,1,77.0
94,29,26,3,0,0,45.5
96,68,36,3,0,1,45.5
99,71,67,3,0,0,45.5
0,26,6,3,0,1,50.0
0,62,74,3,0,0,50.0
25,57,69,5,0,1,77.0
5,63,30,3,0,0,50.0
6,84,36,3,0,0,50.0
7,20,60,3,0,0,50.0
7,52,74,3,0,1,50.0
8,7,0,3,1,1,50.0
25,49,8,5,1,1,77.0
8,85,42,3,1,0,50.0
22,94,68,5,0,0,77.0
20,36,71,5,0,1,77.0
19,21,7,5,1,0,77.0
10,44,75,3,0,0,50.0
12,18,0,3,1,1,50.0
17,73,48,5,0,1,77.0
15,67,72,3,0,0,50.0
12,80,34,5,1,0,77.0
19,13,0,3,1,1,50.0
19,47,3,3,1,1,50.0
11,76,56,5,0,1,77.0
20,4,33,3,0,0,50.0
9,99,56,5,0,1,77.0
22,62,77,3,0,0,50.0
9,32,61,5,0,1,77.0
22,99,73,3,0,1,50.0
25,4,77,3,0,2,50.0
25,33,23,3,1,0,50.0
7,29,3,5,1,1,77.0
25,46,57,3,1,0,50.0
25,58,70,3,1,0,50.0
7,9,66,5,1,0,77.0
28,75,48,3,0,0,50.0
6,67,75,5,1,0,77.0
28,92,30,3,0,0,50.0
29,19,34,3,0,2,50.0
2,16,55,5,1,1,77.0
29,47,0,3,1,1,50.0
30,66,2,3,0,1,50.0
31,25,42,3,1,1,50.0
32,57,70,3,0,0,50.0
33,29,26,3,0,1,50.0
99,97,70,4,0,1,72.5
97,40,9,4,1,1,72.5
36,8,3,3,1,1,50.0
37,25,38,3,0,1,50.0
39,74,77,3,0,0,50.0
39,82,49,3,0,0,50.0
96,42,50,4,0,0,72.5
41,18,19,3,1,0,50.0
95,18,4,4,0,1,72.5
90,69,63,4,0,0,72.5
41,38,49,3,1,0,50.0
41,52,5,3,1,1,50.0
41,93,31,3,1,0,50.0
42,1,47,3,0,1,50.0
42,84,57,3,0,1,50.0
42,90,12,3,1,0,50.0
43,7,77,3,1,0,50.0
43,50,21,3,1,0,50.0
88,7,8,4,1,1,72.5
43,76,18,3,1,1,50.0
86,88,16,4,1,1,72.5
44,2,66,3,0,0,50.0
44,23,26,3,0,1,50.0
44,49,22,3,0,2,50.0
45,9,7,3,0,1,50.0
45,87,32,3,0,1,50.0
85,14,23,4,0,0,72.5
83,55,24,4,1,1,72.5
47,6,63,3,1,0,50.0
47,12,13,3,1,1,50.0
48,90,22,3,1,0,50.0
49,54,0,3,1,1,50.0
51,78,77,3,0,0,50.0
53,22,30,3,0,1,50.0
53,62,76,3,0,1,50.0
57,2,73,3,0,1,50.0
57,87,6,3,0,2,50.0
58,8,53,3,0,1,50.0
59,58,73,3,1,0,50.0
60,12,39,3,1,1,50.0
60,39,52,3,1,0,50.0
81,86,20,4,1,1,72.5
60,51,34,3,1,1,50.0
60,69,57,3,1,0,50.0
60,96,60,3,1,0,50.0
80,47,46,4,0,1,72.5
62,44,69,3,0,0,50.0
79,15,14,4,1,0,72.5
62,56,44,3,1,0,50.0
79,12,3,4,1,1,72.5
63,27,76,3,0,1,50.0
63,51,33,3,0,2,50.0
65,21,51,3,0,0,50.0
76,96,63,4,1,0,72.5
74,66,12,4,0,1,72.5
67,8,6,3,1,1,50.0
67,32,30,3,1,0,50.0
68,0,17,3,0,1,50.0
73,28,41,4,1,0,72.5
68,34,18,3,1,0,50.0
69,24,60,3,0,1,50.0
69,87,72,3,0,0,50.0
70,84,15,3,1,0,50.0
71,4,44,3,0,1,50.0
72,10,0,4,1,1,72.5
70,38,0,4,1,1,72.5
72,7,20,3,1,1,50.0
72,37,58,3,1,0,50.0
69,90,67,4,0,0,72.5
72,69,4,3,1,1,50.0
69,28,37,4,1,0,72.5
68,54,68,4,1,0,72.5
74,45,38,3,0,0,50.0
75,3,54,3,0,2,50.0
65,96,67,4,0,0,72.5
75,10,61,3,0,1,50.0
75,31,71,3,0,1,50.0
78,9,71,3,0,0,50.0
78,61,29,3,0,1,50.0
65,73,59,4,0,1,72.5
64,10,38,4,0,1,72.5
64,6,48,4,0,1,72.5
79,82,33,3,1,0,50.0
80,2,39,3,0,1,50.0
80,4,53,3,0,1,50.0
80,40,42,3,0,1,50.0
81,72,7,3,1,1,50.0
82,27,52,3,0,2,50.0
83,73,63,3,1,1,50.0
84,9,77,3,0,0,50.0
84,49,65,3,0,1,50.0
86,51,24,3,1,1,50.0
86,60,42,3,1,1,50.0
63,59,13,4,1,1,72.5
86,96,39,3,1,0,50.0
87,28,63,3,0,1,50.0
87,34,21,3,1,0,50.0
87,48,41,3,1,1,50.0
88,1,73,3,1,0,50.0
88,24,0,3,1,1,50.0
88,67,3,3,1,1,50.0
60,46,67,4,1,1,72.5
59,85,38,4,1,0,72.5
88,68,12,3,1,1,50.0
58,31,56,4,0,1,72.5
89,91,62,3,1,0,50.0
92,79,20,3,0,1,50.0
93,78,38,3,0,0,50.0
96,32,54,3,0,1,50.0
96,61,75,3,0,0,50.0
97,3,14,3,1,1,50.0
97,91,76,3,1,0,50.0
97,99,17,3,1,1,50.0
55,53,0,4,1,1,72.5
98,72,14,3,0,1,50.0
99,10,77,3,0,1,50.0
52,12,24,4,1,1,72.5
99,12,7,3,1,1,50.0
51,94,10,4,1,0,72.5
99,14,0,3,1,0,50.0
99,65,76,3,1,0,50.0
0,2,60,4,0,1,54.5
0,9,12,4,0,1,54.5
3,41,41,4,1,1,54.5
4,27,27,4,0,1,54.5
4,77,16,4,1,1,54.5
51,11,73,4,1,0,72.5
5,34,39,4,0,0,54.5
5,43,68,4,0,1,54.5
6,27,31,4,1,1,54.5
50,90,48,4,0,0,72.5
49,37,74,4,2,0,72.5
6,62,0,4,1,1,54.5
6,70,4,4,1,1,54.5
7,90,27,4,1,0,54.5
10,64,52,4,1,0,54.5
10,73,6,4,1,1,54.5
10,85,45,4,1,0,54.5
14,40,47,4,0,0,54.5
15,4,21,4,0,1,54.5
16,58,8,4,1,1,54.5
17,76,40,4,0,1,54.5
17,90,71,4,0,0,54.5
48,85,67,4,1,0,72.5
46,95,35,4,1,0,72.5
18,73,10,4,1,1,54.5
19,6,17,4,1,1,54.5
19,96,71,4,1,0,54.5
21,39,29,4,0,1,54.5
23,34,30,4,1,0,54.5
24,5,16,4,1,0,54.5
24,73,20,4,1,1,54.5
25,21,13,4,1,0,54.5
27,74,43,4,1,1,54.5
28,97,54,4,0,1,54.5
29,36,8,4,1,1,54.5
29,78,32,4,1,0,54.5
31,46,45,4,1,1,54.5
45,92,13,4,0,0,72.5
33,4,25,4,1,1,54.5
33,47,16,4,1,1,54.5
34,88,26,4,1,1,54.5
35,48,30,4,1,1,54.5
35,87,17,4,1,1,54.5
36,19,21,4,1,1,54.5
36,52,12,4,1,1,54.5
37,13,7,4,1,0,54.5
38,73,14,4,1,1,54.5
38,89,4,4,1,1,54.5
39,93,45,4,1,0,54.5
41,47,22,4,1,1,54.5
45,54,17,4,1,0,72.5
41,60,8,4,1,2,54.5
43,36,31,4,1,1,72.5
42,98,17,4,1,1,72.5
41,62,15,4,1,1,54.5
43,21,24,4,1,0,54.5
42,36,35,4,1,1,72.5
43,32,0,4,1,1,54.5
38,59,18,4,1,1,72.5
37,39,0,4,1,1,72.5
37,31,49,4,1,1,72.5
43,58,4,4,1,1,54.5
44,13,29,4,0,1,54.5
44,24,33,4,0,1,54.5
36,73,66,4,1,1,72.5
32,83,34,4,0,1,72.5
31,82,74,4,1,0,72.5
44,90,37,4,0,1,54.5
45,43,8,4,1,1,54.5
31,37,60,4,1,1,72.5
47,2,50,4,1,1,54.5
47,45,54,4,1,1,54.5
47,56,74,4,1,0,54.5
48,15,56,4,1,0,54.5
26,53,20,4,1,1,72.5
48,43,50,4,1,1,54.5
49,10,10,4,2,1,54.5
25,96,0,4,1,1,72.5
49,95,51,4,2,0,54.5
25,77,4,4,1,1,72.5
19,70,25,4,1,1,72.5
50,92,69,4,0,0,54.5
19,38,44,4,1,1,72.5
52,5,28,4,1,1,54.5
19,32,40,4,1,1,72.5
16,7,60,4,1,1,72.5
52,23,34,4,1,1,54.5
14,27,7,4,0,2,72.5
52,80,59,4,1,0,54.5
53,4,29,4,1,1,54.5
53,20,56,4,1,0,54.5
55,56,51,4,1,0,54.5
56,66,60,4,0,0,54.5
14,20,76,4,0,0,72.5
57,19,14,4,0,2,54.5
58,2,76,4,0,1,54.5
58,34,0,4,1,1,54.5
59,21,33,4,1,0,54.5
59,45,22,4,1,1,54.5
60,30,71,4,1,1,54.5
60,42,0,4,2,1,54.5
62,23,4,4,1,1,54.5
11,16,12,4,1,1,72.5
63,79,7,4,1,1,54.5
66,61,23,4,0,1,54.5
68,12,42,4,1,1,54.5
8,54,9,4,1,1,72.5
68,46,0,4,1,1,54.5
7,96,31,4,1,1,72.5
68,51,4,4,1,1,54.5
72,17,61,4,1,0,54.5
7,1,35,4,1,1,72.5
6,98,21,4,1,1,72.5
73,14,24,4,1,1,54.5
73,19,75,4,1,1,54.5
73,27,70,4,1,1,54.5
75,14,74,4,0,1,54.5
75,59,26,4,1,1,54.5
75,70,18,4,1,1,54.5
76,0,52,4,1,0,54.5
76,63,21,4,1,1,54.5
76,88,44,4,1,1,54.5
78,25,28,4,1,1,54.5
79,7,39,4,1,1,54.5
6,0,56,4,1,0,72.5
81,78,39,4,1,1,54.5
81,92,73,4,1,0,54.5
82,9,0,4,1,1,54.5
83,25,48,4,1,1,54.5
83,28,38,4,1,1,54.5
83,68,52,4,1,2,54.5
84,28,7,4,0,1,54.5
5,35,76,4,0,1,72.5
84,91,11,4,0,1,54.5
5,6,20,4,0,2,72.5
4,60,33,4,1,2,72.5
89,8,13,4,1,1,54.5
89,33,8,4,1,1,54.5
89,34,17,4,1,1,54.5
4,48,60,4,1,1,72.5
0,94,64,4,0,0,72.5
0,42,4,4,1,1,72.5
90,3,42,4,0,2,54.5
90,23,75,4,0,1,54.5
99,95,3,4,1,1,68.0
90,66,56,4,1,0,54.5
92,49,3,4,0,2,54.5
95,88,76,4,0,1,54.5
99,57,10,4,1,1,68.0
96,31,64,4,1,1,54.5
97,55,58,4,1,1,54.5
96,40,4,4,1,1,68.0
98,13,53,4,1,1,54.5
98,21,45,4,1,0,54.5
98,62,49,4,1,1,54.5
99,76,25,4,1,1,54.5
0,72,10,4,1,1,59.0
3,83,56,4,1,1,59.0
95,77,71,4,0,1,68.0
4,46,39,4,1,1,59.0
5,87,72,4,0,1,59.0
6,5,8,4,1,1,59.0
8,3,17,4,1,1,59.0
9,6,25,4,1,1,59.0
9,44,47,4,1,0,59.0
10,41,34,4,1,1,59.0
10,46,14,4,1,1,59.0
94,76,35,4,0,1,68.0
11,98,74,4,1,1,59.0
12,63,28,4,1,1,59.0
12,91,20,4,1,1,59.0
15,7,0,4,0,2,59.0
16,25,64,4,1,1,59.0
19,24,48,4,1,1,59.0
21,0,20,4,0,1,59.0
21,69,54,4,0,1,59.0
22,24,3,4,1,1,59.0
94,62,39,4,0,1,68.0
22,48,10,4,1,1,59.0
92,94,14,4,1,0,68.0
22,85,71,4,1,0,59.0
23,46,8,4,1,1,59.0
24,27,63,4,1,1,59.0
26,35,38,4,1,1,59.0
26,48,29,4,1,2,59.0
26,51,42,4,1,1,59.0
27,71,47,4,2,0,59.0
29,74,16,4,1,0,59.0
30,78,9,4,0,2,59.0
33,11,0,4,1,1,59.0
91,36,16,4,1,1,68.0
35,49,25,4,1,2,59.0
35,79,43,4,1,1,59.0
37,55,11,4,1,1,59.0
37,80,64,4,1,0,59.0
38,49,32,4,1,2,59.0
90,97,26,4,1,1,68.0
40,31,0,4,1,2,59.0
42,7,43,4,1,1,59.0
42,72,27,4,1,1,59.0
42,82,8,4,1,1,59.0
43,88,63,4,1,1,59.0
90,12,46,4,1,1,68.0
43,91,35,4,1,1,59.0
44,29,51,4,0,1,59.0
44,53,60,4,0,1,59.0
45,17,13,4,1,0,59.0
46,81,56,4,1,1,59.0
47,16,58,4,1,2,59.0
88,39,38,4,1,1,68.0
47,20,15,4,2,1,59.0
50,67,52,4,0,1,59.0
87,5,24,4,1,1,68.0
51,14,37,4,1,0,59.0
51,84,68,4,1,0,59.0
53,5,4,4,1,1,59.0
55,23,15,4,1,1,59.0
55,25,33,4,1,1,59.0
55,42,47,4,1,1,59.0
56,59,70,4,0,2,59.0
57,38,22,4,1,1,59.0
57,67,14,4,1,1,59.0
58,33,12,4,1,1,59.0
86,73,27,4,1,2,68.0
58,37,16,4,1,1,59.0
60,86,45,4,2,1,59.0
61,21,37,4,1,0,59.0
84,77,72,4,0,2,68.0
62,8,21,4,1,1,59.0
62,14,33,4,1,0,59.0
83,47,66,4,1,2,68.0
82,94,75,4,1,0,68.0
63,5,0,4,1,1,59.0
81,13,10,4,1,1,68.0
63,40,17,4,1,1,59.0
80,83,68,4,0,2,68.0
64,66,56,4,0,1,59.0
68,27,21,4,1,2,59.0
80,41,72,4,0,2,68.0
68,50,73,4,1,0,59.0
69,92,0,4,1,1,59.0
74,11,4,4,1,1,59.0
74,81,60,4,1,1,59.0
79,76,48,4,1,1,68.0
79,68,56,4,1,2,68.0
75,8,45,4,1,1,59.0
75,44,0,4,1,1,59.0
76,53,67,4,1,1,59.0
77,64,0,4,1,1,68.0
74,60,12,4,1,2,68.0
77,41,45,4,1,1,59.0
74,14,51,4,1,0,68.0
77,49,36,4,1,2,59.0
77,59,49,4,1,1,59.0
73,39,4,4,2,1,68.0
77,96,12,4,1,1,59.0
73,22,14,4,2,1,68.0
73,3,0,4,2,1,68.0
72,70,31,4,1,1,68.0
72,11,35,4,1,1,68.0
78,21,58,4,1,0,59.0
79,85,75,4,1,0,59.0
80,29,76,4,0,1,59.0
80,87,28,4,1,1,59.0
81,76,43,4,1,2,59.0
81,97,64,4,1,1,59.0
82,77,4,4,1,2,59.0
82,90,12,4,1,1,59.0
83,71,60,4,2,0,59.0
86,12,50,4,1,1,59.0
86,61,32,4,1,1,59.0
86,82,54,4,1,2,59.0
87,20,35,4,1,1,59.0
70,35,47,4,1,1,68.0
70,33,35,4,1,1,68.0
87,56,44,4,1,1,59.0
87,81,68,4,1,1,59.0
88,98,48,4,1,2,59.0
68,36,8,4,1,2,68.0
90,86,76,4,1,1,59.0
93,38,76,4,0,1,59.0
66,80,67,4,0,1,68.0
94,13,60,4,0,1,59.0
95,74,8,4,1,1,59.0
66,73,75,4,0,2,68.0
96,53,16,4,1,1,59.0
66,50,61,4,1,0,68.0
66,46,18,4,1,1,68.0
96,69,20,4,1,1,59.0
97,7,30,4,1,2,59.0
64,79,69,4,0,1,68.0
59,80,76,4,1,1,68.0
97,86,41,4,1,2,59.0
57,43,59,4,1,1,68.0
56,53,8,4,1,1,68.0
99,69,29,4,1,1,59.0
99,86,20,4,1,2,59.0
55,68,4,4,1,2,68.0
55,10,64,4,1,1,68.0
0,77,24,4,1,1,63.5
1,15,25,4,1,0,63.5
3,20,6,4,1,1,63.5
54,83,72,4,0,2,68.0
3,87,48,4,1,1,63.5
48,79,71,4,1,2,68.0
4,11,47,4,1,1,63.5
4,52,64,4,1,1,63.5
6,1,12,4,1,1,63.5
7,67,47,4,1,1,63.5
8,78,49,4,1,1,63.5
48,31,75,4,1,2,68.0
9,51,16,4,1,1,63.5
10,88,56,4,1,1,63.5
11,14,41,4,1,0,63.5
45,44,4,4,1,1,68.0
11,83,8,4,1,2,63.5
45,26,46,4,1,1,68.0
43,15,72,4,1,1,68.0
12,3,57,4,1,2,63.5
16,31,68,4,1,2,63.5
16,65,72,4,1,0,63.5
17,16,53,4,0,2,63.5
19,26,52,4,1,1,63.5
22,3,18,4,1,2,63.5
22,66,22,4,1,1,63.5
41,71,52,4,1,1,68.0
36,98,39,4,1,2,68.0
24,32,7,4,1,1,63.5
36,77,53,4,1,1,68.0
24,44,11,4,1,1,63.5
25,61,60,4,1,1,63.5
28,31,75,4,0,3,63.5
35,19,0,4,1,2,68.0
30,19,56,4,1,1,63.5
31,63,32,4,2,1,63.5
33,65,20,4,1,1,63.5
33,78,4,4,1,1,63.5
33,87,76,4,1,1,63.5
34,57,4,4,1,1,63.5
37,28,20,4,1,1,63.5
37,67,24,4,1,1,63.5
35,1,21,4,1,1,68.0
37,69,33,4,1,1,63.5
31,71,4,4,2,1,68.0
37,84,37,4,1,1,63.5
31,59,8,4,2,2,68.0
41,58,56,4,1,1,63.5
43,12,69,4,2,1,63.5
29,49,40,4,1,2,68.0
28,63,42,4,1,1,68.0
27,55,68,4,2,1,68.0
44,35,34,4,1,1,63.5
45,80,0,4,1,1,63.5
45,83,27,4,1,2,63.5
27,51,0,4,2,1,68.0
46,25,73,4,1,1,63.5
26,1,0,4,2,1,68.0
24,41,24,4,1,2,68.0
47,80,19,4,2,1,63.5
22,8,56,4,1,1,68.0
48,36,43,4,2,1,63.5
20,32,19,4,1,1,68.0
48,59,0,4,2,2,63.5
48,87,52,4,2,1,63.5
50,76,65,4,0,2,63.5
18,57,18,4,1,1,68.0
50,89,21,4,1,1,63.5
50,95,12,4,1,1,63.5
52,47,38,4,1,2,63.5
52,48,47,4,1,2,63.5
53,51,46,4,1,1,63.5
53,59,12,4,1,2,63.5
53,94,51,4,1,0,63.5
55,57,74,4,1,1,63.5
58,52,42,4,1,1,63.5
61,44,41,4,1,1,63.5
61,64,4,4,1,1,63.5
62,0,53,4,1,1,63.5
62,77,8,4,1,1,63.5
63,42,51,4,1,1,63.5
64,32,11,4,1,1,63.5
65,55,5,4,1,2,63.5
17,95,57,4,0,1,68.0
67,29,20,4,1,1,63.5
68,90,31,4,1,1,63.5
71,12,73,4,0,1,63.5
72,14,39,4,1,1,63.5
16,51,20,4,2,1,68.0
16,1,4,4,2,1,68.0
75,1,8,4,1,1,63.5
76,31,75,4,1,4,63.5
79,37,52,4,1,2,63.5
79,45,60,4,1,1,63.5
8,67,60,4,1,1,68.0
79,70,64,4,1,1,63.5
7,88,52,4,1,1,68.0
81,77,28,4,2,1,63.5
82,65,16,4,1,1,63.5
6,96,35,4,1,1,68.0
83,54,76,4,2,0,63.5
84,29,44,4,1,1,63.5
84,83,48,4,1,2,63.5
6,82,39,4,1,2,68.0
84,89,52,4,1,2,63.5
84,99,33,4,2,1,63.5
85,11,17,4,1,1,63.5
85,67,9,4,1,1,63.5
6,9,43,4,1,1,68.0
3,53,24,4,2,1,68.0
86,27,11,4,2,2,63.5
86,63,36,4,2,1,63.5
87,62,57,4,1,1,63.5
87,92,61,4,1,1,63.5
88,85,67,4,1,1,63.5
89,53,36,4,1,1,63.5
3,43,0,4,2,2,68.0
92,43,4,4,1,2,63.5
0,63,46,4,1,1,68.0
92,69,8,4,1,1,63.5
92,87,18,4,1,2,63.5
94,55,43,4,0,2,63.5
96,7,56,4,1,1,63.5
96,11,24,4,1,1,63.5
96,74,39,4,1,1,63.5
96,80,43,4,1,1,63.5
96,98,52,4,1,2,63.5
97,45,31,4,2,1,63.5
97,79,0,4,2,2,63.5
99,21,62,4,1,0,63.5
99,67,37,4,1,1,63.5
