src,dst,spec,slots_used,core_src,core_dst,tfk_slot
199,89,0,4,0,0,400.0
199,77,4,4,0,0,400.0
199,43,8,4,0,0,400.0
199,20,12,4,0,0,400.0
198,167,0,4,0,0,400.0
198,166,4,4,0,0,400.0
198,103,8,4,0,0,400.0
198,44,12,4,0,0,400.0
198,38,16,4,0,0,400.0
197,137,0,4,0,0,400.0
197,69,4,4,0,0,400.0
197,55,8,4,0,0,400.0
197,37,12,4,0,0,400.0
196,198,20,4,0,0,400.0
196,154,0,4,0,0,400.0
196,128,4,4,0,0,400.0
196,119,8,4,0,0,400.0
196,89,12,4,0,0,400.0
196,36,16,4,0,0,400.0
195,165,0,4,0,0,400.0
195,158,4,4,0,0,400.0
195,129,8,4,0,0,400.0
195,108,12,4,0,0,400.0
195,15,16,4,0,0,400.0
195,14,20,4,0,0,400.0
194,188,0,4,0,0,400.0
194,59,4,4,0,0,400.0
194,3,8,4,0,0,400.0
193,174,0,4,0,0,400.0
193,109,4,4,0,0,400.0
193,108,8,4,0,0,400.0
193,97,12,4,0,0,400.0
193,76,16,4,0,0,400.0
193,20,20,4,0,0,400.0
193,1,24,4,0,0,400.0
192,189,0,4,0,0,400.0
192,166,8,4,0,0,400.0
192,138,4,4,0,0,400.0
192,119,12,4,0,0,400.0
192,109,16,4,0,0,400.0
192,72,20,4,0,0,400.0
192,60,24,4,0,0,400.0
192,56,28,4,0,0,400.0
191,175,0,4,0,0,400.0
191,173,4,4,0,0,400.0
191,166,12,4,0,0,400.0
191,155,8,4,0,0,400.0
191,152,16,4,0,0,400.0
191,110,20,4,0,0,400.0
191,73,24,4,0,0,400.0
191,65,28,4,0,0,400.0
191,50,32,4,0,0,400.0
190,186,0,4,0,0,400.0
190,175,4,4,0,0,400.0
190,136,8,4,0,0,400.0
190,128,12,4,0,0,400.0
190,121,16,4,0,0,400.0
189,178,4,4,0,0,400.0
189,140,8,4,0,0,400.0
189,122,12,4,0,0,400.0
189,88,16,4,0,0,400.0
189,54,20,4,0,0,400.0
189,45,24,4,0,0,400.0
188,138,8,4,0,0,400.0
188,107,4,4,0,0,400.0
188,96,12,4,0,0,400.0
188,87,16,4,0,0,400.0
188,85,20,4,0,0,400.0
188,6,24,4,0,0,400.0
187,164,0,4,0,0,400.0
187,149,4,4,0,0,400.0
187,142,8,4,0,0,400.0
187,118,12,4,0,0,400.0
187,97,16,4,0,0,400.0
187,93,20,4,0,0,400.0
187,2,24,4,0,0,400.0
186,179,4,4,0,0,400.0
186,156,8,4,0,0,400.0
186,89,16,4,0,0,400.0
186,63,12,4,0,0,400.0
186,51,20,4,0,0,400.0
186,49,24,4,0,0,400.0
186,37,28,4,0,0,400.0
186,26,32,4,0,0,400.0
186,8,36,4,0,0,400.0
185,187,28,4,0,0,400.0
185,186,40,4,0,0,400.0
185,163,0,4,0,0,400.0
185,140,4,4,0,0,400.0
185,118,8,4,0,0,400.0
185,96,16,4,0,0,400.0
185,70,12,4,0,0,400.0
185,1,20,4,0,0,400.0
184,179,0,4,0,0,400.0
184,139,4,4,0,0,400.0
184,58,8,4,0,0,400.0
184,32,12,4,0,0,400.0
184,29,16,4,0,0,400.0
184,26,20,4,0,0,400.0
183,193,28,4,0,0,400.0
183,150,0,4,0,0,400.0
183,148,4,4,0,0,400.0
183,88,8,4,0,0,400.0
183,54,12,4,0,0,400.0
183,5,16,4,0,0,400.0
183,2,20,4,0,0,400.0
182,195,24,4,0,0,400.0
182,191,36,4,0,0,400.0
182,179,8,4,0,0,400.0
182,157,0,4,0,0,400.0
182,141,4,4,0,0,400.0
182,105,12,4,0,0,400.0
182,78,16,4,0,0,400.0
181,117,0,4,0,0,400.0
181,86,4,4,0,0,400.0
181,82,8,4,0,0,400.0
181,56,12,4,0,0,400.0
181,40,16,4,0,0,400.0
181,35,20,4,0,0,400.0
181,33,24,4,0,0,400.0
181,31,28,4,0,0,400.0
180,159,0,4,0,0,400.0
180,112,4,4,0,0,400.0
180,63,8,4,0,0,400.0
180,32,16,4,0,0,400.0
180,29,12,4,0,0,400.0
180,27,20,4,0,0,400.0
179,140,12,4,0,0,400.0
179,124,16,4,0,0,400.0
179,121,20,4,0,0,400.0
179,117,24,4,0,0,400.0
179,77,28,4,0,0,400.0
179,31,32,4,0,0,400.0
179,4,36,4,0,0,400.0
178,182,20,4,0,0,400.0
178,176,0,4,0,0,400.0
178,167,8,4,0,0,400.0
178,124,12,4,0,0,400.0
178,109,24,4,0,0,400.0
178,91,16,4,0,0,400.0
178,84,28,4,0,0,400.0
178,67,32,4,0,0,400.0
178,65,36,4,0,0,400.0
178,31,40,4,0,0,400.0
178,29,44,4,0,0,400.0
178,11,48,4,0,0,400.0
177,104,0,4,0,0,400.0
177,103,4,4,0,0,400.0
177,56,8,4,0,0,400.0
177,52,12,4,0,0,400.0
177,44,16,4,0,0,400.0
177,7,20,4,0,0,400.0
176,196,24,4,0,0,400.0
176,190,20,4,0,0,400.0
176,144,4,4,0,0,400.0
176,121,8,4,0,0,400.0
176,108,16,4,0,0,400.0
176,107,12,4,0,0,400.0
176,100,28,4,0,0,400.0
176,73,32,4,0,0,400.0
176,72,36,4,0,0,400.0
176,68,40,4,0,0,400.0
176,66,44,4,0,0,400.0
176,65,48,4,0,0,400.0
176,54,52,4,0,0,400.0
176,27,56,4,0,0,400.0
176,6,60,4,0,0,400.0
175,168,8,4,0,0,400.0
175,160,12,4,0,0,400.0
175,114,16,4,0,0,400.0
175,92,20,4,0,0,400.0
175,88,24,4,0,0,400.0
175,74,28,4,0,0,400.0
175,58,32,4,0,0,400.0
175,2,36,4,0,0,400.0
174,160,4,4,0,0,400.0
174,107,8,4,0,0,400.0
174,79,12,4,0,0,400.0
174,75,16,4,0,0,400.0
174,74,20,4,0,0,400.0
174,67,24,4,0,0,400.0
173,120,0,4,0,0,400.0
173,107,16,4,0,0,400.0
173,3,12,4,0,0,400.0
172,199,16,4,0,0,400.0
172,196,28,4,0,0,400.0
172,167,4,4,0,0,400.0
172,145,0,4,0,0,400.0
172,141,8,4,0,0,400.0
172,120,12,4,0,0,400.0
172,55,20,4,0,0,400.0
171,195,28,4,0,0,400.0
171,194,12,4,0,0,400.0
171,166,0,4,0,0,400.0
171,154,4,4,0,0,400.0
171,128,8,4,0,0,400.0
171,105,16,4,0,0,400.0
171,70,20,4,0,0,400.0
171,54,24,4,0,0,400.0
171,42,32,4,0,0,400.0
171,38,36,4,0,0,400.0
171,29,40,4,0,0,400.0
171,23,44,4,0,0,400.0
170,192,32,4,0,0,400.0
170,149,0,4,0,0,400.0
170,131,4,4,0,0,400.0
170,24,8,4,0,0,400.0
170,4,12,4,0,0,400.0
169,191,40,4,0,0,400.0
169,183,24,4,0,0,400.0
169,140,0,4,0,0,400.0
169,128,16,4,0,0,400.0
169,126,4,4,0,0,400.0
169,32,8,4,0,0,400.0
169,28,12,4,0,0,400.0
168,124,0,4,0,0,400.0
168,59,12,4,0,0,400.0
168,57,4,4,0,0,400.0
168,6,16,4,0,0,400.0
167,170,16,4,0,0,400.0
167,156,12,4,0,0,400.0
167,153,20,4,0,0,400.0
167,132,24,4,0,0,400.0
167,115,28,4,0,0,400.0
167,109,32,4,0,0,400.0
167,100,36,4,0,0,400.0
167,84,40,4,0,0,400.0
167,63,44,4,0,0,400.0
167,48,48,4,0,0,400.0
167,37,52,4,0,0,400.0
167,35,56,4,0,0,400.0
166,196,32,4,0,0,400.0
166,187,36,4,0,0,400.0
166,80,16,4,0,0,400.0
166,60,20,4,0,0,400.0
166,22,24,4,0,0,400.0
165,197,16,4,0,0,400.0
165,192,36,4,0,0,400.0
165,159,4,4,0,0,400.0
165,137,8,4,0,0,400.0
165,105,20,4,0,0,400.0
165,103,12,4,0,0,400.0
165,79,24,4,0,0,400.0
165,72,28,4,0,0,400.0
165,55,32,4,0,0,400.0
165,33,40,4,0,0,400.0
164,134,4,4,0,0,400.0
164,109,8,4,0,0,400.0
164,1,12,4,0,0,400.0
163,179,40,4,0,0,400.0
163,178,52,4,0,0,400.0
163,175,44,4,0,0,400.0
163,165,48,4,0,0,400.0
163,138,12,4,0,0,400.0
163,125,4,4,0,0,400.0
163,103,16,4,0,0,400.0
163,99,8,4,0,0,400.0
163,44,20,4,0,0,400.0
163,29,24,4,0,0,400.0
162,195,32,4,0,0,400.0
162,184,24,4,0,0,400.0
162,180,28,4,0,0,400.0
162,154,8,4,0,0,400.0
162,118,0,4,0,0,400.0
162,94,4,4,0,0,400.0
162,92,12,4,0,0,400.0
162,79,16,4,0,0,400.0
162,50,20,4,0,0,400.0
162,42,36,4,0,0,400.0
162,21,40,4,0,0,400.0
162,20,44,4,0,0,400.0
162,10,48,4,0,0,400.0
161,191,44,4,0,0,400.0
161,173,8,4,0,0,400.0
161,163,28,4,0,0,400.0
161,140,16,4,0,0,400.0
161,105,0,4,0,0,400.0
161,87,4,4,0,0,400.0
161,6,12,4,0,0,400.0
161,0,20,4,0,0,400.0
160,196,36,4,0,0,400.0
160,185,24,4,0,0,400.0
160,179,44,4,0,0,400.0
160,73,0,4,0,0,400.0
159,180,24,4,0,0,400.0
159,175,40,4,0,0,400.0
159,146,8,4,0,0,400.0
159,136,12,4,0,0,400.0
159,132,16,4,0,0,400.0
159,88,20,4,0,0,400.0
159,76,28,4,0,0,400.0
159,44,32,4,0,0,400.0
158,179,48,4,0,0,400.0
158,175,52,4,0,0,400.0
158,159,36,4,0,0,400.0
158,149,8,4,0,0,400.0
158,139,0,4,0,0,400.0
158,121,12,4,0,0,400.0
158,113,16,4,0,0,400.0
158,82,20,4,0,0,400.0
158,58,24,4,0,0,400.0
157,193,32,4,0,0,400.0
157,170,20,4,0,0,400.0
157,162,52,4,0,0,400.0
157,151,4,4,0,0,400.0
157,117,8,4,0,0,400.0
157,114,12,4,0,0,400.0
157,81,16,4,0,0,400.0
156,163,32,4,0,0,400.0
156,157,24,4,0,0,400.0
156,139,16,4,0,0,400.0
156,109,0,4,0,0,400.0
156,57,20,4,0,0,400.0
156,48,4,4,0,0,400.0
156,36,28,4,0,0,400.0
155,194,16,4,0,0,400.0
155,117,4,4,0,0,400.0
155,100,0,4,0,0,400.0
155,84,12,4,0,0,400.0
155,70,24,4,0,0,400.0
155,40,20,4,0,0,400.0
155,13,28,4,0,0,400.0
154,140,20,4,0,0,400.0
154,132,12,4,0,0,400.0
154,118,16,4,0,0,400.0
154,70,28,4,0,0,400.0
154,55,24,4,0,0,400.0
154,52,32,4,0,0,400.0
154,44,36,4,0,0,400.0
154,35,40,4,0,0,400.0
154,11,44,4,0,0,400.0
153,188,28,4,0,0,400.0
153,178,56,4,0,0,400.0
153,156,36,4,0,0,400.0
153,146,0,4,0,0,400.0
153,143,4,4,0,0,400.0
153,140,24,4,0,0,400.0
153,117,12,4,0,0,400.0
153,114,8,4,0,0,400.0
153,101,16,4,0,0,400.0
153,2,32,4,0,0,400.0
152,192,40,4,0,0,400.0
152,154,48,4,0,0,400.0
152,122,0,4,0,0,400.0
152,83,4,4,0,0,400.0
152,8,8,4,0,0,400.0
151,184,28,4,0,0,400.0
151,173,20,4,0,0,400.0
151,156,40,4,0,0,400.0
151,128,0,4,0,0,400.0
151,102,8,4,0,0,400.0
151,96,24,4,0,0,400.0
151,73,12,4,0,0,400.0
151,68,16,4,0,0,400.0
151,53,32,4,0,0,400.0
151,49,36,4,0,0,400.0
151,38,44,4,0,0,400.0
151,25,48,4,0,0,400.0
151,21,52,4,0,0,400.0
150,115,4,4,0,0,400.0
150,110,8,4,0,0,400.0
150,95,12,4,0,0,400.0
150,46,16,4,0,0,400.0
150,18,20,4,0,0,400.0
149,83,12,4,0,0,400.0
149,62,16,4,0,0,400.0
149,39,20,4,0,0,400.0
149,35,24,4,0,0,400.0
149,11,28,4,0,0,400.0
149,7,32,4,0,0,400.0
148,149,36,4,0,0,400.0
148,138,0,4,0,0,400.0
148,86,8,4,0,0,400.0
147,197,20,4,0,0,400.0
147,153,40,4,0,0,400.0
147,133,0,4,0,0,400.0
147,121,4,4,0,0,400.0
147,92,8,4,0,0,400.0
146,104,4,4,0,0,400.0
146,89,20,4,0,0,400.0
146,86,12,4,0,0,400.0
146,59,16,4,0,0,400.0
145,157,28,4,0,0,400.0
145,155,32,4,0,0,400.0
145,106,4,4,0,0,400.0
145,65,8,4,0,0,400.0
145,23,12,4,0,0,400.0
145,12,16,4,0,0,400.0
145,7,24,4,0,0,400.0
145,4,20,4,0,0,400.0
144,162,56,4,0,0,400.0
144,148,12,4,0,0,400.0
144,127,0,4,0,0,400.0
144,122,8,4,0,0,400.0
144,102,16,4,0,0,400.0
144,96,20,4,0,0,400.0
144,69,24,4,0,0,400.0
144,9,28,4,0,0,400.0
144,1,32,4,0,0,400.0
143,179,52,4,0,0,400.0
143,83,0,4,0,0,400.0
143,59,8,4,0,0,400.0
143,50,12,4,0,0,400.0
142,189,28,4,0,0,400.0
142,160,16,4,0,0,400.0
142,152,12,4,0,0,400.0
142,122,4,4,0,0,400.0
142,112,0,4,0,0,400.0
142,98,20,4,0,0,400.0
142,91,24,4,0,0,400.0
142,81,32,4,0,0,400.0
142,69,36,4,0,0,400.0
142,17,40,4,0,0,400.0
141,198,24,4,0,0,400.0
141,135,0,4,0,0,400.0
141,126,12,4,0,0,400.0
141,106,16,4,0,0,400.0
141,98,28,4,0,0,400.0
141,75,20,4,0,0,400.0
141,47,32,4,0,0,400.0
141,41,36,4,0,0,400.0
140,182,28,4,0,0,400.0
140,160,32,4,0,0,400.0
140,87,36,4,0,0,400.0
140,66,40,4,0,0,400.0
140,63,48,4,0,0,400.0
140,56,44,4,0,0,400.0
140,12,52,4,0,0,400.0
139,195,36,4,0,0,400.0
139,137,12,4,0,0,400.0
139,134,8,4,0,0,400.0
139,122,20,4,0,0,400.0
139,71,24,4,0,0,400.0
139,37,32,4,0,0,400.0
139,20,28,4,0,0,400.0
138,188,32,4,0,0,400.0
138,149,40,4,0,0,400.0
138,143,16,4,0,0,400.0
138,114,20,4,0,0,400.0
138,112,24,4,0,0,400.0
138,84,36,4,0,0,400.0
138,67,28,4,0,0,400.0
138,50,44,4,0,0,400.0
138,38,48,4,0,0,400.0
138,15,52,4,0,0,400.0
138,13,56,4,0,0,400.0
138,2,60,4,0,0,400.0
137,165,44,4,0,0,400.0
137,138,64,4,0,0,400.0
137,36,4,4,0,0,400.0
137,22,16,4,0,0,400.0
136,190,24,4,0,0,400.0
136,189,32,4,0,0,400.0
136,143,20,4,0,0,400.0
136,125,0,4,0,0,400.0
136,121,28,4,0,0,400.0
136,99,4,4,0,0,400.0
136,94,16,4,0,0,400.0
136,93,36,4,0,0,400.0
136,66,48,4,0,0,400.0
136,59,40,4,0,0,400.0
136,44,44,4,0,0,400.0
135,155,36,4,0,0,400.0
135,142,44,4,0,0,400.0
135,121,24,4,0,0,400.0
135,108,4,4,0,0,400.0
135,94,8,4,0,0,400.0
135,74,12,4,0,0,400.0
135,56,16,4,0,0,400.0
135,49,20,4,0,0,400.0
135,33,28,4,0,0,400.0
135,21,32,4,0,0,400.0
135,14,40,4,0,0,400.0
135,8,48,4,0,0,400.0
134,186,44,4,0,0,400.0
134,173,24,4,0,0,400.0
134,154,52,4,0,0,400.0
134,151,56,4,0,0,400.0
134,138,68,4,0,0,400.0
134,135,60,4,0,0,400.0
134,85,0,4,0,0,400.0
134,40,12,4,0,0,400.0
134,37,16,4,0,0,400.0
133,187,32,4,0,0,400.0
133,165,52,4,0,0,400.0
133,77,8,4,0,0,400.0
133,53,4,4,0,0,400.0
133,49,12,4,0,0,400.0
133,47,16,4,0,0,400.0
133,44,24,4,0,0,400.0
133,40,28,4,0,0,400.0
133,26,36,4,0,0,400.0
132,96,0,4,0,0,400.0
132,90,4,4,0,0,400.0
132,58,20,4,0,0,400.0
132,44,8,4,0,0,400.0
132,17,28,4,0,0,400.0
132,15,32,4,0,0,400.0
131,175,48,4,0,0,400.0
131,170,24,4,0,0,400.0
131,122,16,4,0,0,400.0
131,101,0,4,0,0,400.0
131,57,8,4,0,0,400.0
131,47,12,4,0,0,400.0
131,37,20,4,0,0,400.0
131,13,32,4,0,0,400.0
130,196,40,4,0,0,400.0
130,189,36,4,0,0,400.0
130,183,32,4,0,0,400.0
130,153,44,4,0,0,400.0
130,150,24,4,0,0,400.0
130,149,48,4,0,0,400.0
130,134,20,4,0,0,400.0
130,125,8,4,0,0,400.0
130,80,0,4,0,0,400.0
130,71,4,4,0,0,400.0
130,57,12,4,0,0,400.0
130,49,16,4,0,0,400.0
130,48,28,4,0,0,400.0
130,34,52,4,0,0,400.0
129,199,20,4,0,0,400.0
129,122,24,4,0,0,400.0
129,116,0,4,0,0,400.0
129,86,16,4,0,0,400.0
129,72,4,4,0,0,400.0
129,68,12,4,0,0,400.0
129,53,28,4,0,0,400.0
129,37,36,4,0,0,400.0
129,28,32,4,0,0,400.0
129,4,40,4,0,0,400.0
128,186,48,4,0,0,400.0
128,152,20,4,0,0,400.0
128,131,28,4,0,0,400.0
128,116,24,4,0,0,400.0
128,24,32,4,0,0,400.0
128,22,36,4,0,0,400.0
126,193,36,4,0,0,400.0
126,186,52,4,0,0,400.0
126,174,28,4,0,0,400.0
126,149,44,4,0,0,400.0
126,99,0,4,0,0,400.0
126,76,8,4,0,0,400.0
125,168,20,4,0,0,400.0
125,161,24,4,0,0,400.0
125,149,52,4,0,0,400.0
125,105,28,4,0,0,400.0
125,85,12,4,0,0,400.0
125,71,16,4,0,0,400.0
124,171,48,4,0,0,400.0
124,53,8,4,0,0,400.0
124,33,4,4,0,0,400.0
124,5,20,4,0,0,400.0
123,180,32,4,0,0,400.0
123,176,64,4,0,0,400.0
123,120,4,4,0,0,400.0
123,41,0,4,0,0,400.0
123,36,8,4,0,0,400.0
122,157,36,4,0,0,400.0
122,85,28,4,0,0,400.0
122,70,32,4,0,0,400.0
122,65,40,4,0,0,400.0
122,53,44,4,0,0,400.0
122,39,48,4,0,0,400.0
122,25,52,4,0,0,400.0
121,100,32,4,0,0,400.0
121,77,0,4,0,0,400.0
120,163,36,4,0,0,400.0
120,154,56,4,0,0,400.0
120,142,48,4,0,0,400.0
120,103,20,4,0,0,400.0
120,57,16,4,0,0,400.0
119,190,28,4,0,0,400.0
119,165,56,4,0,0,400.0
119,153,48,4,0,0,400.0
119,143,24,4,0,0,400.0
119,98,0,4,0,0,400.0
119,78,4,4,0,0,400.0
119,22,20,4,0,0,400.0
118,199,24,4,0,0,400.0
118,196,44,4,0,0,400.0
118,186,56,4,0,0,400.0
118,150,28,4,0,0,400.0
118,92,4,4,0,0,400.0
118,84,20,4,0,0,400.0
118,79,32,4,0,0,400.0
118,63,36,4,0,0,400.0
118,61,40,4,0,0,400.0
118,54,48,4,0,0,400.0
118,30,52,4,0,0,400.0
117,171,52,4,0,0,400.0
117,123,16,4,0,0,400.0
117,111,20,4,0,0,400.0
117,107,28,4,0,0,400.0
117,98,32,4,0,0,400.0
117,92,36,4,0,0,400.0
117,81,40,4,0,0,400.0
117,78,44,4,0,0,400.0
117,64,48,4,0,0,400.0
117,63,56,4,0,0,400.0
117,61,60,4,0,0,400.0
116,196,48,4,0,0,400.0
116,194,20,4,0,0,400.0
116,186,60,4,0,0,400.0
116,157,40,4,0,0,400.0
116,109,12,4,0,0,400.0
115,183,36,4,0,0,400.0
115,174,32,4,0,0,400.0
115,166,40,4,0,0,400.0
115,157,44,4,0,0,400.0
115,152,24,4,0,0,400.0
115,121,48,4,0,0,400.0
115,110,0,4,0,0,400.0
115,98,8,4,0,0,400.0
115,71,12,4,0,0,400.0
115,62,20,4,0,0,400.0
115,58,16,4,0,0,400.0
115,37,56,4,0,0,400.0
115,9,52,4,0,0,400.0
114,186,64,4,0,0,400.0
114,153,52,4,0,0,400.0
114,116,4,4,0,0,400.0
114,113,0,4,0,0,400.0
114,111,24,4,0,0,400.0
114,101,28,4,0,0,400.0
114,69,32,4,0,0,400.0
113,190,32,4,0,0,400.0
113,181,36,4,0,0,400.0
113,133,20,4,0,0,400.0
113,124,24,4,0,0,400.0
113,61,4,4,0,0,400.0
113,28,8,4,0,0,400.0
113,20,40,4,0,0,400.0
113,11,12,4,0,0,400.0
112,196,52,4,0,0,400.0
112,175,56,4,0,0,400.0
112,164,16,4,0,0,400.0
112,121,36,4,0,0,400.0
112,111,8,4,0,0,400.0
112,96,28,4,0,0,400.0
112,90,12,4,0,0,400.0
112,74,32,4,0,0,400.0
112,49,40,4,0,0,400.0
112,47,20,4,0,0,400.0
112,29,48,4,0,0,400.0
112,11,60,4,0,0,400.0
111,181,32,4,0,0,400.0
111,153,60,4,0,0,400.0
111,136,52,4,0,0,400.0
111,101,4,4,0,0,400.0
111,99,12,4,0,0,400.0
111,95,0,4,0,0,400.0
111,63,16,4,0,0,400.0
111,52,28,4,0,0,400.0
111,33,36,4,0,0,400.0
110,175,60,4,0,0,400.0
110,115,64,4,0,0,400.0
110,92,16,4,0,0,400.0
110,65,4,4,0,0,400.0
110,61,12,4,0,0,400.0
110,57,24,4,0,0,400.0
110,53,36,4,0,0,400.0
109,182,40,4,0,0,400.0
109,162,60,4,0,0,400.0
109,144,36,4,0,0,400.0
109,134,28,4,0,0,400.0
109,102,20,4,0,0,400.0
109,30,44,4,0,0,400.0
108,171,56,4,0,0,400.0
108,149,60,4,0,0,400.0
108,141,40,4,0,0,400.0
108,82,0,4,0,0,400.0
108,26,24,4,0,0,400.0
108,24,20,4,0,0,400.0
108,21,28,4,0,0,400.0
107,198,32,4,0,0,400.0
107,154,60,4,0,0,400.0
107,86,0,4,0,0,400.0
107,73,20,4,0,0,400.0
107,14,24,4,0,0,400.0
106,198,28,4,0,0,400.0
106,195,40,4,0,0,400.0
106,152,32,4,0,0,400.0
106,87,0,4,0,0,400.0
106,76,12,4,0,0,400.0
106,70,8,4,0,0,400.0
106,46,20,4,0,0,400.0
106,43,24,4,0,0,400.0
105,183,40,4,0,0,400.0
105,179,56,4,0,0,400.0
105,161,32,4,0,0,400.0
105,133,44,4,0,0,400.0
105,112,64,4,0,0,400.0
105,90,8,4,0,0,400.0
105,76,4,4,0,0,400.0
105,51,24,4,0,0,400.0
105,15,36,4,0,0,400.0
105,11,52,4,0,0,400.0
104,185,32,4,0,0,400.0
104,178,60,4,0,0,400.0
104,135,52,4,0,0,400.0
104,30,8,4,0,0,400.0
104,25,12,4,0,0,400.0
103,168,24,4,0,0,400.0
103,152,28,4,0,0,400.0
103,114,36,4,0,0,400.0
103,25,0,4,0,0,400.0
103,17,32,4,0,0,400.0
103,12,40,4,0,0,400.0
102,144,40,4,0,0,400.0
102,125,32,4,0,0,400.0
102,119,36,4,0,0,400.0
102,108,44,4,0,0,400.0
102,76,0,4,0,0,400.0
101,174,36,4,0,0,400.0
101,117,64,4,0,0,400.0
101,104,20,4,0,0,400.0
101,12,8,4,0,0,400.0
100,195,44,4,0,0,400.0
100,119,16,4,0,0,400.0
100,115,60,4,0,0,400.0
100,107,40,4,0,0,400.0
100,63,4,4,0,0,400.0
99,184,32,4,0,0,400.0
99,167,60,4,0,0,400.0
99,106,36,4,0,0,400.0
99,11,16,4,0,0,400.0
98,154,64,4,0,0,400.0
98,134,36,4,0,0,400.0
98,107,44,4,0,0,400.0
98,101,12,4,0,0,400.0
98,81,4,4,0,0,400.0
98,68,24,4,0,0,400.0
98,67,16,4,0,0,400.0
98,58,40,4,0,0,400.0
98,54,56,4,0,0,400.0
98,51,48,4,0,0,400.0
98,48,52,4,0,0,400.0
98,40,60,4,0,0,400.0
98,38,68,4,0,0,400.0
98,18,72,4,0,0,400.0
97,168,28,4,0,0,400.0
97,87,8,4,0,0,400.0
97,72,0,4,0,0,400.0
97,25,4,4,0,0,400.0
97,10,20,4,0,0,400.0
97,7,36,4,0,0,400.0
96,168,32,4,0,0,400.0
96,137,36,4,0,0,400.0
96,118,60,4,0,0,400.0
96,34,4,4,0,0,400.0
96,22,8,4,0,0,400.0
95,182,32,4,0,0,400.0
95,105,48,4,0,0,400.0
95,104,16,4,0,0,400.0
94,170,28,4,0,0,400.0
94,159,44,4,0,0,400.0
94,157,48,4,0,0,400.0
94,113,52,4,0,0,400.0
94,108,32,4,0,0,400.0
94,97,24,4,0,0,400.0
94,67,0,4,0,0,400.0
94,53,12,4,0,0,400.0
94,6,20,4,0,0,400.0
93,158,28,4,0,0,400.0
93,119,32,4,0,0,400.0
93,113,44,4,0,0,400.0
92,151,60,4,0,0,400.0
92,118,64,4,0,0,400.0
92,80,24,4,0,0,400.0
92,69,0,4,0,0,400.0
92,63,28,4,0,0,400.0
91,164,20,4,0,0,400.0
91,116,8,4,0,0,400.0
91,110,28,4,0,0,400.0
91,63,0,4,0,0,400.0
91,52,4,4,0,0,400.0
91,21,12,4,0,0,400.0
91,12,32,4,0,0,400.0
91,9,36,4,0,0,400.0
90,156,44,4,0,0,400.0
90,149,56,4,0,0,400.0
90,145,36,4,0,0,400.0
90,82,16,4,0,0,400.0
90,55,0,4,0,0,400.0
90,50,24,4,0,0,400.0
90,37,40,4,0,0,400.0
89,168,36,4,0,0,400.0
89,145,40,4,0,0,400.0
89,135,56,4,0,0,400.0
89,114,44,4,0,0,400.0
89,108,48,4,0,0,400.0
89,32,4,4,0,0,400.0
89,30,24,4,0,0,400.0
88,166,28,4,0,0,400.0
88,165,60,4,0,0,400.0
88,113,48,4,0,0,400.0
88,109,52,4,0,0,400.0
88,66,0,4,0,0,400.0
88,57,32,4,0,0,400.0
88,30,4,4,0,0,400.0
88,9,12,4,0,0,400.0
87,158,32,4,0,0,400.0
87,151,64,4,0,0,400.0
87,132,40,4,0,0,400.0
87,74,24,4,0,0,400.0
87,9,20,4,0,0,400.0
87,5,12,4,0,0,400.0
86,194,24,4,0,0,400.0
86,193,40,4,0,0,400.0
86,190,36,4,0,0,400.0
86,148,20,4,0,0,400.0
86,32,28,4,0,0,400.0
85,157,56,4,0,0,400.0
85,140,60,4,0,0,400.0
85,84,4,4,0,0,400.0
85,76,24,4,0,0,400.0
85,67,8,4,0,0,400.0
85,54,16,4,0,0,400.0
85,28,36,4,0,0,400.0
85,6,32,4,0,0,400.0
84,146,24,4,0,0,400.0
84,137,32,4,0,0,400.0
84,105,60,4,0,0,400.0
84,97,44,4,0,0,400.0
84,94,56,4,0,0,400.0
84,46,0,4,0,0,400.0
84,14,8,4,0,0,400.0
84,3,16,4,0,0,400.0
83,193,44,4,0,0,400.0
83,171,60,4,0,0,400.0
83,141,48,4,0,0,400.0
83,109,56,4,0,0,400.0
83,32,20,4,0,0,400.0
83,24,16,4,0,0,400.0
82,198,36,4,0,0,400.0
82,145,44,4,0,0,400.0
82,140,56,4,0,0,400.0
82,89,28,4,0,0,400.0
82,73,4,4,0,0,400.0
82,47,24,4,0,0,400.0
81,143,28,4,0,0,400.0
81,41,8,4,0,0,400.0
80,185,36,4,0,0,400.0
80,176,68,4,0,0,400.0
80,174,40,4,0,0,400.0
80,138,72,4,0,0,400.0
80,135,64,4,0,0,400.0
79,174,44,4,0,0,400.0
79,149,64,4,0,0,400.0
79,139,40,4,0,0,400.0
79,27,0,4,0,0,400.0
79,1,4,4,0,0,400.0
78,141,52,4,0,0,400.0
78,123,12,4,0,0,400.0
78,109,48,4,0,0,400.0
78,38,0,4,0,0,400.0
78,24,24,4,0,0,400.0
77,154,68,4,0,0,400.0
77,153,64,4,0,0,400.0
77,151,72,4,0,0,400.0
77,82,12,4,0,0,400.0
77,81,20,4,0,0,400.0
77,36,24,4,0,0,400.0
77,19,16,4,0,0,400.0
76,111,40,4,0,0,400.0
76,88,36,4,0,0,400.0
76,77,32,4,0,0,400.0
76,71,20,4,0,0,400.0
76,64,44,4,0,0,400.0
76,32,48,4,0,0,400.0
76,26,52,4,0,0,400.0
76,15,56,4,0,0,400.0
75,188,36,4,0,0,400.0
75,141,44,4,0,0,400.0
75,131,40,4,0,0,400.0
75,63,24,4,0,0,400.0
74,188,40,4,0,0,400.0
74,166,44,4,0,0,400.0
74,152,36,4,0,0,400.0
74,145,48,4,0,0,400.0
74,140,64,4,0,0,400.0
74,87,52,4,0,0,400.0
74,70,0,4,0,0,400.0
74,25,8,4,0,0,400.0
73,184,36,4,0,0,400.0
73,162,64,4,0,0,400.0
73,151,68,4,0,0,400.0
73,144,44,4,0,0,400.0
73,88,40,4,0,0,400.0
73,81,48,4,0,0,400.0
73,65,16,4,0,0,400.0
73,23,8,4,0,0,400.0
72,189,40,4,0,0,400.0
72,141,56,4,0,0,400.0
72,136,60,4,0,0,400.0
72,101,24,4,0,0,400.0
72,55,12,4,0,0,400.0
72,52,8,4,0,0,400.0
72,37,44,4,0,0,400.0
72,17,16,4,0,0,400.0
71,157,60,4,0,0,400.0
71,150,32,4,0,0,400.0
71,100,8,4,0,0,400.0
71,63,40,4,0,0,400.0
70,166,48,4,0,0,400.0
70,144,52,4,0,0,400.0
70,129,44,4,0,0,400.0
70,79,36,4,0,0,400.0
70,35,4,4,0,0,400.0
70,8,16,4,0,0,400.0
69,173,28,4,0,0,400.0
69,171,64,4,0,0,400.0
69,128,40,4,0,0,400.0
69,127,8,4,0,0,400.0
69,114,48,4,0,0,400.0
69,106,44,4,0,0,400.0
69,88,56,4,0,0,400.0
69,80,12,4,0,0,400.0
69,45,16,4,0,0,400.0
69,24,52,4,0,0,400.0
69,16,20,4,0,0,400.0
68,197,28,4,0,0,400.0
68,181,44,4,0,0,400.0
68,179,60,4,0,0,400.0
68,105,68,4,0,0,400.0
68,100,20,4,0,0,400.0
68,89,8,4,0,0,400.0
68,18,0,4,0,0,400.0
68,15,4,4,0,0,400.0
67,103,44,4,0,0,400.0
67,97,40,4,0,0,400.0
67,59,20,4,0,0,400.0
67,48,12,4,0,0,400.0
67,27,4,4,0,0,400.0
66,175,64,4,0,0,400.0
66,168,52,4,0,0,400.0
66,160,8,4,0,0,400.0
66,107,36,4,0,0,400.0
66,76,60,4,0,0,400.0
66,73,28,4,0,0,400.0
66,65,12,4,0,0,400.0
66,52,16,4,0,0,400.0
66,35,32,4,0,0,400.0
66,27,24,4,0,0,400.0
66,11,4,4,0,0,400.0
65,133,56,4,0,0,400.0
65,110,32,4,0,0,400.0
65,76,64,4,0,0,400.0
65,61,0,4,0,0,400.0
65,6,44,4,0,0,400.0
65,3,20,4,0,0,400.0
64,181,40,4,0,0,400.0
64,176,72,4,0,0,400.0
64,163,56,4,0,0,400.0
64,158,60,4,0,0,400.0
64,135,68,4,0,0,400.0
64,75,0,4,0,0,400.0
64,69,76,4,0,0,400.0
64,30,12,4,0,0,400.0
64,15,8,4,0,0,400.0
63,180,52,4,0,0,400.0
63,151,76,4,0,0,400.0
63,144,60,4,0,0,400.0
63,112,68,4,0,0,400.0
63,20,32,4,0,0,400.0
62,150,36,4,0,0,400.0
62,142,52,4,0,0,400.0
62,57,0,4,0,0,400.0
62,9,4,4,0,0,400.0
62,7,8,4,0,0,400.0
61,197,24,4,0,0,400.0
61,183,44,4,0,0,400.0
61,180,36,4,0,0,400.0
61,172,32,4,0,0,400.0
61,108,52,4,0,0,400.0
61,80,8,4,0,0,400.0
61,75,28,4,0,0,400.0
61,44,48,4,0,0,400.0
60,177,28,4,0,0,400.0
60,161,36,4,0,0,400.0
60,145,52,4,0,0,400.0
60,125,40,4,0,0,400.0
60,61,16,4,0,0,400.0
60,34,0,4,0,0,400.0
59,130,56,4,0,0,400.0
59,109,64,4,0,0,400.0
59,108,36,4,0,0,400.0
59,89,32,4,0,0,400.0
59,63,72,4,0,0,400.0
59,5,0,4,0,0,400.0
58,190,44,4,0,0,400.0
58,169,28,4,0,0,400.0
58,164,36,4,0,0,400.0
58,154,72,4,0,0,400.0
58,149,68,4,0,0,400.0
58,130,60,4,0,0,400.0
58,127,4,4,0,0,400.0
58,122,56,4,0,0,400.0
58,29,0,4,0,0,400.0
58,14,12,4,0,0,400.0
58,4,48,4,0,0,400.0
57,190,40,4,0,0,400.0
57,186,68,4,0,0,400.0
57,99,28,4,0,0,400.0
57,89,52,4,0,0,400.0
57,59,44,4,0,0,400.0
57,50,36,4,0,0,400.0
57,33,48,4,0,0,400.0
57,10,56,4,0,0,400.0
57,5,60,4,0,0,400.0
56,167,64,4,0,0,400.0
56,131,36,4,0,0,400.0
56,32,0,4,0,0,400.0
56,19,4,4,0,0,400.0
55,187,40,4,0,0,400.0
55,185,44,4,0,0,400.0
55,155,48,4,0,0,400.0
55,70,56,4,0,0,400.0
55,56,52,4,0,0,400.0
55,37,4,4,0,0,400.0
54,149,72,4,0,0,400.0
54,3,0,4,0,0,400.0
53,170,40,4,0,0,400.0
53,131,52,4,0,0,400.0
53,93,0,4,0,0,400.0
53,67,48,4,0,0,400.0
53,33,16,4,0,0,400.0
53,21,20,4,0,0,400.0
52,195,48,4,0,0,400.0
52,161,40,4,0,0,400.0
52,115,68,4,0,0,400.0
52,89,60,4,0,0,400.0
52,34,20,4,0,0,400.0
52,4,0,4,0,0,400.0
51,187,44,4,0,0,400.0
51,174,52,4,0,0,400.0
51,135,72,4,0,0,400.0
51,131,56,4,0,0,400.0
51,130,64,4,0,0,400.0
51,112,76,4,0,0,400.0
51,103,60,4,0,0,400.0
51,96,40,4,0,0,400.0
51,45,0,4,0,0,400.0
51,39,4,4,0,0,400.0
51,20,8,4,0,0,400.0
51,19,12,4,0,0,400.0
50,185,48,4,0,0,400.0
50,148,16,4,0,0,400.0
50,99,40,4,0,0,400.0
50,60,4,4,0,0,400.0
50,39,0,4,0,0,400.0
50,34,8,4,0,0,400.0
50,14,28,4,0,0,400.0
50,1,52,4,0,0,400.0
49,160,28,4,0,0,400.0
49,150,44,4,0,0,400.0
49,111,48,4,0,0,400.0
49,2,0,4,0,0,400.0
48,196,56,4,0,0,400.0
48,168,40,4,0,0,400.0
48,160,20,4,0,0,400.0
48,143,32,4,0,0,400.0
48,128,44,4,0,0,400.0
48,126,16,4,0,0,400.0
48,53,24,4,0,0,400.0
48,40,0,4,0,0,400.0
48,8,60,4,0,0,400.0
47,115,72,4,0,0,400.0
47,95,4,4,0,0,400.0
47,65,52,4,0,0,400.0
47,54,8,4,0,0,400.0
47,14,0,4,0,0,400.0
46,183,48,4,0,0,400.0
46,182,44,4,0,0,400.0
46,168,56,4,0,0,400.0
46,118,68,4,0,0,400.0
46,103,52,4,0,0,400.0
46,70,40,4,0,0,400.0
46,68,32,4,0,0,400.0
46,44,4,4,0,0,400.0
46,23,24,4,0,0,400.0
46,6,8,4,0,0,400.0
45,196,60,4,0,0,400.0
45,150,40,4,0,0,400.0
45,133,48,4,0,0,400.0
45,128,52,4,0,0,400.0
45,122,64,4,0,0,400.0
45,109,68,4,0,0,400.0
45,35,8,4,0,0,400.0
45,17,4,4,0,0,400.0
45,2,12,4,0,0,400.0
45,0,28,4,0,0,400.0
44,158,40,4,0,0,400.0
44,80,28,4,0,0,400.0
44,78,56,4,0,0,400.0
44,68,52,4,0,0,400.0
43,187,48,4,0,0,400.0
43,177,32,4,0,0,400.0
43,144,64,4,0,0,400.0
43,142,56,4,0,0,400.0
43,131,44,4,0,0,400.0
43,80,4,4,0,0,400.0
43,56,20,4,0,0,400.0
43,44,0,4,0,0,400.0
43,4,16,4,0,0,400.0
42,199,28,4,0,0,400.0
42,189,44,4,0,0,400.0
42,102,4,4,0,0,400.0
42,83,8,4,0,0,400.0
42,72,48,4,0,0,400.0
42,3,24,4,0,0,400.0
41,159,48,4,0,0,400.0
41,148,24,4,0,0,400.0
41,129,52,4,0,0,400.0
41,116,16,4,0,0,400.0
41,96,44,4,0,0,400.0
41,64,4,4,0,0,400.0
41,35,12,4,0,0,400.0
41,27,28,4,0,0,400.0
41,14,32,4,0,0,400.0
40,198,40,4,0,0,400.0
40,196,64,4,0,0,400.0
40,191,48,4,0,0,400.0
40,145,56,4,0,0,400.0
40,100,24,4,0,0,400.0
40,49,4,4,0,0,400.0
39,191,52,4,0,0,400.0
39,167,68,4,0,0,400.0
39,113,28,4,0,0,400.0
38,177,24,4,0,0,400.0
38,106,52,4,0,0,400.0
38,105,72,4,0,0,400.0
38,93,4,4,0,0,400.0
38,74,56,4,0,0,400.0
38,60,8,4,0,0,400.0
38,49,32,4,0,0,400.0
38,36,12,4,0,0,400.0
37,161,48,4,0,0,400.0
37,140,68,4,0,0,400.0
37,112,72,4,0,0,400.0
37,101,60,4,0,0,400.0
37,61,64,4,0,0,400.0
37,12,0,4,0,0,400.0
36,175,68,4,0,0,400.0
36,172,36,4,0,0,400.0
36,165,64,4,0,0,400.0
36,164,32,4,0,0,400.0
36,90,20,4,0,0,400.0
36,79,48,4,0,0,400.0
36,67,52,4,0,0,400.0
35,192,44,4,0,0,400.0
35,179,64,4,0,0,400.0
35,162,68,4,0,0,400.0
35,128,60,4,0,0,400.0
35,120,28,4,0,0,400.0
35,55,16,4,0,0,400.0
35,19,0,4,0,0,400.0
34,194,28,4,0,0,400.0
34,106,48,4,0,0,400.0
34,27,12,4,0,0,400.0
33,177,44,4,0,0,400.0
33,162,72,4,0,0,400.0
33,148,32,4,0,0,400.0
33,143,56,4,0,0,400.0
33,127,12,4,0,0,400.0
33,95,8,4,0,0,400.0
33,57,64,4,0,0,400.0
33,42,0,4,0,0,400.0
33,41,20,4,0,0,400.0
33,31,52,4,0,0,400.0
32,193,52,4,0,0,400.0
32,167,72,4,0,0,400.0
32,134,32,4,0,0,400.0
32,112,44,4,0,0,400.0
32,85,40,4,0,0,400.0
32,78,36,4,0,0,400.0
32,75,56,4,0,0,400.0
32,40,68,4,0,0,400.0
32,36,60,4,0,0,400.0
32,15,24,4,0,0,400.0
31,172,24,4,0,0,400.0
31,152,44,4,0,0,400.0
31,102,12,4,0,0,400.0
31,90,48,4,0,0,400.0
31,39,8,4,0,0,400.0
30,139,48,4,0,0,400.0
30,107,56,4,0,0,400.0
30,74,16,4,0,0,400.0
30,69,60,4,0,0,400.0
30,68,36,4,0,0,400.0
30,61,20,4,0,0,400.0
30,41,40,4,0,0,400.0
29,172,52,4,0,0,400.0
29,157,64,4,0,0,400.0
29,56,32,4,0,0,400.0
29,25,20,4,0,0,400.0
28,193,48,4,0,0,400.0
28,150,52,4,0,0,400.0
28,136,56,4,0,0,400.0
28,94,40,4,0,0,400.0
28,76,68,4,0,0,400.0
28,44,60,4,0,0,400.0
28,24,0,4,0,0,400.0
28,9,16,4,0,0,400.0
27,192,48,4,0,0,400.0
27,182,52,4,0,0,400.0
27,140,72,4,0,0,400.0
27,130,68,4,0,0,400.0
27,70,60,4,0,0,400.0
27,19,8,4,0,0,400.0
27,5,32,4,0,0,400.0
26,109,72,4,0,0,400.0
26,67,56,4,0,0,400.0
26,48,8,4,0,0,400.0
26,30,0,4,0,0,400.0
25,192,56,4,0,0,400.0
25,172,40,4,0,0,400.0
25,164,24,4,0,0,400.0
25,111,44,4,0,0,400.0
25,104,28,4,0,0,400.0
25,102,60,4,0,0,400.0
25,26,16,4,0,0,400.0
25,10,32,4,0,0,400.0
24,187,56,4,0,0,400.0
24,186,72,4,0,0,400.0
24,161,60,4,0,0,400.0
24,148,28,4,0,0,400.0
24,114,40,4,0,0,400.0
24,92,44,4,0,0,400.0
24,38,64,4,0,0,400.0
24,14,4,4,0,0,400.0
23,165,68,4,0,0,400.0
23,161,52,4,0,0,400.0
23,160,40,4,0,0,400.0
23,154,76,4,0,0,400.0
23,122,60,4,0,0,400.0
23,67,36,4,0,0,400.0
23,3,4,4,0,0,400.0
22,127,28,4,0,0,400.0
22,106,56,4,0,0,400.0
22,101,32,4,0,0,400.0
22,75,4,4,0,0,400.0
22,32,64,4,0,0,400.0
22,18,12,4,0,0,400.0
22,9,0,4,0,0,400.0
21,187,60,4,0,0,400.0
21,114,56,4,0,0,400.0
21,99,24,4,0,0,400.0
21,27,16,4,0,0,400.0
20,160,48,4,0,0,400.0
20,61,56,4,0,0,400.0
20,58,52,4,0,0,400.0
20,49,60,4,0,0,400.0
20,46,36,4,0,0,400.0
20,39,16,4,0,0,400.0
20,1,0,4,0,0,400.0
19,188,44,4,0,0,400.0
19,171,68,4,0,0,400.0
19,163,60,4,0,0,400.0
19,152,52,4,0,0,400.0
19,130,72,4,0,0,400.0
19,126,20,4,0,0,400.0
19,125,36,4,0,0,400.0
19,97,32,4,0,0,400.0
19,84,48,4,0,0,400.0
19,76,76,4,0,0,400.0
19,54,28,4,0,0,400.0
19,50,56,4,0,0,400.0
19,23,64,4,0,0,400.0
18,183,52,4,0,0,400.0
18,134,40,4,0,0,400.0
18,56,24,4,0,0,400.0
18,39,32,4,0,0,400.0
18,11,8,4,0,0,400.0
17,156,48,4,0,0,400.0
17,125,44,4,0,0,400.0
17,77,36,4,0,0,400.0
17,76,72,4,0,0,400.0
17,72,52,4,0,0,400.0
17,44,64,4,0,0,400.0
17,20,24,4,0,0,400.0
16,183,56,4,0,0,400.0
16,168,44,4,0,0,400.0
16,160,52,4,0,0,400.0
16,127,16,4,0,0,400.0
16,108,64,4,0,0,400.0
16,104,24,4,0,0,400.0
16,73,60,4,0,0,400.0
16,55,28,4,0,0,400.0
16,23,0,4,0,0,400.0
16,17,8,4,0,0,400.0
16,15,12,4,0,0,400.0
16,12,4,4,0,0,400.0
15,167,76,4,0,0,400.0
15,128,64,4,0,0,400.0
15,126,40,4,0,0,400.0
15,51,28,4,0,0,400.0
14,49,52,4,0,0,400.0
14,44,68,4,0,0,400.0
13,59,24,4,0,0,400.0
13,35,36,4,0,0,400.0
13,25,64,4,0,0,400.0
13,2,4,4,0,0,400.0
12,147,12,4,0,0,400.0
12,130,76,4,0,0,400.0
12,61,68,4,0,0,400.0
12,41,56,4,0,0,400.0
11,183,64,4,0,0,400.0
11,91,40,4,0,0,400.0
11,71,0,4,0,0,400.0
11,2,56,4,0,0,400.0
10,132,36,4,0,0,400.0
10,124,28,4,0,0,400.0
10,116,44,4,0,0,400.0
10,89,64,4,0,0,400.0
10,85,52,4,0,0,400.0
10,74,4,4,0,0,400.0
10,22,40,4,0,0,400.0
10,19,24,4,0,0,400.0
10,11,68,4,0,0,400.0
9,187,64,4,0,0,400.0
9,47,40,4,0,0,400.0
9,35,48,4,0,0,400.0
9,1,8,4,0,0,400.0
8,171,72,4,0,0,400.0
8,142,64,4,0,0,400.0
8,127,20,4,0,0,400.0
8,113,56,4,0,0,400.0
8,101,40,4,0,0,400.0
8,88,44,4,0,0,400.0
8,87,28,4,0,0,400.0
8,67,68,4,0,0,400.0
8,37,24,4,0,0,400.0
8,24,12,4,0,0,400.0
7,192,52,4,0,0,400.0
7,147,16,4,0,0,400.0
7,126,48,4,0,0,400.0
7,77,40,4,0,0,400.0
7,69,68,4,0,0,400.0
7,58,64,4,0,0,400.0
7,22,44,4,0,0,400.0
6,165,72,4,0,0,400.0
6,143,36,4,0,0,400.0
6,126,56,4,0,0,400.0
6,111,64,4,0,0,400.0
6,34,40,4,0,0,400.0
6,24,48,4,0,0,400.0
6,22,52,4,0,0,400.0
6,15,0,4,0,0,400.0
6,14,76,4,0,0,400.0
5,193,56,4,0,0,400.0
5,169,36,4,0,0,400.0
5,150,48,4,0,0,400.0
5,143,40,4,0,0,400.0
5,119,44,4,0,0,400.0
5,30,28,4,0,0,400.0
5,22,68,4,0,0,400.0
4,175,72,4,0,0,400.0
4,163,64,4,0,0,400.0
4,146,28,4,0,0,400.0
4,132,44,4,0,0,400.0
4,131,60,4,0,0,400.0
4,114,68,4,0,0,400.0
4,106,76,4,0,0,400.0
4,31,4,4,0,0,400.0
3,186,76,4,0,0,400.0
3,173,32,4,0,0,400.0
3,108,68,4,0,0,400.0
2,178,64,4,0,0,400.0
2,166,52,4,0,0,400.0
2,141,68,4,0,0,400.0
2,97,48,4,0,0,400.0
2,82,40,4,0,0,400.0
2,65,72,4,0,0,400.0
2,64,16,4,0,0,400.0
2,50,76,4,0,0,400.0
2,6,28,4,0,0,400.0
1,164,28,4,0,0,400.0
1,142,60,4,0,0,400.0
1,123,36,4,0,0,400.0
1,84,64,4,0,0,400.0
1,79,56,4,0,0,400.0
1,61,72,4,0,0,400.0
1,35,76,4,0,0,400.0
0,193,60,4,0,0,400.0
0,180,40,4,0,0,400.0
0,152,56,4,0,0,400.0
0,106,64,4,0,0,400.0
0,9,24,4,0,0,400.0
0,8,0,4,0,0,400.0
0,7,4,4,0,0,400.0
199,195,52,2,0,0,50.0
199,187,54,2,0,0,50.0
199,181,48,2,0,0,50.0
199,180,44,2,0,0,50.0
199,177,36,2,0,0,50.0
199,174,50,2,0,0,50.0
199,168,60,2,0,0,50.0
199,164,40,2,0,0,50.0
199,119,42,2,0,0,50.0
199,45,32,2,0,0,50.0
199,14,38,2,0,0,50.0
199,10,62,2,0,0,50.0
198,168,48,2,0,0,50.0
198,144,50,2,0,0,50.0
198,71,44,2,0,0,50.0
198,62,46,2,0,0,50.0
198,10,60,2,0,0,50.0
197,180,46,2,0,0,50.0
197,146,32,2,0,0,50.0
197,143,44,2,0,0,50.0
197,127,34,2,0,0,50.0
197,92,40,2,0,0,50.0
197,56,42,2,0,0,50.0
197,46,60,2,0,0,50.0
197,36,56,2,0,0,50.0
197,30,64,2,0,0,50.0
196,174,68,2,0,0,50.0
196,100,70,2,0,0,50.0
195,180,56,2,0,0,50.0
195,163,68,2,0,0,50.0
195,124,54,2,0,0,50.0
195,119,60,2,0,0,50.0
195,117,70,2,0,0,50.0
195,93,58,2,0,0,50.0
195,71,64,2,0,0,50.0
195,28,66,2,0,0,50.0
194,199,34,2,0,0,50.0
194,185,52,2,0,0,50.0
194,147,32,2,0,0,50.0
194,125,48,2,0,0,50.0
194,124,36,2,0,0,50.0
194,120,40,2,0,0,50.0
194,81,38,2,0,0,50.0
194,49,56,2,0,0,50.0
194,33,60,2,0,0,50.0
194,1,42,2,0,0,50.0
193,197,66,2,0,0,50.0
193,170,64,2,0,0,50.0
193,62,68,2,0,0,50.0
193,56,70,2,0,0,50.0
193,18,76,2,0,0,50.0
192,187,68,2,0,0,50.0
192,146,60,2,0,0,50.0
192,129,62,2,0,0,50.0
192,95,64,2,0,0,50.0
192,71,66,2,0,0,50.0
191,195,62,2,0,0,50.0
191,180,58,2,0,0,50.0
191,161,56,2,0,0,50.0
191,147,60,2,0,0,50.0
191,34,64,2,0,0,50.0
191,23,72,2,0,0,50.0
191,13,68,2,0,0,50.0
190,194,50,2,0,0,50.0
190,170,48,2,0,0,50.0
190,156,52,2,0,0,50.0
190,114,60,2,0,0,50.0
190,99,54,2,0,0,50.0
190,88,64,2,0,0,50.0
190,81,56,2,0,0,50.0
190,77,58,2,0,0,50.0
190,47,62,2,0,0,50.0
190,34,66,2,0,0,50.0
190,20,68,2,0,0,50.0
190,18,70,2,0,0,50.0
189,196,72,2,0,0,50.0
189,194,54,2,0,0,50.0
189,181,50,2,0,0,50.0
189,160,56,2,0,0,50.0
189,128,58,2,0,0,50.0
189,3,48,2,0,0,50.0
188,198,52,2,0,0,50.0
188,193,72,2,0,0,50.0
188,169,48,2,0,0,50.0
188,93,50,2,0,0,50.0
188,81,54,2,0,0,50.0
188,70,64,2,0,0,50.0
188,54,60,2,0,0,50.0
188,52,56,2,0,0,50.0
187,194,70,2,0,0,50.0
187,26,76,2,0,0,50.0
185,174,56,2,0,0,50.0
185,170,54,2,0,0,50.0
185,149,76,2,0,0,50.0
185,85,64,2,0,0,50.0
185,65,60,2,0,0,50.0
185,60,58,2,0,0,50.0
185,55,62,2,0,0,50.0
185,14,66,2,0,0,50.0
185,12,72,2,0,0,50.0
184,197,48,2,0,0,50.0
184,169,44,2,0,0,50.0
184,137,40,2,0,0,50.0
184,81,46,2,0,0,50.0
184,75,50,2,0,0,50.0
184,54,42,2,0,0,50.0
184,47,56,2,0,0,50.0
184,44,72,2,0,0,50.0
184,25,68,2,0,0,50.0
184,10,74,2,0,0,50.0
183,147,62,2,0,0,50.0
183,43,60,2,0,0,50.0
183,21,68,2,0,0,50.0
183,12,74,2,0,0,50.0
182,127,48,2,0,0,50.0
182,124,56,2,0,0,50.0
182,116,58,2,0,0,50.0
182,91,50,2,0,0,50.0
181,199,56,2,0,0,50.0
181,189,52,2,0,0,50.0
181,147,54,2,0,0,50.0
181,73,58,2,0,0,50.0
181,34,60,2,0,0,50.0
181,11,72,2,0,0,50.0
180,168,50,2,0,0,50.0
180,156,60,2,0,0,50.0
180,131,64,2,0,0,50.0
180,120,62,2,0,0,50.0
180,52,66,2,0,0,50.0
180,14,48,2,0,0,50.0
179,110,68,2,0,0,50.0
179,35,72,2,0,0,50.0
178,131,68,2,0,0,50.0
178,95,70,2,0,0,50.0
178,48,72,2,0,0,50.0
178,39,74,2,0,0,50.0
178,13,76,2,0,0,50.0
177,155,40,2,0,0,50.0
177,133,42,2,0,0,50.0
177,127,38,2,0,0,50.0
177,121,52,2,0,0,50.0
177,102,48,2,0,0,50.0
177,93,54,2,0,0,50.0
177,71,50,2,0,0,50.0
177,54,62,2,0,0,50.0
177,36,58,2,0,0,50.0
177,9,56,2,0,0,50.0
176,175,76,2,0,0,50.0
175,116,78,2,0,0,50.0
174,196,74,2,0,0,50.0
174,172,48,2,0,0,50.0
174,168,62,2,0,0,50.0
174,166,58,2,0,0,50.0
174,155,60,2,0,0,50.0
174,26,64,2,0,0,50.0
173,197,36,2,0,0,50.0
173,144,48,2,0,0,50.0
173,104,38,2,0,0,50.0
173,73,52,2,0,0,50.0
173,62,40,2,0,0,50.0
173,55,60,2,0,0,50.0
173,52,44,2,0,0,50.0
173,36,42,2,0,0,50.0
173,18,46,2,0,0,50.0
173,12,50,2,0,0,50.0
173,7,56,2,0,0,50.0
172,177,60,2,0,0,50.0
172,169,46,2,0,0,50.0
172,147,44,2,0,0,50.0
172,132,50,2,0,0,50.0
172,126,62,2,0,0,50.0
172,104,56,2,0,0,50.0
172,54,64,2,0,0,50.0
172,13,70,2,0,0,50.0
171,8,76,2,0,0,50.0
170,189,60,2,0,0,50.0
170,128,56,2,0,0,50.0
170,103,50,2,0,0,50.0
170,90,52,2,0,0,50.0
170,83,36,2,0,0,50.0
170,59,62,2,0,0,50.0
170,57,72,2,0,0,50.0
170,53,58,2,0,0,50.0
170,30,66,2,0,0,50.0
170,25,38,2,0,0,50.0
169,194,58,2,0,0,50.0
169,150,56,2,0,0,50.0
169,93,52,2,0,0,50.0
169,56,50,2,0,0,50.0
169,53,60,2,0,0,50.0
169,34,32,2,0,0,50.0
168,198,64,2,0,0,50.0
168,123,68,2,0,0,50.0
168,40,72,2,0,0,50.0
168,8,78,2,0,0,50.0
166,174,66,2,0,0,50.0
166,104,64,2,0,0,50.0
166,93,56,2,0,0,50.0
166,90,60,2,0,0,50.0
166,36,72,2,0,0,50.0
164,197,50,2,0,0,50.0
164,184,52,2,0,0,50.0
164,161,58,2,0,0,50.0
164,160,60,2,0,0,50.0
164,129,48,2,0,0,50.0
164,80,44,2,0,0,50.0
164,60,46,2,0,0,50.0
164,53,56,2,0,0,50.0
164,43,42,2,0,0,50.0
164,7,62,2,0,0,50.0
163,195,72,2,0,0,50.0
163,192,70,2,0,0,50.0
163,82,74,2,0,0,50.0
162,193,78,2,0,0,50.0
161,139,64,2,0,0,50.0
161,120,66,2,0,0,50.0
161,57,74,2,0,0,50.0
161,31,68,2,0,0,50.0
160,193,74,2,0,0,50.0
160,189,62,2,0,0,50.0
160,173,58,2,0,0,50.0
160,169,64,2,0,0,50.0
160,87,68,2,0,0,50.0
160,62,66,2,0,0,50.0
159,188,58,2,0,0,50.0
159,168,66,2,0,0,50.0
159,157,68,2,0,0,50.0
159,143,60,2,0,0,50.0
159,97,52,2,0,0,50.0
159,95,54,2,0,0,50.0
159,86,56,2,0,0,50.0
159,50,62,2,0,0,50.0
159,16,70,2,0,0,50.0
159,11,74,2,0,0,50.0
158,197,58,2,0,0,50.0
158,177,64,2,0,0,50.0
158,97,56,2,0,0,50.0
158,92,68,2,0,0,50.0
158,90,66,2,0,0,50.0
158,77,44,2,0,0,50.0
158,74,70,2,0,0,50.0
158,3,46,2,0,0,50.0
157,10,72,2,0,0,50.0
156,170,68,2,0,0,50.0
156,159,64,2,0,0,50.0
156,153,70,2,0,0,50.0
156,100,54,2,0,0,50.0
155,184,54,2,0,0,50.0
155,174,70,2,0,0,50.0
155,150,58,2,0,0,50.0
155,102,52,2,0,0,50.0
155,96,56,2,0,0,50.0
155,83,42,2,0,0,50.0
153,46,72,2,0,0,50.0
153,11,76,2,0,0,50.0
152,148,60,2,0,0,50.0
152,87,62,2,0,0,50.0
152,34,68,2,0,0,50.0
150,148,62,2,0,0,50.0
150,142,68,2,0,0,50.0
150,99,64,2,0,0,50.0
150,94,60,2,0,0,50.0
150,42,66,2,0,0,50.0
150,13,72,2,0,0,50.0
149,56,78,2,0,0,50.0
148,199,46,2,0,0,50.0
148,195,74,2,0,0,50.0
148,179,70,2,0,0,50.0
148,123,40,2,0,0,50.0
148,81,44,2,0,0,50.0
148,75,48,2,0,0,50.0
148,62,42,2,0,0,50.0
148,21,50,2,0,0,50.0
148,9,58,2,0,0,50.0
147,185,68,2,0,0,50.0
147,172,58,2,0,0,50.0
147,164,64,2,0,0,50.0
147,148,52,2,0,0,50.0
147,146,34,2,0,0,50.0
147,124,38,2,0,0,50.0
147,84,70,2,0,0,50.0
147,47,28,2,0,0,50.0
147,29,30,2,0,0,50.0
147,13,46,2,0,0,50.0
146,197,38,2,0,0,50.0
146,174,72,2,0,0,50.0
146,172,66,2,0,0,50.0
146,157,70,2,0,0,50.0
146,137,42,2,0,0,50.0
146,124,40,2,0,0,50.0
146,82,48,2,0,0,50.0
146,34,36,2,0,0,50.0
146,21,44,2,0,0,50.0
145,129,60,2,0,0,50.0
145,82,62,2,0,0,50.0
145,81,64,2,0,0,50.0
145,71,68,2,0,0,50.0
145,56,72,2,0,0,50.0
145,45,74,2,0,0,50.0
145,21,66,2,0,0,50.0
144,198,68,2,0,0,50.0
144,166,70,2,0,0,50.0
144,123,72,2,0,0,50.0
144,85,74,2,0,0,50.0
144,47,76,2,0,0,50.0
144,38,78,2,0,0,50.0
143,197,62,2,0,0,50.0
143,182,64,2,0,0,50.0
143,180,68,2,0,0,50.0
143,173,66,2,0,0,50.0
143,157,74,2,0,0,50.0
143,110,46,2,0,0,50.0
143,96,48,2,0,0,50.0
143,92,50,2,0,0,50.0
143,86,70,2,0,0,50.0
143,26,78,2,0,0,50.0
142,163,76,2,0,0,50.0
142,121,70,2,0,0,50.0
142,72,72,2,0,0,50.0
141,113,60,2,0,0,50.0
141,91,62,2,0,0,50.0
141,70,66,2,0,0,50.0
140,109,76,2,0,0,50.0
139,177,66,2,0,0,50.0
139,161,70,2,0,0,50.0
139,141,72,2,0,0,50.0
139,127,44,2,0,0,50.0
139,92,52,2,0,0,50.0
139,56,56,2,0,0,50.0
139,41,60,2,0,0,50.0
139,14,46,2,0,0,50.0
139,3,54,2,0,0,50.0
139,0,68,2,0,0,50.0
138,176,78,2,0,0,50.0
138,42,76,2,0,0,50.0
137,169,20,2,0,0,50.0
137,152,70,2,0,0,50.0
137,146,50,2,0,0,50.0
137,124,52,2,0,0,50.0
137,47,30,2,0,0,50.0
137,43,28,2,0,0,50.0
137,34,24,2,0,0,50.0
137,5,26,2,0,0,50.0
136,123,70,2,0,0,50.0
136,39,64,2,0,0,50.0
136,23,74,2,0,0,50.0
135,61,76,2,0,0,50.0
134,199,64,2,0,0,50.0
134,174,76,2,0,0,50.0
134,164,66,2,0,0,50.0
134,147,48,2,0,0,50.0
134,62,50,2,0,0,50.0
134,44,74,2,0,0,50.0
133,194,62,2,0,0,50.0
133,150,70,2,0,0,50.0
133,122,68,2,0,0,50.0
133,103,64,2,0,0,50.0
133,99,66,2,0,0,50.0
133,81,60,2,0,0,50.0
133,43,40,2,0,0,50.0
133,18,78,2,0,0,50.0
132,99,48,2,0,0,50.0
132,95,52,2,0,0,50.0
132,80,54,2,0,0,50.0
132,74,60,2,0,0,50.0
132,7,58,2,0,0,50.0
132,0,70,2,0,0,50.0
131,93,66,2,0,0,50.0
131,80,76,2,0,0,50.0
131,72,70,2,0,0,50.0
129,189,64,2,0,0,50.0
129,183,70,2,0,0,50.0
129,137,56,2,0,0,50.0
129,123,50,2,0,0,50.0
129,91,58,2,0,0,50.0
129,78,66,2,0,0,50.0
129,21,72,2,0,0,50.0
129,17,68,2,0,0,50.0
128,179,74,2,0,0,50.0
128,170,70,2,0,0,50.0
128,55,68,2,0,0,50.0
127,182,60,2,0,0,50.0
127,181,62,2,0,0,50.0
127,177,68,2,0,0,50.0
127,141,64,2,0,0,50.0
127,126,24,2,0,0,50.0
127,106,70,2,0,0,50.0
127,100,50,2,0,0,50.0
127,42,40,2,0,0,50.0
127,39,26,2,0,0,50.0
127,38,42,2,0,0,50.0
127,29,36,2,0,0,50.0
127,26,46,2,0,0,50.0
127,21,74,2,0,0,50.0
127,12,66,2,0,0,50.0
126,196,76,2,0,0,50.0
126,180,70,2,0,0,50.0
126,172,68,2,0,0,50.0
126,158,72,2,0,0,50.0
126,125,60,2,0,0,50.0
126,124,32,2,0,0,50.0
126,123,26,2,0,0,50.0
126,86,34,2,0,0,50.0
126,10,78,2,0,0,50.0
125,194,64,2,0,0,50.0
125,146,56,2,0,0,50.0
125,129,74,2,0,0,50.0
125,116,66,2,0,0,50.0
125,107,50,2,0,0,50.0
125,79,62,2,0,0,50.0
125,68,58,2,0,0,50.0
124,147,66,2,0,0,50.0
124,119,62,2,0,0,50.0
124,88,68,2,0,0,50.0
124,0,34,2,0,0,50.0
123,182,62,2,0,0,50.0
123,159,76,2,0,0,50.0
123,148,54,2,0,0,50.0
123,137,22,2,0,0,50.0
123,78,20,2,0,0,50.0
123,71,28,2,0,0,50.0
123,53,74,2,0,0,50.0
123,47,44,2,0,0,50.0
123,46,30,2,0,0,50.0
123,34,46,2,0,0,50.0
123,13,42,2,0,0,50.0
123,0,48,2,0,0,50.0
122,132,72,2,0,0,50.0
122,78,70,2,0,0,50.0
122,43,74,2,0,0,50.0
121,195,76,2,0,0,50.0
121,191,66,2,0,0,50.0
121,177,72,2,0,0,50.0
121,148,56,2,0,0,50.0
121,147,74,2,0,0,50.0
121,146,46,2,0,0,50.0
121,137,54,2,0,0,50.0
121,108,78,2,0,0,50.0
121,94,62,2,0,0,50.0
121,90,64,2,0,0,50.0
121,42,42,2,0,0,50.0
120,181,64,2,0,0,50.0
120,150,74,2,0,0,50.0
120,104,42,2,0,0,50.0
120,94,68,2,0,0,50.0
120,79,8,2,0,0,50.0
120,59,52,2,0,0,50.0
120,50,60,2,0,0,50.0
120,49,10,2,0,0,50.0
120,47,46,2,0,0,50.0
120,40,32,2,0,0,50.0
120,38,76,2,0,0,50.0
119,147,72,2,0,0,50.0
119,137,68,2,0,0,50.0
119,124,64,2,0,0,50.0
119,75,52,2,0,0,50.0
119,47,66,2,0,0,50.0
118,183,72,2,0,0,50.0
118,136,76,2,0,0,50.0
118,65,78,2,0,0,50.0
117,162,76,2,0,0,50.0
117,103,68,2,0,0,50.0
117,67,72,2,0,0,50.0
117,53,78,2,0,0,50.0
116,190,72,2,0,0,50.0
116,166,68,2,0,0,50.0
116,164,54,2,0,0,50.0
116,132,56,2,0,0,50.0
116,103,70,2,0,0,50.0
116,102,28,2,0,0,50.0
116,97,64,2,0,0,50.0
116,96,52,2,0,0,50.0
116,93,74,2,0,0,50.0
116,83,30,2,0,0,50.0
116,0,32,2,0,0,50.0
115,105,76,2,0,0,50.0
114,108,72,2,0,0,50.0
114,84,74,2,0,0,50.0
114,9,62,2,0,0,50.0
113,180,72,2,0,0,50.0
113,165,76,2,0,0,50.0
113,146,62,2,0,0,50.0
113,141,74,2,0,0,50.0
113,102,64,2,0,0,50.0
113,86,66,2,0,0,50.0
113,75,68,2,0,0,50.0
113,51,70,2,0,0,50.0
111,90,68,2,0,0,50.0
111,54,70,2,0,0,50.0
111,36,74,2,0,0,50.0
111,13,78,2,0,0,50.0
110,181,70,2,0,0,50.0
110,173,54,2,0,0,50.0
110,160,72,2,0,0,50.0
110,155,44,2,0,0,50.0
110,137,48,2,0,0,50.0
110,99,50,2,0,0,50.0
110,81,52,2,0,0,50.0
110,56,40,2,0,0,50.0
110,21,76,2,0,0,50.0
108,79,74,2,0,0,50.0
108,73,76,2,0,0,50.0
107,172,72,2,0,0,50.0
107,147,76,2,0,0,50.0
107,145,70,2,0,0,50.0
107,125,68,2,0,0,50.0
107,123,52,2,0,0,50.0
107,62,48,2,0,0,50.0
107,47,64,2,0,0,50.0
106,55,72,2,0,0,50.0
105,189,78,2,0,0,50.0
104,166,74,2,0,0,50.0
104,132,66,2,0,0,50.0
104,120,44,2,0,0,50.0
104,96,50,2,0,0,50.0
104,95,36,2,0,0,50.0
104,80,46,2,0,0,50.0
104,60,48,2,0,0,50.0
104,54,40,2,0,0,50.0
104,26,68,2,0,0,50.0
104,0,72,2,0,0,50.0
103,199,58,2,0,0,50.0
103,173,72,2,0,0,50.0
103,170,74,2,0,0,50.0
103,101,48,2,0,0,50.0
103,90,76,2,0,0,50.0
103,83,66,2,0,0,50.0
103,54,78,2,0,0,50.0
102,199,66,2,0,0,50.0
102,182,68,2,0,0,50.0
102,155,72,2,0,0,50.0
102,132,74,2,0,0,50.0
102,131,78,2,0,0,50.0
102,86,50,2,0,0,50.0
102,77,54,2,0,0,50.0
102,62,24,2,0,0,50.0
102,28,26,2,0,0,50.0
102,21,70,2,0,0,50.0
101,194,44,2,0,0,50.0
101,188,68,2,0,0,50.0
101,180,74,2,0,0,50.0
101,137,58,2,0,0,50.0
101,102,56,2,0,0,50.0
101,39,46,2,0,0,50.0
101,28,72,2,0,0,50.0
100,187,52,2,0,0,50.0
100,156,56,2,0,0,50.0
100,86,48,2,0,0,50.0
100,12,64,2,0,0,50.0
99,199,68,2,0,0,50.0
99,190,74,2,0,0,50.0
99,177,70,2,0,0,50.0
99,132,76,2,0,0,50.0
99,45,20,2,0,0,50.0
99,44,78,2,0,0,50.0
99,39,44,2,0,0,50.0
99,31,22,2,0,0,50.0
99,3,52,2,0,0,50.0
97,158,74,2,0,0,50.0
97,78,60,2,0,0,50.0
97,67,62,2,0,0,50.0
97,50,66,2,0,0,50.0
97,17,58,2,0,0,50.0
96,169,54,2,0,0,50.0
96,160,70,2,0,0,50.0
96,155,64,2,0,0,50.0
96,91,66,2,0,0,50.0
96,85,68,2,0,0,50.0
96,15,72,2,0,0,50.0
95,198,56,2,0,0,50.0
95,137,60,2,0,0,50.0
95,126,66,2,0,0,50.0
95,123,24,2,0,0,50.0
95,120,26,2,0,0,50.0
95,83,28,2,0,0,50.0
95,81,58,2,0,0,50.0
95,71,30,2,0,0,50.0
95,64,20,2,0,0,50.0
95,52,38,2,0,0,50.0
95,33,62,2,0,0,50.0
95,29,68,2,0,0,50.0
95,26,40,2,0,0,50.0
94,147,36,2,0,0,50.0
94,146,64,2,0,0,50.0
94,120,70,2,0,0,50.0
94,95,72,2,0,0,50.0
94,13,74,2,0,0,50.0
94,12,38,2,0,0,50.0
93,188,62,2,0,0,50.0
93,185,70,2,0,0,50.0
93,184,60,2,0,0,50.0
93,170,76,2,0,0,50.0
93,169,68,2,0,0,50.0
93,139,78,2,0,0,50.0
93,127,72,2,0,0,50.0
93,91,48,2,0,0,50.0
93,82,64,2,0,0,50.0
93,75,8,2,0,0,50.0
93,60,12,2,0,0,50.0
93,12,24,2,0,0,50.0
93,7,14,2,0,0,50.0
93,3,40,2,0,0,50.0
92,194,72,2,0,0,50.0
92,165,78,2,0,0,50.0
92,123,56,2,0,0,50.0
92,95,42,2,0,0,50.0
92,54,32,2,0,0,50.0
92,46,74,2,0,0,50.0
92,33,70,2,0,0,50.0
92,21,48,2,0,0,50.0
92,14,58,2,0,0,50.0
92,13,54,2,0,0,50.0
91,197,52,2,0,0,50.0
91,86,44,2,0,0,50.0
91,45,46,2,0,0,50.0
91,34,56,2,0,0,50.0
91,16,68,2,0,0,50.0
91,15,60,2,0,0,50.0
90,197,54,2,0,0,50.0
90,183,78,2,0,0,50.0
90,182,70,2,0,0,50.0
90,172,74,2,0,0,50.0
90,169,34,2,0,0,50.0
90,64,28,2,0,0,50.0
89,199,70,2,0,0,50.0
89,152,72,2,0,0,50.0
89,33,68,2,0,0,50.0
88,131,72,2,0,0,50.0
88,31,66,2,0,0,50.0
87,181,74,2,0,0,50.0
87,152,76,2,0,0,50.0
87,140,78,2,0,0,50.0
87,136,72,2,0,0,50.0
87,124,44,2,0,0,50.0
87,60,50,2,0,0,50.0
87,49,58,2,0,0,50.0
87,31,56,2,0,0,50.0
87,15,46,2,0,0,50.0
86,181,68,2,0,0,50.0
86,173,62,2,0,0,50.0
86,159,72,2,0,0,50.0
86,127,32,2,0,0,50.0
86,82,52,2,0,0,50.0
86,77,46,2,0,0,50.0
86,71,54,2,0,0,50.0
86,30,74,2,0,0,50.0
86,9,60,2,0,0,50.0
85,152,66,2,0,0,50.0
85,127,76,2,0,0,50.0
85,100,72,2,0,0,50.0
85,62,44,2,0,0,50.0
85,26,48,2,0,0,50.0
85,20,70,2,0,0,50.0
84,124,72,2,0,0,50.0
84,114,76,2,0,0,50.0
84,106,68,2,0,0,50.0
84,86,78,2,0,0,50.0
83,173,64,2,0,0,50.0
83,146,52,2,0,0,50.0
83,127,54,2,0,0,50.0
83,116,34,2,0,0,50.0
83,95,74,2,0,0,50.0
83,91,70,2,0,0,50.0
83,81,24,2,0,0,50.0
83,31,38,2,0,0,50.0
83,27,40,2,0,0,50.0
83,17,76,2,0,0,50.0
82,197,68,2,0,0,50.0
82,169,66,2,0,0,50.0
82,156,72,2,0,0,50.0
82,150,76,2,0,0,50.0
82,148,78,2,0,0,50.0
82,146,54,2,0,0,50.0
82,17,60,2,0,0,50.0
81,155,62,2,0,0,50.0
81,142,74,2,0,0,50.0
81,111,72,2,0,0,50.0
81,97,68,2,0,0,50.0
81,89,76,2,0,0,50.0
81,75,12,2,0,0,50.0
81,50,70,2,0,0,50.0
81,27,36,2,0,0,50.0
81,17,0,2,0,0,50.0
80,199,78,2,0,0,50.0
80,139,58,2,0,0,50.0
80,132,62,2,0,0,50.0
80,92,34,2,0,0,50.0
80,83,32,2,0,0,50.0
80,62,56,2,0,0,50.0
79,192,72,2,0,0,50.0
79,189,68,2,0,0,50.0
79,181,76,2,0,0,50.0
79,147,78,2,0,0,50.0
79,125,70,2,0,0,50.0
79,101,52,2,0,0,50.0
79,97,54,2,0,0,50.0
79,77,60,2,0,0,50.0
79,17,20,2,0,0,50.0
78,191,74,2,0,0,50.0
78,182,72,2,0,0,50.0
78,181,78,2,0,0,50.0
78,164,68,2,0,0,50.0
78,124,42,2,0,0,50.0
78,122,76,2,0,0,50.0
78,66,22,2,0,0,50.0
78,63,64,2,0,0,50.0
78,46,28,2,0,0,50.0
78,12,30,2,0,0,50.0
78,5,8,2,0,0,50.0
78,3,62,2,0,0,50.0
78,0,10,2,0,0,50.0
77,164,76,2,0,0,50.0
77,152,78,2,0,0,50.0
77,101,50,2,0,0,50.0
75,194,66,2,0,0,50.0
75,157,76,2,0,0,50.0
75,123,60,2,0,0,50.0
75,101,54,2,0,0,50.0
75,93,10,2,0,0,50.0
75,77,62,2,0,0,50.0
75,60,14,2,0,0,50.0
75,41,64,2,0,0,50.0
75,15,70,2,0,0,50.0
74,173,68,2,0,0,50.0
74,132,78,2,0,0,50.0
74,104,76,2,0,0,50.0
74,75,72,2,0,0,50.0
74,53,62,2,0,0,50.0
73,173,74,2,0,0,50.0
73,156,78,2,0,0,50.0
72,197,74,2,0,0,50.0
72,182,66,2,0,0,50.0
72,146,68,2,0,0,50.0
72,90,32,2,0,0,50.0
72,29,76,2,0,0,50.0
71,198,58,2,0,0,50.0
71,192,74,2,0,0,50.0
71,169,70,2,0,0,50.0
71,156,76,2,0,0,50.0
71,83,72,2,0,0,50.0
71,60,56,2,0,0,50.0
71,59,48,2,0,0,50.0
71,13,52,2,0,0,50.0
70,88,70,2,0,0,50.0
70,42,68,2,0,0,50.0
70,40,74,2,0,0,50.0
70,20,72,2,0,0,50.0
68,199,72,2,0,0,50.0
68,191,76,2,0,0,50.0
68,134,78,2,0,0,50.0
68,72,64,2,0,0,50.0
68,54,66,2,0,0,50.0
68,28,74,2,0,0,50.0
67,198,66,2,0,0,50.0
67,101,76,2,0,0,50.0
67,38,60,2,0,0,50.0
66,166,76,2,0,0,50.0
66,148,68,2,0,0,50.0
66,34,58,2,0,0,50.0
66,26,70,2,0,0,50.0
66,24,78,2,0,0,50.0
66,14,56,2,0,0,50.0
66,12,20,2,0,0,50.0
65,148,76,2,0,0,50.0
65,124,70,2,0,0,50.0
65,14,62,2,0,0,50.0
64,148,64,2,0,0,50.0
64,90,30,2,0,0,50.0
64,41,66,2,0,0,50.0
64,34,26,2,0,0,50.0
64,3,36,2,0,0,50.0
62,190,76,2,0,0,50.0
62,182,74,2,0,0,50.0
62,173,70,2,0,0,50.0
62,169,62,2,0,0,50.0
62,160,78,2,0,0,50.0
62,152,64,2,0,0,50.0
62,137,72,2,0,0,50.0
62,81,14,2,0,0,50.0
62,51,32,2,0,0,50.0
62,31,58,2,0,0,50.0
62,17,12,2,0,0,50.0
61,135,78,2,0,0,50.0
60,197,70,2,0,0,50.0
60,188,66,2,0,0,50.0
60,166,62,2,0,0,50.0
60,156,74,2,0,0,50.0
60,132,64,2,0,0,50.0
60,111,76,2,0,0,50.0
60,97,72,2,0,0,50.0
60,88,78,2,0,0,50.0
60,48,68,2,0,0,50.0
60,13,44,2,0,0,50.0
59,189,70,2,0,0,50.0
59,161,76,2,0,0,50.0
59,49,68,2,0,0,50.0
59,45,78,2,0,0,50.0
57,161,78,2,0,0,50.0
56,145,76,2,0,0,50.0
56,139,62,2,0,0,50.0
56,30,68,2,0,0,50.0
55,184,64,2,0,0,50.0
55,64,38,2,0,0,50.0
55,0,36,2,0,0,50.0
54,188,76,2,0,0,50.0
54,120,34,2,0,0,50.0
54,85,46,2,0,0,50.0
54,83,68,2,0,0,50.0
54,29,4,2,0,0,50.0
53,194,68,2,0,0,50.0
53,164,70,2,0,0,50.0
53,99,72,2,0,0,50.0
52,197,72,2,0,0,50.0
52,188,74,2,0,0,50.0
52,184,58,2,0,0,50.0
52,172,76,2,0,0,50.0
52,155,46,2,0,0,50.0
52,95,78,2,0,0,50.0
52,5,24,2,0,0,50.0
52,0,52,2,0,0,50.0
51,48,36,2,0,0,50.0
51,18,16,2,0,0,50.0
51,11,34,2,0,0,50.0
50,169,72,2,0,0,50.0
50,86,64,2,0,0,50.0
49,189,66,2,0,0,50.0
49,137,74,2,0,0,50.0
49,100,76,2,0,0,50.0
49,87,70,2,0,0,50.0
49,73,72,2,0,0,50.0
49,32,78,2,0,0,50.0
48,187,74,2,0,0,50.0
48,155,66,2,0,0,50.0
48,51,38,2,0,0,50.0
48,42,64,2,0,0,50.0
48,39,76,2,0,0,50.0
48,0,78,2,0,0,50.0
47,184,70,2,0,0,50.0
47,127,58,2,0,0,50.0
47,119,78,2,0,0,50.0
47,56,48,2,0,0,50.0
46,153,78,2,0,0,50.0
46,119,76,2,0,0,50.0
45,198,72,2,0,0,50.0
45,141,76,2,0,0,50.0
45,96,58,2,0,0,50.0
43,183,76,2,0,0,50.0
43,166,78,2,0,0,50.0
43,107,54,2,0,0,50.0
43,62,30,2,0,0,50.0
43,40,36,2,0,0,50.0
43,34,38,2,0,0,50.0
43,13,12,2,0,0,50.0
43,12,62,2,0,0,50.0
43,3,72,2,0,0,50.0
42,187,72,2,0,0,50.0
42,121,58,2,0,0,50.0
42,110,56,2,0,0,50.0
42,100,12,2,0,0,50.0
42,96,74,2,0,0,50.0
42,91,54,2,0,0,50.0
42,82,70,2,0,0,50.0
42,71,78,2,0,0,50.0
42,45,22,2,0,0,50.0
42,31,16,2,0,0,50.0
41,126,74,2,0,0,50.0
41,26,62,2,0,0,50.0
41,5,72,2,0,0,50.0
40,184,76,2,0,0,50.0
40,157,78,2,0,0,50.0
40,59,54,2,0,0,50.0
40,36,44,2,0,0,50.0
40,13,8,2,0,0,50.0
39,194,78,2,0,0,50.0
39,184,62,2,0,0,50.0
39,164,72,2,0,0,50.0
39,147,24,2,0,0,50.0
39,100,14,2,0,0,50.0
39,86,58,2,0,0,50.0
39,68,56,2,0,0,50.0
38,31,20,2,0,0,50.0
36,146,76,2,0,0,50.0
36,97,78,2,0,0,50.0
36,40,46,2,0,0,50.0
35,139,74,2,0,0,50.0
34,191,70,2,0,0,50.0
34,137,62,2,0,0,50.0
34,119,74,2,0,0,50.0
34,95,44,2,0,0,50.0
34,81,78,2,0,0,50.0
34,69,72,2,0,0,50.0
34,31,18,2,0,0,50.0
33,110,78,2,0,0,50.0
31,161,72,2,0,0,50.0
31,122,78,2,0,0,50.0
31,100,74,2,0,0,50.0
31,97,70,2,0,0,50.0
31,87,60,2,0,0,50.0
31,29,62,2,0,0,50.0
31,25,36,2,0,0,50.0
30,171,78,2,0,0,50.0
30,82,32,2,0,0,50.0
29,188,70,2,0,0,50.0
29,156,58,2,0,0,50.0
29,128,72,2,0,0,50.0
29,106,60,2,0,0,50.0
29,100,78,2,0,0,50.0
29,49,8,2,0,0,50.0
28,185,78,2,0,0,50.0
28,126,64,2,0,0,50.0
28,125,76,2,0,0,50.0
28,95,22,2,0,0,50.0
28,6,4,2,0,0,50.0
27,199,76,2,0,0,50.0
27,198,78,2,0,0,50.0
27,81,66,2,0,0,50.0
27,39,38,2,0,0,50.0
26,28,6,2,0,0,50.0
26,22,50,2,0,0,50.0
26,14,44,2,0,0,50.0
25,197,76,2,0,0,50.0
25,182,78,2,0,0,50.0
24,124,76,2,0,0,50.0
24,9,68,2,0,0,50.0
23,127,56,2,0,0,50.0
23,45,34,2,0,0,50.0
23,13,16,2,0,0,50.0
22,190,78,2,0,0,50.0
22,164,74,2,0,0,50.0
22,125,72,2,0,0,50.0
22,94,76,2,0,0,50.0
22,26,60,2,0,0,50.0
21,194,46,2,0,0,50.0
21,180,78,2,0,0,50.0
21,116,36,2,0,0,50.0
21,0,8,2,0,0,50.0
20,85,78,2,0,0,50.0
20,56,74,2,0,0,50.0
20,37,76,2,0,0,50.0
18,146,58,2,0,0,50.0
18,124,60,2,0,0,50.0
18,99,56,2,0,0,50.0
18,91,64,2,0,0,50.0
18,8,4,2,0,0,50.0
18,3,28,2,0,0,50.0
17,129,78,2,0,0,50.0
17,48,70,2,0,0,50.0
17,45,56,2,0,0,50.0
16,197,78,2,0,0,50.0
16,194,74,2,0,0,50.0
16,120,72,2,0,0,50.0
16,119,40,2,0,0,50.0
16,14,36,2,0,0,50.0
15,198,62,2,0,0,50.0
15,136,68,2,0,0,50.0
15,91,74,2,0,0,50.0
14,155,74,2,0,0,50.0
14,133,72,2,0,0,50.0
13,169,22,2,0,0,50.0
13,106,62,2,0,0,50.0
13,40,10,2,0,0,50.0
13,3,50,2,0,0,50.0
12,47,36,2,0,0,50.0
12,42,60,2,0,0,50.0
11,169,78,2,0,0,50.0
11,47,38,2,0,0,50.0
10,198,76,2,0,0,50.0
9,177,74,2,0,0,50.0
9,148,72,2,0,0,50.0
9,75,32,2,0,0,50.0
9,64,34,2,0,0,50.0
8,23,32,2,0,0,50.0
8,18,6,2,0,0,50.0
7,198,74,2,0,0,50.0
7,191,78,2,0,0,50.0
7,189,76,2,0,0,50.0
7,66,72,2,0,0,50.0
7,47,60,2,0,0,50.0
7,29,28,2,0,0,50.0
5,177,76,2,0,0,50.0
5,137,78,2,0,0,50.0
5,100,66,2,0,0,50.0
3,147,56,2,0,0,50.0
3,133,74,2,0,0,50.0
3,111,58,2,0,0,50.0
3,60,60,2,0,0,50.0
3,1,44,2,0,0,50.0
2,27,44,2,0,0,50.0
1,124,46,2,0,0,50.0
0,170,44,2,0,0,50.0
0,169,74,2,0,0,50.0
0,133,76,2,0,0,50.0
0,40,38,2,0,0,50.0
0,23,18,2,0,0,50.0
0,16,50,2,0,0,50.0
0,13,14,2,0,0,50.0
0,4,54,2,0,0,50.0
