src,dst,spec,slots_used,core_src,core_dst,tfk_slot
17,47,0,2,0,0,1.0
32,83,0,2,0,0,1.0
37,70,0,2,0,0,1.0
43,5,0,2,0,0,1.0
54,79,0,2,0,0,1.0
74,21,0,2,0,0,1.0
94,79,2,2,0,0,1.0
96,50,0,2,0,0,1.0
97,83,2,2,0,0,1.0
45,77,0,2,0,0,2.0
48,78,0,2,0,0,2.0
50,24,2,2,0,0,2.0
53,10,0,2,0,0,2.0
79,53,4,2,0,0,2.0
93,1,0,2,0,0,2.0
91,23,0,18,0,0,424.0
88,92,0,18,0,0,424.0
98,56,0,2,0,0,2.0
28,79,6,2,0,0,3.0
33,60,0,2,0,0,3.0
42,10,2,2,0,0,3.0
88,20,18,18,0,0,424.0
46,28,0,2,0,0,3.0
71,68,0,18,0,0,424.0
46,56,2,2,0,0,3.0
47,38,2,18,0,0,424.0
46,91,18,2,0,0,3.0
51,53,2,2,0,0,3.0
43,78,2,18,0,0,424.0
19,33,2,18,0,0,424.0
52,65,0,2,0,0,3.0
79,62,8,18,0,0,423.0
54,48,2,2,0,0,3.0
72,9,0,2,0,0,3.0
37,57,2,18,0,0,423.0
77,64,2,2,0,0,3.0
80,49,0,2,0,0,3.0
82,48,4,2,0,0,3.0
90,68,18,2,0,0,3.0
97,38,0,2,0,0,3.0
98,85,2,2,0,0,3.0
4,90,0,2,0,0,4.0
99,94,4,18,0,0,421.0
5,30,2,2,0,0,4.0
25,86,0,2,0,0,4.0
62,89,26,18,0,0,421.0
29,94,0,2,0,0,4.0
56,48,6,18,0,0,421.0
32,87,2,2,0,0,4.0
36,63,0,2,0,0,4.0
55,13,0,2,0,0,4.0
58,31,0,2,0,0,4.0
25,50,4,18,0,0,421.0
11,73,0,18,0,0,421.0
61,23,18,2,0,0,4.0
61,40,0,2,0,0,4.0
67,37,20,2,0,0,4.0
71,88,36,2,0,0,4.0
55,29,2,18,0,0,420.0
14,51,4,18,0,0,420.0
76,15,0,2,0,0,4.0
99,79,26,18,0,0,419.0
78,37,22,2,0,0,4.0
82,86,2,2,0,0,4.0
80,78,24,18,0,0,419.0
7,47,20,2,0,0,5.0
13,52,2,2,0,0,5.0
75,88,38,18,0,0,419.0
14,56,24,2,0,0,5.0
16,56,4,2,0,0,5.0
19,56,26,2,0,0,5.0
24,74,4,2,0,0,5.0
25,74,2,2,0,0,5.0
27,49,2,2,0,0,5.0
31,71,18,2,0,0,5.0
33,22,20,2,0,0,5.0
33,69,22,2,0,0,5.0
37,47,24,2,0,0,5.0
69,44,0,18,0,0,419.0
40,24,6,2,0,0,5.0
30,37,26,18,0,0,419.0
46,6,4,2,0,0,5.0
7,59,0,18,0,0,419.0
3,75,0,18,0,0,419.0
46,13,6,2,0,0,5.0
52,26,4,2,0,0,5.0
55,52,20,2,0,0,5.0
66,22,0,2,0,0,5.0
69,22,18,2,0,0,5.0
99,18,44,18,0,0,418.0
71,27,20,2,0,0,5.0
61,25,22,18,0,0,418.0
74,7,18,2,0,0,5.0
74,23,20,2,0,0,5.0
59,3,18,18,0,0,418.0
57,97,20,18,0,0,418.0
47,87,26,18,0,0,418.0
81,23,22,2,0,0,5.0
46,22,22,18,0,0,418.0
21,28,8,18,0,0,418.0
2,60,2,18,0,0,418.0
76,39,2,18,0,0,417.0
63,58,2,18,0,0,417.0
84,39,0,2,0,0,5.0
96,33,24,2,0,0,5.0
98,38,20,2,0,0,5.0
63,53,20,18,0,0,417.0
10,84,4,2,0,0,6.0
14,95,0,2,0,0,6.0
27,31,4,2,0,0,6.0
27,43,22,2,0,0,6.0
29,38,22,2,0,0,6.0
5,23,24,18,0,0,417.0
43,0,20,2,0,0,6.0
88,54,56,18,0,0,416.0
43,3,36,2,0,0,6.0
46,67,8,2,0,0,6.0
52,74,6,2,0,0,6.0
61,79,44,2,0,0,6.0
61,95,2,2,0,0,6.0
54,45,4,18,0,0,416.0
62,2,0,2,0,0,6.0
71,2,22,2,0,0,6.0
79,17,46,2,0,0,6.0
81,27,0,2,0,0,6.0
84,20,2,2,0,0,6.0
87,64,0,2,0,0,6.0
92,42,18,2,0,0,6.0
98,12,4,2,0,0,6.0
1,8,2,2,0,0,7.0
7,32,22,2,0,0,7.0
31,51,22,2,0,0,7.0
48,58,24,18,0,0,416.0
66,87,4,18,0,0,415.0
32,59,36,2,0,0,7.0
43,71,24,2,0,0,7.0
45,70,2,2,0,0,7.0
45,95,22,2,0,0,7.0
51,34,24,18,0,0,415.0
46,59,40,2,0,0,7.0
47,6,22,2,0,0,7.0
50,17,22,18,0,0,415.0
47,3,44,18,0,0,415.0
48,74,42,2,0,0,7.0
51,0,0,2,0,0,7.0
74,16,8,2,0,0,7.0
30,63,44,18,0,0,415.0
78,36,20,2,0,0,7.0
29,10,24,18,0,0,415.0
24,60,20,18,0,0,415.0
94,70,22,18,0,0,414.0
81,10,6,2,0,0,7.0
81,38,24,2,0,0,7.0
1,62,4,2,0,0,8.0
10,87,22,2,0,0,8.0
24,86,8,2,0,0,8.0
27,9,6,2,0,0,8.0
28,27,26,2,0,0,8.0
28,88,74,2,0,0,8.0
74,78,44,18,0,0,414.0
31,24,10,2,0,0,8.0
31,83,6,2,0,0,8.0
32,19,20,2,0,0,8.0
34,37,44,2,0,0,8.0
38,67,26,2,0,0,8.0
72,6,24,18,0,0,414.0
39,42,20,2,0,0,8.0
43,9,26,2,0,0,8.0
43,49,28,2,0,0,8.0
50,36,40,18,0,0,414.0
48,36,58,18,0,0,414.0
48,26,44,2,0,0,8.0
50,30,62,2,0,0,8.0
60,33,38,2,0,0,8.0
61,7,40,2,0,0,8.0
62,53,6,2,0,0,8.0
67,22,2,2,0,0,8.0
14,47,62,18,0,0,414.0
71,56,28,2,0,0,8.0
14,24,38,18,0,0,414.0
72,33,42,2,0,0,8.0
75,69,20,2,0,0,8.0
2,37,46,18,0,0,414.0
77,26,6,2,0,0,8.0
80,3,42,2,0,0,8.0
81,84,8,2,0,0,8.0
84,34,6,2,0,0,8.0
88,21,76,2,0,0,8.0
1,87,44,18,0,0,414.0
91,25,40,2,0,0,8.0
96,52,8,2,0,0,8.0
92,37,20,18,0,1,413.0
2,8,20,2,0,0,9.0
57,0,38,18,0,0,413.0
2,86,24,2,0,0,9.0
50,22,40,18,1,0,413.0
3,61,62,2,0,0,9.0
5,8,4,2,0,0,9.0
8,32,6,2,0,0,9.0
8,37,64,2,0,0,9.0
45,6,42,18,0,0,413.0
10,67,10,2,0,0,9.0
10,86,12,2,0,0,9.0
11,81,18,2,0,0,9.0
30,66,4,18,0,1,413.0
21,29,42,2,0,0,9.0
21,88,78,2,0,0,9.0
23,33,44,2,0,0,9.0
28,6,2,2,0,0,9.0
3,17,2,18,1,0,413.0
29,14,56,2,0,0,9.0
32,99,24,2,0,0,9.0
45,75,24,2,0,0,9.0
53,2,38,2,0,0,9.0
54,15,22,2,0,0,9.0
97,57,56,18,0,0,412.0
55,53,40,2,0,0,9.0
94,78,62,18,0,0,412.0
55,85,22,2,0,0,9.0
57,35,0,2,0,0,9.0
60,65,40,2,0,0,9.0
61,8,8,2,0,0,9.0
61,16,6,2,0,0,9.0
34,41,46,18,0,0,412.0
61,90,4,2,0,0,9.0
19,3,28,18,0,1,412.0
70,54,40,2,0,0,9.0
79,15,48,2,0,0,9.0
83,17,20,2,0,0,9.0
84,18,10,2,0,0,9.0
7,35,24,2,0,0,10.0
9,44,18,2,0,0,10.0
13,69,24,2,0,0,10.0
96,60,42,18,0,0,411.0
14,81,2,2,0,0,10.0
95,0,56,18,0,0,411.0
16,26,0,2,0,0,10.0
17,4,40,2,0,0,10.0
91,49,42,18,0,0,411.0
18,36,2,2,0,0,10.0
82,3,46,18,0,1,411.0
18,68,20,2,0,0,10.0
19,48,46,2,0,0,10.0
63,72,62,18,0,0,411.0
33,0,46,18,0,1,411.0
24,27,56,18,0,0,411.0
28,75,28,2,0,0,10.0
34,55,42,2,0,0,10.0
34,76,20,2,0,0,10.0
34,80,2,2,0,0,10.0
98,3,22,18,0,2,410.0
40,80,4,2,0,0,10.0
44,28,30,2,0,0,10.0
64,41,4,2,0,0,10.0
72,44,20,2,0,0,10.0
72,82,6,2,0,0,10.0
74,63,38,2,0,0,10.0
88,56,30,18,1,0,410.0
76,12,22,2,0,0,10.0
75,16,56,18,0,0,410.0
80,14,22,2,0,0,10.0
73,70,42,18,0,0,410.0
66,34,22,18,0,1,410.0
81,89,4,2,0,0,10.0
45,54,60,18,0,1,410.0
86,96,60,18,0,0,409.0
76,63,24,18,0,1,409.0
90,11,20,2,0,0,10.0
40,85,24,18,0,0,409.0
96,22,4,2,0,0,10.0
4,7,26,2,0,0,11.0
4,49,4,2,0,0,11.0
11,84,22,18,0,0,409.0
82,73,18,18,0,0,408.0
8,45,26,2,0,0,11.0
8,66,40,2,0,0,11.0
11,47,40,2,0,1,11.0
16,86,10,2,0,0,11.0
19,1,22,2,0,0,11.0
19,60,60,2,0,0,11.0
66,91,60,18,0,0,408.0
47,56,48,18,1,0,408.0
19,93,62,18,0,0,408.0
94,41,40,18,0,1,407.0
20,97,4,2,0,0,11.0
71,24,38,18,0,1,407.0
25,32,42,2,0,0,11.0
27,45,28,18,0,1,407.0
23,93,46,18,0,1,407.0
26,23,42,2,0,0,11.0
77,86,26,18,0,0,406.0
31,57,74,2,0,0,11.0
32,52,10,2,0,0,11.0
64,71,56,18,0,0,406.0
35,17,42,2,0,0,11.0
17,30,48,18,0,1,406.0
43,99,62,2,0,0,11.0
51,22,58,2,0,0,11.0
8,36,42,18,0,1,406.0
95,17,4,18,0,1,405.0
54,4,24,2,0,0,11.0
54,81,26,2,0,0,11.0
54,98,42,2,0,0,11.0
59,26,38,2,0,0,11.0
63,62,40,2,0,1,11.0
70,90,6,2,0,0,11.0
88,87,62,18,1,0,405.0
80,1,62,18,0,0,405.0
71,30,0,18,1,1,405.0
74,42,10,2,0,0,11.0
75,79,74,2,0,0,11.0
76,8,60,2,0,0,11.0
76,84,42,2,0,0,11.0
59,33,42,18,0,1,405.0
80,23,6,2,0,1,11.0
86,11,44,2,0,0,11.0
89,93,2,2,0,0,11.0
92,6,60,2,0,0,11.0
92,65,38,2,0,0,11.0
92,89,44,2,0,0,11.0
93,16,12,2,0,0,11.0
98,99,64,2,0,0,11.0
2,28,32,2,0,0,12.0
3,84,40,2,0,0,12.0
57,9,28,18,1,0,405.0
10,0,8,2,0,0,12.0
10,54,44,2,0,0,12.0
52,86,22,18,0,1,405.0
10,66,42,2,0,0,12.0
16,94,14,18,0,1,405.0
84,32,44,18,0,0,404.0
14,72,58,2,0,0,12.0
72,12,24,18,1,0,404.0
61,70,60,18,1,0,404.0
41,26,8,18,0,0,404.0
35,69,44,18,0,0,404.0
15,9,2,2,0,0,12.0
33,83,22,18,1,0,404.0
22,99,66,2,0,0,12.0
32,70,62,18,0,1,404.0
24,92,74,2,0,0,12.0
18,81,62,18,0,0,404.0
31,62,2,2,0,0,12.0
33,81,28,2,0,0,12.0
40,87,2,2,0,1,12.0
87,40,42,18,1,0,403.0
43,47,30,2,0,1,12.0
48,66,48,2,0,0,12.0
53,14,60,2,0,0,12.0
53,21,44,2,0,0,12.0
53,29,46,2,0,0,12.0
55,7,28,2,0,0,12.0
70,73,0,18,1,1,403.0
63,94,42,18,1,1,403.0
57,91,78,2,0,0,12.0
33,13,60,18,1,0,403.0
62,84,62,2,0,0,12.0
66,79,50,2,0,0,12.0
28,62,44,18,0,0,403.0
18,49,22,18,0,1,403.0
75,2,26,2,0,0,12.0
77,34,4,2,0,0,12.0
97,65,38,18,0,1,402.0
80,46,10,2,0,0,12.0
85,63,42,2,0,0,12.0
87,81,24,2,0,1,12.0
89,55,24,2,0,0,12.0
96,57,0,18,1,1,402.0
92,35,40,2,0,0,12.0
92,72,46,2,0,0,12.0
90,97,22,18,0,1,402.0
81,74,30,18,0,1,402.0
55,17,44,18,0,1,402.0
96,73,36,2,0,0,12.0
40,17,62,18,0,1,402.0
97,90,8,2,0,0,12.0
24,62,0,18,1,1,402.0
98,24,44,18,0,2,401.0
8,17,66,2,0,0,13.0
12,50,58,2,0,0,13.0
95,45,24,18,0,2,401.0
16,28,34,2,0,0,13.0
22,53,8,2,0,0,13.0
23,74,64,2,0,0,13.0
30,15,24,2,0,0,13.0
35,70,4,2,0,0,13.0
37,99,68,2,0,0,13.0
81,21,46,18,1,0,401.0
69,55,62,18,0,0,401.0
43,67,32,2,0,0,13.0
44,76,44,2,0,0,13.0
44,78,42,2,0,0,13.0
48,47,76,2,0,1,13.0
6,84,62,18,0,1,401.0
50,47,66,2,0,1,13.0
53,31,12,2,0,0,13.0
55,70,26,2,0,1,13.0
57,67,76,2,0,0,13.0
61,94,58,2,0,0,13.0
4,0,6,18,0,1,401.0
72,37,2,2,0,1,13.0
72,75,18,2,0,0,13.0
94,37,60,17,1,1,400.0
73,15,38,2,0,0,13.0
74,18,12,2,0,0,13.0
56,89,6,17,1,0,400.0
74,47,14,2,0,1,13.0
75,5,22,2,0,0,13.0
40,52,40,17,1,0,400.0
40,41,0,17,1,1,400.0
75,95,76,2,0,0,13.0
76,81,48,2,0,0,13.0
76,98,62,2,0,0,13.0
79,45,78,2,0,0,13.0
88,19,0,2,1,0,13.0
91,39,22,2,0,0,13.0
96,23,78,2,0,0,13.0
2,92,42,2,0,0,14.0
7,50,60,2,0,0,14.0
31,37,38,17,0,1,400.0
7,71,30,2,0,0,14.0
25,7,44,2,0,0,14.0
27,39,24,2,0,0,14.0
28,80,4,2,0,1,14.0
30,60,64,2,0,0,14.0
30,58,18,17,1,1,400.0
34,57,18,2,0,1,14.0
35,68,22,2,0,0,14.0
39,34,64,2,0,0,14.0
19,58,42,17,1,0,400.0
40,34,8,2,0,0,14.0
7,99,62,17,0,1,400.0
44,73,40,2,0,0,14.0
50,4,64,2,0,0,14.0
52,93,14,2,0,0,14.0
7,39,26,17,1,0,400.0
56,15,66,2,0,0,14.0
59,18,60,2,0,1,14.0
59,99,70,2,0,0,14.0
62,1,64,2,0,1,14.0
71,25,74,2,0,0,14.0
77,21,64,2,0,0,14.0
79,60,62,2,0,0,14.0
82,68,36,2,0,0,14.0
84,66,22,17,1,1,399.0
54,51,0,17,1,1,399.0
15,69,4,17,0,1,399.0
83,14,4,2,0,1,14.0
13,1,26,17,0,0,399.0
83,48,50,2,0,0,14.0
83,64,8,2,0,0,14.0
80,7,44,17,0,1,398.0
84,0,12,2,0,0,14.0
78,49,6,17,1,0,398.0
33,94,0,17,1,2,398.0
91,94,32,2,0,1,14.0
96,20,6,2,0,0,14.0
96,41,2,2,0,0,14.0
96,58,20,2,0,0,14.0
97,76,74,2,0,0,14.0
97,82,10,2,0,0,14.0
11,28,46,17,0,1,398.0
93,6,16,17,0,1,397.0
98,91,6,2,0,1,14.0
80,29,58,17,1,0,397.0
1,68,24,2,0,0,15.0
5,7,42,2,0,0,15.0
5,75,78,2,0,0,15.0
8,7,32,2,0,0,15.0
8,89,0,2,0,0,15.0
71,70,28,17,1,1,397.0
69,30,26,17,0,2,397.0
10,56,68,2,0,0,15.0
48,95,0,17,1,1,397.0
96,95,18,17,1,1,396.0
10,93,46,2,0,0,15.0
11,45,63,2,0,1,15.0
14,86,26,2,0,2,15.0
15,78,26,2,0,1,15.0
21,13,4,2,0,0,15.0
25,77,46,2,0,0,15.0
30,27,74,2,0,0,15.0
31,50,68,2,0,0,15.0
83,12,60,17,0,0,396.0
34,75,0,2,0,1,15.0
36,33,26,2,0,0,15.0
40,54,17,2,0,1,15.0
55,37,0,17,1,2,396.0
44,4,28,2,0,0,15.0
44,74,22,2,0,0,15.0
22,2,0,17,1,1,396.0
51,96,42,2,0,1,15.0
56,31,70,2,0,0,15.0
21,42,22,17,1,0,396.0
17,44,22,17,1,1,396.0
59,48,78,2,0,0,15.0
61,98,10,2,0,0,15.0
71,98,76,2,0,0,15.0
72,42,4,2,0,0,15.0
96,29,44,17,1,1,395.0
77,82,8,2,0,0,15.0
84,91,20,2,0,0,15.0
85,29,20,2,0,0,15.0
61,20,36,17,1,0,395.0
87,11,65,2,1,0,15.0
87,29,75,2,1,0,15.0
60,18,0,17,1,1,395.0
92,21,66,2,0,0,15.0
97,73,76,2,0,0,15.0
36,81,0,17,1,1,395.0
98,57,66,2,0,1,15.0
0,57,22,2,0,1,16.0
33,51,60,17,2,0,395.0
2,74,28,2,0,0,16.0
19,34,0,17,1,1,395.0
8,4,30,2,0,0,16.0
14,1,6,17,1,1,395.0
9,26,46,2,0,0,16.0
9,74,16,2,0,0,16.0
11,83,0,17,1,1,395.0
16,12,2,2,0,0,16.0
43,37,38,17,0,2,394.0
20,87,0,2,0,1,16.0
30,16,76,2,0,0,16.0
27,52,57,17,1,0,394.0
13,2,43,17,0,1,394.0
30,23,66,2,0,0,16.0
5,88,44,17,0,2,394.0
91,14,23,17,1,1,393.0
31,21,26,2,0,0,16.0
32,39,4,2,0,1,16.0
38,85,44,2,0,0,16.0
44,53,48,2,0,0,16.0
45,2,30,2,0,0,16.0
47,97,6,2,1,0,16.0
48,3,52,2,0,2,16.0
48,79,54,2,0,0,16.0
59,2,64,2,0,0,16.0
64,43,34,2,0,0,16.0
65,18,4,2,0,0,16.0
74,60,66,2,0,0,16.0
75,17,30,2,0,2,16.0
88,67,2,17,1,1,393.0
73,97,40,17,1,1,393.0
46,16,42,17,0,1,393.0
79,65,52,2,0,0,16.0
80,22,12,2,0,0,16.0
80,42,8,2,0,0,16.0
82,63,0,2,0,1,16.0
83,27,10,2,0,0,16.0
84,88,14,2,0,2,16.0
90,19,48,2,0,0,16.0
6,21,6,2,0,0,17.0
27,81,26,17,1,1,393.0
7,30,35,2,0,1,17.0
2,39,17,17,1,1,393.0
8,5,10,2,0,0,17.0
99,47,0,17,1,2,392.0
8,68,28,2,0,0,17.0
8,86,14,2,0,0,17.0
96,12,61,17,1,1,392.0
9,62,66,2,0,0,17.0
9,82,12,2,0,0,17.0
13,77,10,2,0,0,17.0
13,84,16,2,0,0,17.0
18,78,0,2,0,1,17.0
25,17,68,2,0,0,17.0
91,89,46,17,1,0,392.0
83,57,46,17,1,1,392.0
31,12,8,2,0,0,17.0
34,65,10,2,0,0,17.0
35,16,32,2,0,0,17.0
82,99,17,17,1,1,392.0
35,88,19,2,0,1,17.0
35,89,63,2,0,0,17.0
82,57,0,17,1,2,392.0
36,1,6,2,0,0,17.0
77,56,23,17,1,1,392.0
18,51,17,17,1,1,392.0
17,2,60,17,2,1,392.0
36,24,12,2,0,0,17.0
44,45,32,2,0,0,17.0
94,14,40,17,2,1,391.0
45,23,28,2,0,1,17.0
46,69,59,2,0,1,17.0
51,73,78,2,0,0,17.0
57,82,64,2,1,0,17.0
74,2,34,2,0,0,17.0
75,65,32,2,0,0,17.0
75,77,34,2,0,2,17.0
85,60,46,17,0,1,391.0
83,4,17,17,1,1,391.0
78,42,39,2,1,0,17.0
81,9,10,2,0,0,17.0
66,93,39,17,1,2,391.0
82,28,38,2,0,0,17.0
89,90,65,2,0,0,17.0
90,70,10,2,0,0,17.0
35,3,0,17,1,2,391.0
92,60,68,2,0,0,17.0
32,69,21,17,1,1,391.0
96,83,12,2,0,0,17.0
98,75,8,2,0,1,17.0
99,81,22,2,0,1,17.0
13,20,53,17,1,0,391.0
10,73,48,17,0,2,391.0
6,1,8,2,0,0,18.0
10,31,14,2,0,0,18.0
15,25,50,2,0,0,18.0
5,99,61,17,0,2,391.0
46,17,61,17,0,3,390.0
43,39,43,17,1,0,390.0
16,17,44,2,0,0,18.0
27,16,0,17,1,1,390.0
16,27,46,2,0,0,18.0
17,98,70,2,0,0,18.0
18,47,8,2,0,1,18.0
10,65,12,17,1,0,390.0
26,34,66,2,0,0,18.0
30,77,22,2,0,0,18.0
31,14,28,2,0,0,18.0
35,11,67,2,0,0,18.0
39,69,61,2,0,1,18.0
40,33,19,2,0,1,18.0
47,76,46,2,1,0,18.0
49,36,23,2,0,0,18.0
50,23,70,2,0,0,18.0
86,91,63,17,1,1,389.0
53,49,62,2,0,0,18.0
53,58,64,2,0,0,18.0
49,93,0,17,1,1,389.0
53,82,14,2,0,0,18.0
54,71,32,2,0,0,18.0
55,41,30,2,0,0,18.0
36,27,17,17,1,2,389.0
74,48,24,2,0,1,18.0
76,1,50,2,0,1,18.0
76,58,66,2,0,0,18.0
77,0,14,2,0,0,18.0
20,93,17,17,1,1,389.0
77,67,12,2,0,0,18.0
78,77,24,2,1,0,18.0
82,95,42,2,0,0,18.0
83,42,14,2,0,0,18.0
84,46,78,2,0,0,18.0
86,35,6,2,0,0,18.0
89,61,67,2,0,0,18.0
19,7,61,17,1,1,389.0
92,20,70,2,0,0,18.0
73,59,18,17,1,1,388.0
93,78,4,2,0,1,18.0
96,45,34,2,0,0,18.0
61,28,0,17,1,1,388.0
97,68,78,2,0,0,18.0
98,76,68,2,0,0,18.0
57,84,39,17,2,1,388.0
99,63,2,2,0,1,18.0
4,12,42,2,0,0,19.0
9,89,48,17,0,1,388.0
6,11,17,2,0,1,19.0
15,79,56,2,0,0,19.0
19,39,50,2,0,1,19.0
21,5,2,2,0,1,19.0
21,24,28,2,0,1,19.0
77,69,40,17,1,1,387.0
21,71,34,2,0,0,19.0
21,77,68,2,0,0,19.0
21,79,70,2,0,0,19.0
23,65,68,2,0,0,19.0
75,9,10,17,1,1,387.0
23,94,72,2,0,2,19.0
26,76,52,2,0,0,19.0
27,4,48,2,0,0,19.0
27,57,76,2,0,1,19.0
30,80,0,2,0,1,19.0
1,18,23,17,1,2,387.0
31,17,72,2,0,0,19.0
32,51,34,2,0,1,19.0
32,58,8,2,0,1,19.0
87,31,4,17,1,1,386.0
78,25,41,17,1,1,386.0
34,1,12,2,0,0,19.0
35,40,10,2,0,0,19.0
37,65,66,2,0,0,19.0
39,98,72,2,0,0,19.0
40,3,21,2,0,1,19.0
40,69,12,2,0,2,19.0
41,62,68,2,0,0,19.0
41,75,36,2,0,0,19.0
43,96,78,2,0,1,19.0
46,86,16,2,0,0,19.0
46,87,21,17,1,1,386.0
35,87,17,17,1,2,386.0
46,90,12,2,0,0,19.0
48,84,56,2,0,1,19.0
52,56,74,2,0,0,19.0
24,14,57,17,1,1,386.0
13,41,17,17,1,1,386.0
53,89,69,2,0,0,19.0
56,87,72,2,0,1,19.0
65,73,60,2,0,0,19.0
66,24,78,2,0,0,19.0
66,65,2,2,0,0,19.0
72,29,44,2,0,0,19.0
74,11,69,2,0,0,19.0
95,38,46,17,1,0,385.0
74,15,30,2,0,0,19.0
74,94,36,2,0,1,19.0
75,63,4,2,1,1,19.0
76,25,54,2,0,0,19.0
76,42,56,2,0,0,19.0
76,49,64,2,0,0,19.0
77,5,16,2,0,0,19.0
79,35,65,2,0,0,19.0
80,71,18,2,0,1,19.0
81,45,12,2,0,1,19.0
86,46,20,2,0,0,19.0
96,81,14,2,0,0,19.0
95,26,63,17,1,1,385.0
97,70,12,2,0,0,19.0
2,10,66,2,0,0,20.0
2,93,36,2,0,0,20.0
5,39,6,2,0,1,20.0
32,68,38,17,1,0,385.0
8,40,17,2,0,1,20.0
9,67,4,2,0,0,20.0
10,57,20,2,0,1,20.0
10,76,70,2,0,0,20.0
14,12,30,2,0,1,20.0
5,65,4,17,1,1,385.0
15,50,72,2,0,0,20.0
24,99,0,2,0,0,20.0
26,50,74,2,0,0,20.0
32,20,12,2,0,0,20.0
53,52,0,17,1,1,384.0
40,96,14,2,0,2,20.0
41,81,43,2,0,1,20.0
43,13,70,2,0,1,20.0
44,43,55,2,0,0,20.0
46,7,14,2,0,1,20.0
48,75,27,2,1,1,20.0
55,9,32,2,0,1,20.0
61,83,16,2,0,0,20.0
66,21,44,2,0,1,20.0
67,32,14,2,0,0,20.0
67,97,16,2,0,0,20.0
70,80,14,2,0,0,20.0
72,30,8,2,0,2,20.0
73,77,62,2,0,0,20.0
74,77,71,2,0,0,20.0
74,82,40,2,0,0,20.0
75,8,34,2,1,0,20.0
75,60,70,2,1,0,20.0
50,63,6,17,1,1,384.0
37,60,17,17,2,1,384.0
76,28,72,2,0,0,20.0
77,89,73,2,0,0,20.0
32,91,0,17,1,2,384.0
81,0,16,2,0,0,20.0
90,52,16,2,0,0,20.0
96,5,18,2,0,0,20.0
65,40,21,17,1,1,383.0
0,60,74,2,0,0,21.0
0,62,76,2,0,0,21.0
4,29,50,2,0,0,21.0
5,76,8,2,0,1,21.0
6,36,10,2,0,0,21.0
6,54,19,2,0,1,21.0
9,63,68,2,0,1,21.0
25,48,48,2,0,1,21.0
27,44,50,2,0,0,21.0
28,26,36,2,0,0,21.0
30,74,78,2,0,0,21.0
56,52,40,17,1,1,383.0
30,92,72,2,0,0,21.0
49,92,40,17,1,1,383.0
31,47,16,2,0,1,21.0
32,13,18,2,0,0,21.0
20,83,63,17,1,1,383.0
34,83,77,2,0,0,21.0
39,16,74,2,0,0,21.0
5,28,21,17,1,1,383.0
41,24,76,2,0,0,21.0
43,30,68,2,0,0,21.0
92,84,0,17,1,1,382.0
59,28,63,17,1,1,382.0
55,66,56,17,1,1,381.0
43,89,75,2,0,0,21.0
46,44,38,2,1,0,21.0
13,11,34,17,1,1,381.0
98,86,0,17,1,1,380.0
47,8,12,2,1,0,21.0
49,7,37,2,0,0,21.0
53,69,57,2,0,1,21.0
53,76,76,2,0,0,21.0
56,8,76,2,0,0,21.0
56,27,78,2,0,0,21.0
59,31,62,2,0,0,21.0
59,39,66,2,0,0,21.0
61,57,69,2,0,1,21.0
65,38,29,2,0,0,21.0
66,12,46,2,0,0,21.0
74,67,62,2,0,0,21.0
78,75,2,2,1,1,21.0
97,42,58,17,1,0,380.0
79,26,58,2,0,0,21.0
79,59,68,2,0,0,21.0
90,61,14,2,0,0,21.0
95,32,74,2,0,1,21.0
96,77,10,2,0,1,21.0
3,65,64,2,0,0,22.0
51,52,57,17,1,1,380.0
8,59,72,2,0,0,22.0
12,14,0,2,0,1,22.0
13,81,20,2,0,0,22.0
82,70,45,17,1,1,379.0
21,33,30,2,0,0,22.0
24,38,14,2,0,1,22.0
25,51,52,2,0,0,22.0
28,51,40,2,0,1,22.0
31,54,30,2,0,0,22.0
31,99,76,2,0,0,22.0
35,55,34,2,0,0,22.0
35,85,8,2,0,0,22.0
35,90,2,2,0,0,22.0
38,61,42,2,0,0,22.0
77,42,57,17,1,1,379.0
38,75,31,2,0,1,22.0
44,31,24,2,0,0,22.0
45,56,36,2,0,2,22.0
45,73,38,2,0,1,22.0
48,6,33,2,1,1,22.0
48,89,71,2,1,0,22.0
51,60,44,2,0,1,22.0
51,88,48,2,0,1,22.0
52,41,78,2,0,0,22.0
52,71,76,2,0,1,22.0
54,82,74,2,0,0,22.0
61,19,52,2,0,0,22.0
69,19,63,17,1,2,379.0
61,37,17,17,1,3,379.0
61,82,71,2,0,0,22.0
63,50,76,2,1,0,22.0
59,65,0,17,1,2,379.0
58,1,35,17,1,2,379.0
67,16,36,2,0,0,22.0
72,23,10,2,0,1,22.0
31,56,57,17,1,1,379.0
25,54,21,17,1,1,379.0
72,24,16,2,0,0,22.0
72,36,14,2,0,0,22.0
73,50,64,2,0,1,22.0
74,41,26,2,0,0,22.0
75,91,29,2,1,0,22.0
66,90,0,17,2,1,378.0
76,18,58,2,0,1,22.0
77,2,44,2,0,0,22.0
77,31,20,2,0,0,22.0
56,93,0,17,2,2,378.0
77,43,57,2,0,0,22.0
77,81,50,2,0,0,22.0
78,17,74,2,1,0,22.0
79,1,60,2,0,1,22.0
79,49,72,2,0,0,22.0
18,29,62,17,1,1,378.0
81,63,60,2,0,1,22.0
44,22,57,17,0,1,377.0
82,42,16,2,0,0,22.0
82,60,76,2,0,0,22.0
84,57,71,2,0,1,22.0
43,65,60,17,1,1,377.0
85,41,0,2,0,0,22.0
88,74,21,2,1,1,22.0
42,27,0,17,1,2,377.0
88,98,23,2,1,1,22.0
92,69,48,2,0,2,22.0
92,97,76,2,0,1,22.0
93,13,8,2,0,0,22.0
97,12,14,2,0,0,22.0
97,17,18,2,0,2,22.0
97,86,4,2,1,0,22.0
2,16,40,2,0,0,23.0
4,47,2,2,0,1,23.0
31,87,34,17,1,2,377.0
9,32,70,2,0,1,23.0
14,22,32,2,0,1,23.0
14,79,34,2,0,1,23.0
14,98,36,2,0,1,23.0
15,24,0,17,1,2,377.0
15,52,28,2,0,1,23.0
7,60,63,17,2,1,376.0
16,82,78,2,0,0,23.0
18,14,6,2,0,2,23.0
31,4,32,2,0,0,23.0
33,87,40,2,0,1,23.0
86,48,40,16,1,2,375.0
83,58,52,16,2,1,375.0
40,65,57,16,1,2,375.0
39,24,76,2,0,1,23.0
23,72,42,16,1,1,375.0
21,3,64,16,1,1,375.0
16,99,17,16,1,2,375.0
39,63,70,2,0,1,23.0
6,3,54,16,1,2,375.0
40,35,60,2,0,1,23.0
40,98,74,2,1,0,23.0
47,9,34,16,2,1,374.0
44,29,52,2,0,0,23.0
46,27,8,2,1,0,23.0
46,34,14,2,1,0,23.0
48,14,74,2,1,1,23.0
56,66,0,2,1,1,23.0
57,17,78,2,1,0,23.0
58,37,70,2,0,0,23.0
59,9,74,2,0,0,23.0
59,24,76,2,0,2,23.0
39,55,34,16,1,1,374.0
59,46,40,2,1,1,23.0
61,77,48,2,0,0,23.0
67,28,42,2,0,0,23.0
67,64,6,2,0,0,23.0
67,77,18,2,0,0,23.0
73,46,66,2,0,1,23.0
74,29,32,2,0,1,23.0
74,81,73,2,0,1,23.0
75,12,6,2,1,0,23.0
10,70,29,16,1,2,374.0
76,65,78,2,0,0,23.0
76,96,16,2,1,0,23.0
77,61,54,2,0,0,23.0
80,30,16,2,0,2,23.0
8,33,64,16,1,0,374.0
81,8,52,2,0,1,23.0
81,19,54,2,0,0,23.0
82,25,62,16,1,1,373.0
83,97,18,2,0,1,23.0
90,77,52,2,0,0,23.0
75,14,36,16,1,2,373.0
90,86,46,2,0,0,23.0
81,17,0,16,2,2,372.0
92,2,78,2,0,0,23.0
50,69,23,16,1,2,372.0
92,9,50,2,0,1,23.0
92,73,57,2,0,1,23.0
48,99,50,16,1,3,371.0
93,40,38,2,0,1,23.0
46,62,42,16,1,1,371.0
96,18,40,2,0,0,23.0
14,78,58,16,2,1,371.0
97,0,2,2,1,0,23.0
55,12,17,16,1,2,370.0
92,63,17,16,1,2,369.0
97,13,12,2,1,0,23.0
0,44,26,2,0,0,24.0
2,27,74,2,0,1,24.0
8,23,74,2,0,0,24.0
9,28,76,2,0,0,24.0
9,93,72,2,0,1,24.0
10,19,17,2,0,1,24.0
10,39,78,2,0,0,24.0
16,95,48,2,0,0,24.0
25,52,76,2,0,1,24.0
49,81,57,16,1,2,369.0
44,85,63,16,1,0,369.0
29,40,77,2,0,1,24.0
63,64,36,16,2,0,368.0
30,4,70,2,0,0,24.0
33,95,35,2,0,1,24.0
25,66,0,16,1,3,368.0
24,98,17,16,2,2,368.0
21,16,0,16,1,2,368.0
90,28,17,16,1,2,367.0
39,1,68,2,0,1,24.0
40,88,19,2,1,2,24.0
32,67,44,16,2,0,367.0
43,59,59,2,0,1,24.0
47,7,0,2,1,1,24.0
48,73,68,2,1,0,24.0
53,40,10,2,0,2,24.0
53,66,52,2,0,0,24.0
58,54,76,2,0,0,24.0
71,94,78,2,0,1,24.0
72,76,12,2,0,1,24.0
74,68,75,2,0,0,24.0
76,2,68,2,1,0,24.0
58,67,19,16,2,1,366.0
76,33,32,2,1,0,24.0
96,68,55,16,2,0,365.0
76,95,44,2,1,0,24.0
77,36,76,2,0,0,24.0
80,37,20,2,0,4,24.0
82,14,44,2,0,3,24.0
83,89,40,2,0,1,24.0
87,89,77,2,1,0,24.0
76,86,46,16,1,2,365.0
90,26,40,2,0,0,24.0
92,1,52,2,0,1,24.0
93,83,42,2,0,0,24.0
95,7,46,2,0,0,24.0
97,59,0,2,1,2,24.0
99,65,72,2,0,0,24.0
62,35,62,16,1,1,365.0
2,71,70,2,0,1,25.0
3,1,66,2,0,1,25.0
6,40,0,2,0,2,25.0
7,41,58,2,0,1,25.0
7,52,48,2,0,2,25.0
7,90,50,2,0,0,25.0
9,27,14,2,0,0,25.0
10,71,72,2,0,1,25.0
18,69,14,2,0,2,25.0
19,6,24,2,0,2,25.0
23,3,76,2,0,0,25.0
27,80,12,2,0,1,25.0
28,63,62,2,0,1,25.0
42,28,78,2,0,0,25.0
35,30,43,16,1,2,365.0
43,55,73,2,0,1,25.0
35,1,0,16,2,2,365.0
44,3,74,2,0,0,25.0
44,25,78,2,0,0,25.0
46,58,59,2,1,0,25.0
47,92,33,2,1,1,25.0
48,55,36,2,1,0,25.0
50,98,78,2,0,0,25.0
52,60,12,2,0,2,25.0
26,27,34,16,1,2,365.0
55,42,38,2,0,1,25.0
21,56,46,16,1,2,365.0
94,90,17,16,2,2,363.0
55,99,78,2,1,0,25.0
56,6,2,2,1,1,25.0
59,66,54,2,1,0,25.0
63,28,64,2,1,0,25.0
66,1,56,2,0,1,25.0
72,34,22,2,0,0,25.0
77,52,78,2,0,1,25.0
80,15,32,2,1,0,25.0
80,19,56,2,1,0,25.0
80,39,2,2,1,1,25.0
81,15,58,2,0,0,25.0
44,90,39,16,1,1,363.0
86,14,78,2,0,1,25.0
89,5,12,2,1,0,25.0
92,66,54,2,0,2,25.0
93,19,58,2,0,0,25.0
96,0,28,2,0,0,25.0
96,59,38,2,0,1,25.0
98,77,12,2,0,1,25.0
0,16,33,3,0,1,26.0
4,59,34,16,1,2,363.0
2,32,38,3,1,0,26.0
43,60,14,16,1,2,362.0
6,68,12,3,0,1,26.0
20,59,0,16,1,3,362.0
11,21,72,3,0,0,26.0
11,23,75,3,0,1,26.0
11,85,19,3,1,1,26.0
13,40,2,3,1,2,26.0
18,53,16,3,0,0,26.0
84,4,0,16,2,1,361.0
19,84,19,3,1,1,26.0
21,91,36,3,0,0,26.0
28,67,66,3,0,0,26.0
81,59,16,16,2,2,361.0
29,84,16,3,1,2,26.0
30,13,72,3,1,1,26.0
78,1,16,16,2,2,361.0
31,26,55,3,0,0,26.0
32,15,26,3,0,1,26.0
34,8,68,3,0,0,26.0
68,95,15,16,1,2,361.0
34,79,71,3,0,1,26.0
39,91,52,16,1,2,360.0
36,98,16,3,0,0,26.0
40,63,72,3,2,1,26.0
40,86,48,3,2,0,26.0
29,70,0,16,1,2,360.0
5,22,38,16,1,1,360.0
42,49,75,3,0,0,26.0
45,39,8,3,1,1,26.0
46,1,16,3,1,0,26.0
15,33,29,16,1,2,359.0
48,83,44,3,1,0,26.0
8,38,16,16,1,1,359.0
53,34,54,3,0,1,26.0
53,38,66,3,0,0,26.0
54,78,34,3,0,1,26.0
57,15,73,3,1,1,26.0
58,71,61,3,0,1,26.0
59,85,35,3,1,1,26.0
61,4,73,3,0,0,26.0
89,73,14,16,1,2,358.0
62,32,70,3,0,2,26.0
65,82,34,3,0,1,26.0
67,82,38,3,0,1,26.0
69,1,0,3,1,1,26.0
70,40,16,3,0,2,26.0
35,60,30,16,2,2,358.0
71,4,45,3,1,0,26.0
71,89,65,3,1,1,26.0
72,41,48,3,0,2,26.0
74,70,18,3,1,1,26.0
75,87,60,3,1,1,26.0
35,58,46,16,2,2,358.0
76,52,18,3,1,1,26.0
76,82,41,3,1,1,26.0
19,42,22,16,1,1,358.0
80,82,6,3,1,2,26.0
84,42,40,16,2,1,357.0
82,19,66,3,0,3,26.0
94,91,17,16,3,2,356.0
82,61,64,3,2,0,26.0
88,55,50,3,1,1,26.0
89,80,9,3,1,1,26.0
92,4,62,3,0,1,26.0
92,29,35,3,1,1,26.0
93,73,33,3,0,2,26.0
94,18,38,3,1,1,26.0
96,87,30,3,0,3,26.0
98,16,50,3,1,0,26.0
98,30,38,3,1,1,26.0
2,72,77,3,1,1,27.0
9,60,52,16,1,2,356.0
4,75,52,3,0,1,27.0
8,35,36,3,0,0,27.0
0,98,64,16,1,1,356.0
8,39,22,3,0,2,27.0
15,23,34,3,0,1,27.0
15,31,52,3,0,1,27.0
89,79,0,16,2,1,355.0
15,43,40,3,0,1,27.0
18,74,48,3,1,1,27.0
21,10,39,3,0,2,27.0
22,70,60,3,0,2,27.0
69,32,50,16,2,3,355.0
29,61,19,3,1,2,27.0
35,9,27,3,0,1,27.0
43,26,64,3,0,2,27.0
43,74,0,3,1,1,27.0
45,8,0,3,1,1,27.0
45,33,3,3,1,2,27.0
31,22,0,16,2,2,354.0
45,93,48,3,1,0,27.0
34,62,57,16,1,2,353.0
22,96,16,16,2,2,353.0
46,20,72,3,1,0,27.0
46,21,0,3,1,2,27.0
48,30,41,3,1,1,27.0
48,50,76,3,1,1,27.0
53,0,71,3,0,2,27.0
80,99,34,16,1,1,351.0
53,88,25,3,1,1,27.0
54,47,37,3,0,1,27.0
79,23,16,15,1,2,350.0
54,55,53,3,0,1,27.0
55,68,75,3,1,1,27.0
58,29,72,3,0,2,27.0
59,73,42,3,1,2,27.0
52,77,0,15,2,2,350.0
61,15,76,3,0,0,27.0
68,28,33,3,0,2,27.0
98,41,32,4,1,0,74.0
75,38,63,3,1,0,27.0
98,21,17,4,1,1,74.0
93,99,51,4,0,1,74.0
75,70,55,3,1,2,27.0
76,31,34,3,1,0,27.0
77,32,59,3,0,1,27.0
77,91,0,3,1,1,27.0
78,68,30,3,1,0,27.0
81,80,17,3,1,1,27.0
82,49,25,3,2,0,27.0
85,65,17,3,0,2,27.0
86,1,52,3,0,2,27.0
91,52,24,4,0,1,74.0
88,76,53,3,1,2,27.0
89,16,36,3,1,1,27.0
89,71,0,3,1,2,27.0
90,87,67,3,0,1,27.0
91,44,8,4,1,1,74.0
92,32,62,3,1,1,27.0
92,62,73,3,1,0,27.0
93,71,55,3,0,1,27.0
96,91,35,3,1,2,27.0
97,3,6,3,1,3,27.0
88,42,56,4,1,2,74.0
88,26,26,4,2,0,74.0
0,92,4,3,0,2,28.0
3,46,68,3,0,1,28.0
3,95,71,3,0,2,28.0
4,9,76,3,0,1,28.0
4,25,56,3,0,0,28.0
82,54,46,4,2,0,74.0
82,53,17,4,2,1,74.0
4,67,35,3,0,1,28.0
6,63,4,3,1,2,28.0
7,1,55,3,0,2,28.0
7,13,52,3,0,2,28.0
8,55,3,3,1,2,28.0
81,85,64,4,1,1,74.0
81,64,75,4,1,0,74.0
9,5,20,3,0,2,28.0
11,97,22,3,1,2,28.0
15,14,60,3,0,3,28.0
15,98,43,3,0,1,28.0
16,66,53,3,0,3,28.0
79,5,54,4,1,1,74.0
21,90,39,3,1,2,28.0
24,44,34,3,1,0,28.0
31,46,58,3,0,2,28.0
31,72,64,3,0,1,28.0
33,45,14,3,2,1,28.0
35,63,12,3,0,2,28.0
78,67,76,4,1,1,74.0
41,63,64,3,0,2,28.0
41,88,38,3,0,2,28.0
43,75,77,3,1,1,28.0
43,91,3,3,1,1,28.0
46,52,61,3,1,2,28.0
76,68,71,4,1,0,74.0
48,67,29,3,1,0,28.0
51,65,54,3,0,0,28.0
76,16,62,4,1,1,74.0
53,5,58,3,1,1,28.0
54,17,50,3,0,2,28.0
73,90,70,4,0,0,74.0
56,71,74,3,1,2,28.0
72,27,52,4,0,0,74.0
58,11,68,3,1,1,28.0
58,43,10,3,1,1,28.0
72,22,14,4,1,0,74.0
71,8,48,3,1,1,28.0
73,41,70,3,1,0,28.0
76,55,0,3,1,2,28.0
67,30,22,4,0,2,74.0
76,64,21,3,1,0,28.0
77,60,3,3,1,2,28.0
79,97,31,3,1,2,28.0
66,42,74,4,1,1,74.0
84,8,64,3,0,2,28.0
85,3,10,3,0,3,28.0
85,52,4,3,0,3,28.0
85,69,13,3,0,3,28.0
85,84,68,3,1,0,28.0
64,16,16,4,0,2,74.0
63,47,68,4,2,1,74.0
86,95,55,3,0,2,28.0
89,78,3,3,1,2,28.0
89,81,68,3,1,1,28.0
59,98,46,4,1,1,74.0
55,97,14,4,2,1,74.0
93,35,69,3,1,0,28.0
93,82,34,3,1,2,28.0
55,32,29,4,2,0,74.0
53,85,28,4,1,1,74.0
50,28,0,4,1,2,74.0
98,45,25,3,1,1,28.0
49,56,30,4,0,2,74.0
0,19,30,3,0,2,29.0
1,3,19,3,0,2,29.0
2,45,34,3,1,3,29.0
4,15,59,3,0,1,29.0
48,41,17,4,1,2,74.0
46,76,3,4,1,1,74.0
5,93,64,3,1,1,29.0
46,49,75,4,1,1,74.0
8,9,6,3,1,1,29.0
46,31,10,4,1,3,74.0
8,51,36,3,1,1,29.0
9,4,23,3,0,2,29.0
9,38,69,3,1,0,29.0
11,14,25,3,1,2,29.0
13,10,75,3,1,0,29.0
43,23,30,4,1,1,74.0
15,26,63,3,0,0,29.0
18,23,34,3,1,2,29.0
40,6,12,4,2,1,74.0
19,66,38,3,1,2,29.0
37,19,72,4,0,3,74.0
19,74,3,3,2,1,29.0
20,7,8,3,0,1,29.0
21,78,6,3,2,2,29.0
22,89,71,3,0,1,29.0
25,22,63,3,0,0,29.0
25,65,59,3,0,3,29.0
26,68,31,3,0,1,29.0
36,87,33,4,0,3,74.0
31,40,21,4,1,2,74.0
25,53,70,4,0,1,74.0
28,4,69,3,0,1,29.0
29,82,22,3,1,2,29.0
21,63,52,4,2,2,74.0
30,0,44,3,1,2,29.0
30,87,66,3,1,2,29.0
35,28,72,3,0,2,29.0
45,16,59,3,1,1,29.0
47,66,18,3,1,2,29.0
21,54,38,4,2,1,74.0
51,8,42,3,1,1,29.0
15,62,68,4,0,3,74.0
54,28,42,3,1,1,29.0
15,56,17,4,1,2,74.0
55,4,66,3,2,0,29.0
12,98,53,4,0,1,74.0
55,27,18,3,2,1,29.0
64,2,10,3,0,2,29.0
11,71,51,4,1,1,74.0
64,92,13,3,0,2,29.0
10,81,45,4,1,2,74.0
67,13,69,3,0,2,29.0
67,40,72,3,0,3,29.0
10,41,60,4,1,1,74.0
6,43,35,4,1,1,74.0
69,4,66,3,2,1,29.0
4,55,50,4,1,2,74.0
98,1,58,4,1,2,73.0
72,1,3,3,1,1,29.0
75,33,66,3,1,3,29.0
97,78,9,4,2,2,73.0
96,38,38,4,1,0,73.0
78,95,50,3,2,0,29.0
80,92,76,3,1,1,29.0
94,17,0,4,1,1,73.0
81,12,49,3,2,0,29.0
93,63,74,4,1,2,73.0
81,40,32,3,2,2,29.0
82,32,55,3,2,1,29.0
88,46,0,3,2,2,29.0
91,63,12,4,1,3,73.0
90,13,42,3,0,2,29.0
91,45,17,4,1,1,73.0
90,24,62,3,0,2,29.0
90,78,54,3,0,2,29.0
96,74,6,3,2,1,29.0
97,14,9,3,1,2,29.0
89,4,74,4,1,1,73.0
97,64,25,3,2,0,29.0
97,85,0,3,2,1,29.0
98,17,28,3,1,3,29.0
85,88,3,4,1,2,73.0
83,63,56,4,0,2,73.0
4,53,54,3,1,1,30.0
5,83,68,3,1,2,30.0
9,6,72,3,1,1,30.0
9,35,0,3,1,3,30.0
79,31,74,4,1,1,73.0
79,24,36,4,1,2,73.0
9,42,3,3,1,2,30.0
9,58,0,3,2,1,30.0
78,24,40,4,2,2,73.0
78,21,32,4,2,2,73.0
11,36,28,3,1,0,30.0
13,57,5,3,1,3,30.0
15,11,55,3,1,1,30.0
15,73,62,3,1,1,30.0
19,4,57,3,2,1,30.0
76,37,76,4,1,0,73.0
23,58,3,3,1,1,30.0
75,43,72,4,1,2,73.0
26,98,48,3,0,2,30.0
28,17,39,3,1,1,30.0
30,83,75,3,1,2,30.0
32,64,17,3,1,1,30.0
74,58,13,4,1,1,73.0
33,2,0,3,2,2,30.0
33,8,9,3,2,1,30.0
72,85,7,4,1,1,73.0
33,47,21,3,2,1,30.0
71,69,20,4,1,3,73.0
69,58,71,4,2,1,73.0
33,77,6,3,2,1,30.0
37,94,4,3,1,1,30.0
38,76,33,3,0,2,30.0
67,46,38,4,1,2,73.0
39,65,74,3,1,0,30.0
43,84,6,3,1,3,30.0
44,82,0,3,1,2,30.0
44,87,3,3,1,2,30.0
46,4,3,3,2,2,30.0
47,99,42,3,1,2,30.0
63,12,0,4,2,1,73.0
52,18,21,3,1,3,30.0
62,78,36,4,1,2,73.0
52,79,30,3,1,2,30.0
52,96,33,3,1,2,30.0
53,47,21,3,1,2,30.0
54,25,45,3,1,2,30.0
54,52,50,3,1,2,30.0
58,42,75,3,1,2,30.0
61,85,53,4,1,1,73.0
60,99,34,3,1,2,30.0
62,81,18,3,1,3,30.0
64,53,28,3,0,2,30.0
61,63,7,4,2,2,73.0
68,60,37,3,1,1,30.0
71,6,58,3,1,2,30.0
73,13,35,3,1,2,30.0
74,72,58,3,1,1,30.0
59,32,50,4,1,4,73.0
74,79,51,3,1,1,30.0
57,8,24,4,1,2,73.0
75,89,6,3,2,1,30.0
76,66,24,3,1,2,30.0
77,23,14,3,1,1,30.0
79,64,40,3,1,1,30.0
86,22,17,3,1,1,30.0
88,89,30,3,2,1,30.0
89,77,42,3,1,2,30.0
54,50,53,4,1,2,73.0
91,82,40,3,1,2,30.0
92,83,57,3,1,3,30.0
93,66,41,3,1,2,30.0
50,99,58,4,1,1,73.0
97,22,68,3,2,0,30.0
97,69,3,3,2,2,30.0
97,89,45,3,2,1,30.0
50,34,66,4,1,2,73.0
98,14,0,3,2,2,30.0
98,68,3,3,2,1,30.0
1,23,70,3,1,1,31.0
1,45,73,3,1,1,31.0
2,0,3,3,2,1,31.0
47,91,72,4,1,2,73.0
46,94,7,4,2,1,73.0
4,44,12,3,2,1,31.0
4,62,26,3,2,1,31.0
7,36,2,3,1,2,31.0
7,48,21,3,1,1,31.0
9,95,53,3,2,0,31.0
10,5,71,3,1,1,31.0
14,36,74,3,2,1,31.0
14,55,21,3,2,2,31.0
16,83,39,3,1,1,31.0
44,93,17,4,1,2,73.0
18,26,51,3,1,1,31.0
44,84,58,4,1,1,73.0
41,65,34,4,1,2,73.0
24,41,21,3,1,2,31.0
24,82,30,3,1,2,31.0
25,20,38,3,1,1,31.0
40,89,25,4,2,2,73.0
40,12,5,4,2,1,73.0
27,14,16,3,0,2,31.0
35,32,76,4,0,1,73.0
31,52,25,3,1,2,31.0
35,29,15,4,0,2,73.0
32,65,65,3,1,3,31.0
32,74,9,3,2,1,31.0
34,39,17,4,1,2,73.0
34,9,74,3,0,2,31.0
38,0,74,3,0,2,31.0
40,51,45,3,2,1,31.0
44,49,55,3,1,2,31.0
44,64,31,3,2,0,31.0
44,69,0,3,2,2,31.0
45,31,21,3,1,2,31.0
45,64,52,3,1,0,31.0
31,10,0,4,1,1,73.0
47,31,24,3,1,2,31.0
47,86,27,3,1,3,31.0
48,18,38,3,1,3,31.0
30,56,62,4,2,2,73.0
28,81,17,4,1,4,73.0
51,20,75,3,1,0,31.0
51,63,48,3,1,3,31.0
52,85,36,3,1,2,31.0
54,34,57,3,1,2,31.0
54,86,56,3,2,1,31.0
28,70,45,4,2,2,73.0
23,68,58,4,1,1,73.0
21,4,15,4,2,2,73.0
17,15,21,4,2,1,73.0
55,2,6,3,2,2,31.0
61,56,57,3,1,3,31.0
11,78,58,4,1,2,73.0
66,27,21,3,2,1,31.0
66,53,32,3,2,1,31.0
73,0,59,3,1,2,31.0
76,67,27,3,1,2,31.0
76,99,37,3,1,2,31.0
77,30,18,3,1,2,31.0
81,96,36,3,2,2,31.0
82,30,69,3,2,1,31.0
9,53,35,4,2,1,73.0
82,74,61,3,2,1,31.0
8,52,32,4,1,2,73.0
84,44,73,3,0,2,31.0
84,70,19,3,2,0,31.0
8,14,12,4,1,2,73.0
84,77,74,3,2,1,31.0
4,38,6,4,2,1,73.0
85,55,11,3,1,2,31.0
90,55,57,4,0,2,72.0
87,44,6,3,2,2,31.0
89,70,21,4,2,1,72.0
92,38,65,3,1,1,31.0
83,81,52,4,0,2,72.0
92,93,68,3,1,2,31.0
1,4,40,3,1,2,32.0
2,55,24,3,2,2,32.0
5,72,61,3,1,1,32.0
7,57,17,3,1,2,32.0
9,71,24,3,2,1,32.0
10,9,4,3,1,2,32.0
82,50,72,4,2,1,72.0
82,4,50,4,2,2,72.0
10,49,66,3,1,0,32.0
81,33,39,4,2,3,72.0
10,53,49,3,1,1,32.0
12,54,10,3,0,2,32.0
81,31,73,4,2,2,72.0
14,19,33,3,2,2,32.0
15,51,51,3,1,1,32.0
15,53,45,3,1,1,32.0
16,43,66,3,1,2,32.0
18,87,54,3,1,2,32.0
79,73,65,4,1,1,72.0
77,90,74,4,2,0,72.0
24,16,24,3,1,2,32.0
27,53,76,3,1,1,32.0
28,0,36,3,2,1,32.0
30,39,11,3,2,1,32.0
31,5,28,3,1,2,32.0
32,18,41,3,2,1,32.0
39,19,14,3,1,2,32.0
39,60,68,3,1,2,32.0
40,16,69,3,2,1,32.0
43,90,33,3,2,1,32.0
46,54,13,3,2,2,32.0
46,92,16,3,2,2,32.0
47,46,24,3,2,2,32.0
51,55,54,3,1,2,32.0
77,85,15,4,2,1,72.0
53,62,39,3,1,2,32.0
58,26,68,3,2,0,32.0
58,60,40,3,2,1,32.0
77,28,49,4,2,2,72.0
58,81,77,3,2,2,32.0
63,85,60,3,2,1,32.0
67,39,71,3,1,1,32.0
69,16,75,3,2,1,32.0
72,5,74,3,1,1,32.0
77,13,19,4,2,2,72.0
74,31,54,4,1,2,72.0
73,1,76,4,1,1,72.0
72,43,0,3,1,2,32.0
76,7,5,3,2,1,32.0
77,80,77,3,1,2,32.0
72,65,20,4,1,2,72.0
79,18,44,3,1,1,32.0
79,51,47,3,1,2,32.0
79,80,58,3,1,2,32.0
83,70,47,3,0,3,32.0
83,98,34,3,1,2,32.0
84,53,61,3,2,1,32.0
84,65,57,3,2,0,32.0
85,43,22,3,1,2,32.0
86,82,59,3,1,3,32.0
89,11,33,3,1,2,32.0
89,99,55,3,2,1,32.0
92,82,9,3,2,2,32.0
93,39,37,3,1,2,32.0
94,50,11,3,1,2,32.0
71,57,20,4,2,2,72.0
0,61,0,3,1,2,33.0
2,89,16,3,2,2,33.0
62,52,21,4,1,2,72.0
2,94,33,3,2,2,33.0
4,23,0,3,2,1,33.0
4,58,35,3,2,2,33.0
5,15,77,3,1,1,33.0
61,73,3,4,2,2,72.0
61,68,40,4,2,1,72.0
5,70,16,3,2,2,33.0
6,8,39,3,1,1,33.0
6,39,77,3,1,1,33.0
6,44,9,3,1,2,33.0
8,10,54,3,1,1,33.0
8,74,45,3,1,2,33.0
10,23,7,3,1,2,33.0
14,84,28,3,2,2,33.0
18,42,41,3,2,0,33.0
18,82,3,3,2,2,33.0
19,0,24,3,2,1,33.0
19,76,0,3,2,2,33.0
21,70,19,3,2,2,33.0
61,45,55,4,2,1,72.0
22,88,74,3,0,2,33.0
22,98,77,3,0,2,33.0
24,32,18,3,1,2,33.0
25,1,16,3,1,3,33.0
27,34,43,3,1,1,33.0
27,82,46,3,1,3,33.0
29,49,39,3,1,0,33.0
31,89,31,3,1,2,33.0
60,67,46,4,2,1,72.0
59,5,2,4,2,2,72.0
33,39,25,3,2,2,33.0
56,99,21,4,2,3,72.0
34,98,40,3,1,2,33.0
35,24,34,3,1,3,33.0
38,6,77,3,0,2,33.0
43,72,11,3,2,1,33.0
54,95,37,4,2,1,72.0
51,19,6,4,2,2,72.0
44,86,3,3,2,2,33.0
45,44,65,3,1,2,33.0
46,48,19,3,2,2,33.0
49,77,17,4,1,3,72.0
48,9,7,4,2,2,72.0
46,5,31,4,2,2,72.0
46,82,43,3,2,2,33.0
49,4,69,3,0,2,33.0
51,28,10,3,2,2,33.0
51,29,25,3,2,1,33.0
43,83,42,4,2,1,72.0
40,30,75,4,2,2,72.0
53,35,64,3,1,2,33.0
53,59,67,3,1,2,33.0
40,25,58,4,2,1,72.0
54,18,0,3,2,2,33.0
55,87,61,3,2,2,33.0
59,76,56,3,1,2,33.0
59,86,6,3,2,2,33.0
60,30,0,3,2,2,33.0
75,64,0,3,2,1,33.0
35,56,38,4,1,2,72.0
75,94,36,3,2,2,33.0
76,5,8,3,2,2,33.0
77,29,28,3,2,1,33.0
32,38,0,4,2,1,72.0
77,59,53,3,2,2,33.0
79,25,61,3,1,2,33.0
79,38,10,3,2,1,33.0
79,91,43,3,2,1,33.0
79,98,6,3,2,2,33.0
80,28,14,3,1,2,33.0
31,33,17,4,2,2,72.0
28,45,68,4,2,1,72.0
81,5,11,3,3,2,33.0
81,32,4,3,3,2,33.0
82,67,58,3,2,1,33.0
83,6,42,3,2,1,33.0
83,69,6,3,2,2,33.0
84,10,77,3,2,1,33.0
85,5,25,3,1,2,33.0
85,11,71,3,1,1,33.0
88,25,7,3,2,2,33.0
88,43,16,3,2,2,33.0
88,58,10,3,2,2,33.0
28,36,60,4,2,1,72.0
88,68,34,3,2,1,33.0
89,98,37,3,2,2,33.0
90,3,70,3,1,2,33.0
91,66,44,3,2,2,33.0
28,7,4,4,2,2,72.0
93,92,21,3,2,2,33.0
27,24,49,4,1,3,72.0
97,30,59,3,2,2,33.0
97,51,13,3,2,2,33.0
98,23,62,3,2,1,33.0
98,70,51,3,2,2,33.0
24,22,65,4,2,2,72.0
0,3,40,3,1,2,34.0
0,83,27,3,1,2,34.0
2,9,13,3,2,2,34.0
18,63,6,4,2,3,72.0
14,67,52,4,2,1,72.0
2,99,45,3,2,2,34.0
3,9,23,3,1,3,34.0
4,21,29,3,2,2,34.0
4,77,45,3,2,2,34.0
11,27,62,4,1,2,72.0
6,28,45,3,1,3,34.0
7,15,11,3,1,2,34.0
8,13,57,3,1,2,34.0
8,30,60,3,1,3,34.0
8,75,3,3,2,2,34.0
11,0,31,3,1,1,34.0
9,87,57,4,2,2,72.0
11,76,74,3,1,2,34.0
8,73,7,4,2,2,72.0
7,23,17,4,2,1,72.0
11,95,77,3,1,2,34.0
14,15,3,3,2,2,34.0
14,27,77,3,2,2,34.0
15,36,65,3,1,1,34.0
6,97,48,4,1,2,72.0
15,76,48,3,1,2,34.0
15,85,68,3,1,2,34.0
17,72,25,3,2,2,34.0
2,82,76,4,2,2,72.0
21,85,42,3,2,1,34.0
2,52,28,4,2,2,72.0
1,49,43,4,1,2,72.0
21,99,3,3,2,2,34.0
22,78,74,3,1,2,34.0
99,82,12,4,2,2,71.0
23,87,21,3,1,3,34.0
26,97,71,3,0,2,34.0
27,32,54,3,1,4,34.0
98,46,54,4,2,2,71.0
27,71,50,3,2,2,34.0
27,99,53,3,2,2,34.0
96,89,40,4,2,2,71.0
28,71,39,3,2,2,34.0
30,78,66,3,2,2,34.0
35,46,27,3,2,2,34.0
37,61,11,3,1,2,34.0
91,42,47,4,2,0,71.0
39,87,0,3,2,2,34.0
41,2,73,3,0,2,34.0
41,64,64,3,1,1,34.0
42,21,44,3,0,3,34.0
44,17,34,3,2,2,34.0
91,19,38,4,2,2,71.0
44,20,14,3,2,0,34.0
87,10,9,4,2,2,71.0
44,37,17,3,2,1,34.0
44,52,37,3,2,2,34.0
45,83,76,3,1,3,34.0
47,84,31,3,2,2,34.0
48,10,57,3,2,1,34.0
50,55,33,3,2,2,34.0
52,89,44,3,2,2,34.0
83,50,0,4,2,2,71.0
54,10,74,3,2,1,34.0
57,64,24,3,2,1,34.0
61,53,14,3,2,2,34.0
61,72,67,3,2,1,34.0
62,97,29,3,1,3,34.0
82,24,69,4,3,2,71.0
80,61,22,4,1,2,71.0
64,94,57,3,1,2,34.0
75,76,11,4,2,2,71.0
66,62,58,3,2,1,34.0
75,52,15,4,2,2,71.0
72,91,70,4,1,3,71.0
66,69,27,3,2,3,34.0
71,86,9,4,2,2,71.0
67,23,65,3,1,1,34.0
70,58,63,3,2,2,34.0
66,61,47,4,2,2,71.0
66,33,61,4,2,3,71.0
72,62,32,3,2,1,34.0
73,29,73,3,1,3,34.0
64,40,35,4,1,2,71.0
74,0,23,3,1,2,34.0
61,30,70,4,2,2,71.0
75,99,48,3,2,2,34.0
76,27,59,3,2,2,34.0
60,93,71,4,2,2,71.0
77,38,36,3,2,1,34.0
78,80,0,3,2,2,34.0
79,14,0,3,2,3,34.0
58,87,13,4,2,2,71.0
79,36,37,3,2,0,34.0
80,81,26,3,1,3,34.0
82,23,37,3,2,1,34.0
83,8,11,3,2,2,34.0
83,31,30,3,2,2,34.0
85,64,32,3,1,1,34.0
55,34,46,4,2,1,71.0
87,14,51,3,2,3,34.0
89,54,34,3,2,2,34.0
93,67,61,3,2,1,34.0
53,48,0,4,2,2,71.0
94,3,74,3,2,2,34.0
53,41,67,4,2,1,71.0
53,24,4,4,2,3,71.0
94,35,67,3,2,2,34.0
2,49,19,3,2,2,35.0
2,64,48,3,2,1,35.0
4,37,55,3,2,1,35.0
4,57,32,3,2,2,35.0
4,89,58,3,2,2,35.0
52,43,53,4,2,2,71.0
48,69,30,4,2,3,71.0
4,92,61,3,2,2,35.0
4,93,64,3,2,2,35.0
7,2,36,3,2,2,35.0
8,16,72,3,2,1,35.0
10,68,0,3,2,1,35.0
14,0,3,3,3,2,35.0
15,16,20,3,2,2,35.0
47,18,17,4,2,2,71.0
16,23,31,3,2,2,35.0
23,20,24,3,1,2,35.0
46,66,65,4,2,2,71.0
25,45,0,3,2,2,35.0
27,79,56,3,2,2,35.0
46,53,46,4,2,2,71.0
29,51,0,3,2,2,35.0
31,42,51,3,2,0,35.0
34,87,73,3,1,2,35.0
45,62,3,4,2,2,71.0
35,4,19,3,2,2,35.0
35,57,70,3,2,2,35.0
36,67,68,3,1,1,35.0
44,36,20,4,2,2,71.0
40,32,29,3,2,2,35.0
44,10,24,3,2,2,35.0
44,7,27,4,2,2,71.0
43,34,76,4,2,1,71.0
44,26,60,3,2,0,35.0
40,57,62,4,2,2,71.0
44,54,41,3,2,2,35.0
33,56,45,4,2,3,71.0
44,59,50,3,2,2,35.0
44,67,44,3,2,2,35.0
33,40,51,4,2,2,71.0
45,85,45,3,2,1,35.0
46,10,35,3,2,2,35.0
49,43,34,3,0,3,35.0
52,76,40,3,2,2,35.0
33,18,55,4,2,2,71.0
32,53,21,4,2,2,71.0
55,48,36,3,2,2,35.0
56,19,77,3,1,3,35.0
28,35,75,4,2,2,71.0
26,99,76,4,0,3,71.0
61,12,77,3,2,0,35.0
66,89,51,3,2,2,35.0
68,58,6,3,1,2,35.0
72,92,0,3,2,2,35.0
74,6,26,3,1,2,35.0
74,9,64,3,1,2,35.0
74,20,67,3,1,2,35.0
74,25,70,3,1,2,35.0
75,48,22,3,2,2,35.0
75,53,42,3,2,1,35.0
75,73,30,3,2,2,35.0
76,87,69,3,2,2,35.0
77,50,23,3,2,2,35.0
77,74,31,3,2,2,35.0
79,46,50,3,2,2,35.0
79,83,14,3,2,2,35.0
80,27,29,3,1,3,35.0
25,36,34,4,2,1,71.0
25,34,50,4,2,1,71.0
80,52,50,3,1,3,35.0
82,55,39,3,3,2,35.0
25,26,3,4,2,1,71.0
85,47,50,3,1,2,35.0
85,49,38,3,1,2,35.0
24,26,8,4,3,1,71.0
85,70,74,3,1,2,35.0
85,90,57,3,1,1,35.0
24,17,37,4,3,2,71.0
90,60,75,3,1,2,35.0
23,35,3,4,2,3,71.0
92,75,25,3,2,2,35.0
92,90,36,3,2,1,35.0
93,48,25,3,2,2,35.0
94,98,60,3,2,3,35.0
96,24,73,3,2,2,35.0
97,34,6,3,2,2,35.0
22,48,20,4,1,3,71.0
97,84,34,3,2,2,35.0
21,18,10,4,2,2,71.0
98,25,10,3,2,2,35.0
98,73,45,3,2,2,35.0
98,80,13,3,2,2,35.0
98,92,58,3,2,2,35.0
21,15,23,4,2,2,71.0
1,36,47,3,1,2,36.0
1,55,69,3,2,2,36.0
2,3,39,3,2,3,36.0
21,0,47,4,2,2,71.0
6,48,4,3,2,2,36.0
19,5,42,4,2,2,71.0
8,11,0,3,2,2,36.0
8,21,56,3,2,2,36.0
8,95,41,3,2,1,36.0
16,5,35,4,2,2,71.0
10,7,13,3,2,2,36.0
10,50,4,3,2,2,36.0
12,80,16,3,0,2,36.0
13,26,12,3,1,1,36.0
13,79,8,3,1,3,36.0
15,86,14,4,2,2,71.0
14,96,9,3,3,2,36.0
15,19,27,3,2,2,36.0
15,67,42,3,2,1,36.0
16,44,47,3,2,2,36.0
18,98,65,3,2,2,36.0
19,31,46,3,2,2,36.0
20,26,54,3,1,1,36.0
21,6,61,3,2,2,36.0
24,71,33,3,2,2,36.0
25,60,13,3,2,3,36.0
28,60,42,3,2,3,36.0
28,72,53,3,2,2,36.0
15,37,7,4,2,1,71.0
30,33,3,3,2,3,36.0
8,57,28,4,2,2,71.0
30,54,3,3,3,2,36.0
5,80,46,4,2,2,71.0
30,81,0,3,3,3,36.0
32,22,25,3,2,1,36.0
33,78,77,3,2,2,36.0
35,43,16,3,2,3,36.0
35,76,22,3,2,2,36.0
36,93,77,3,1,2,36.0
4,19,72,4,2,4,71.0
38,22,54,3,1,1,36.0
40,28,39,3,2,3,36.0
1,81,62,4,2,3,71.0
41,1,72,3,1,2,36.0
92,39,28,4,2,2,70.0
92,0,32,4,2,2,70.0
91,15,68,4,2,2,70.0
90,93,60,4,1,3,70.0
43,6,7,3,2,2,36.0
90,79,64,4,1,2,70.0
89,35,47,4,2,3,70.0
44,16,53,3,2,2,36.0
44,50,57,3,2,2,36.0
46,32,61,3,2,2,36.0
84,61,22,4,2,3,70.0
48,96,76,3,2,2,36.0
49,8,14,3,2,2,36.0
49,91,76,3,2,2,36.0
83,67,17,4,2,2,70.0
82,85,0,4,3,2,70.0
81,87,76,4,3,2,70.0
52,28,57,3,2,2,36.0
53,37,77,3,2,1,36.0
53,44,8,3,2,3,36.0
80,2,51,4,2,2,70.0
79,56,25,4,2,2,70.0
53,54,17,3,2,2,36.0
54,57,59,3,2,2,36.0
79,39,33,4,2,2,70.0
78,14,46,4,2,3,70.0
55,76,43,3,2,2,36.0
74,96,73,4,1,3,70.0
74,56,66,4,2,2,70.0
57,25,56,3,2,2,36.0
59,42,9,3,2,2,36.0
65,51,42,3,0,2,36.0
67,42,0,3,2,2,36.0
67,72,3,3,2,2,36.0
69,21,9,3,2,3,36.0
70,91,22,3,2,3,36.0
72,61,28,3,2,2,36.0
74,55,72,4,2,2,70.0
73,99,36,4,2,3,70.0
76,57,36,3,2,2,36.0
76,59,62,3,2,2,36.0
71,47,27,4,2,2,70.0
77,84,64,3,2,2,36.0
79,12,19,3,2,0,36.0
79,57,73,3,2,2,36.0
80,53,53,3,1,2,36.0
81,52,66,3,3,2,36.0
82,64,4,3,3,1,36.0
71,26,15,4,2,1,70.0
85,9,77,3,1,2,36.0
86,56,42,3,2,2,36.0
88,41,77,3,2,1,36.0
92,58,43,3,2,2,36.0
96,36,44,3,2,2,36.0
62,58,73,4,2,2,70.0
96,53,50,3,2,2,36.0
97,61,37,3,2,2,36.0
98,5,68,3,2,2,36.0
0,21,43,3,1,4,37.0
4,88,76,3,2,3,37.0
61,33,31,4,2,3,70.0
5,43,39,3,2,2,37.0
9,17,41,3,2,2,37.0
9,69,16,3,2,2,37.0
10,58,16,3,2,3,37.0
56,36,70,4,2,2,70.0
53,61,59,4,2,2,70.0
52,21,69,4,2,2,70.0
10,88,21,3,2,2,37.0
16,79,40,3,2,2,37.0
52,0,73,4,2,3,70.0
19,30,10,3,2,3,37.0
19,41,51,3,2,2,37.0
51,95,31,4,2,2,70.0
21,9,64,3,2,3,37.0
21,41,73,3,2,2,37.0
50,25,16,4,2,2,70.0
21,67,76,3,2,2,37.0
27,3,66,3,2,3,37.0
27,33,69,3,2,3,37.0
35,73,11,3,3,2,37.0
40,15,55,3,2,2,37.0
40,49,66,3,2,2,37.0
48,15,60,4,2,2,70.0
41,18,14,3,2,2,37.0
42,11,17,3,1,2,37.0
43,7,46,3,2,2,37.0
43,68,49,3,2,1,37.0
43,82,19,3,2,3,37.0
45,66,69,4,2,2,70.0
45,1,75,4,2,2,70.0
44,34,70,3,2,2,37.0
45,89,61,3,2,2,37.0
45,96,7,3,2,3,37.0
43,64,27,4,2,1,70.0
46,50,69,3,2,2,37.0
48,20,11,3,2,2,37.0
48,61,64,3,2,2,37.0
50,13,7,3,2,2,37.0
51,37,35,3,2,2,37.0
43,25,3,4,2,3,70.0
41,59,56,4,2,2,70.0
53,95,11,3,2,2,37.0
54,43,62,3,2,2,37.0
58,33,0,3,2,3,37.0
58,35,3,3,2,4,37.0
34,17,44,4,2,2,70.0
58,63,33,3,3,2,37.0
58,94,63,3,3,2,37.0
61,52,44,3,2,3,37.0
62,66,35,3,2,2,37.0
32,61,12,4,2,3,70.0
63,79,3,3,3,2,37.0
32,31,33,4,2,2,70.0
65,7,49,3,0,2,37.0
65,26,6,3,0,2,37.0
31,49,58,4,2,2,70.0
67,11,6,3,2,2,37.0
69,47,19,3,2,3,37.0
72,17,56,3,2,2,37.0
74,30,77,3,1,3,37.0
74,65,0,3,2,1,37.0
74,75,19,3,2,2,37.0
75,54,45,3,2,2,37.0
78,63,62,3,2,3,37.0
79,84,68,3,2,2,37.0
30,71,42,4,3,2,70.0
79,85,22,3,2,2,37.0
83,99,33,3,2,3,37.0
84,19,37,3,2,3,37.0
84,50,71,3,2,3,37.0
85,95,4,3,2,2,37.0
86,61,74,3,2,2,37.0
30,49,6,4,3,2,70.0
26,40,19,4,1,3,70.0
88,33,41,3,2,4,37.0
89,24,64,3,2,3,37.0
89,69,67,3,2,3,37.0
92,33,46,3,2,3,37.0
92,55,76,3,2,2,37.0
93,90,33,3,2,2,37.0
96,32,0,3,2,3,37.0
23,62,10,4,2,2,70.0
97,52,77,3,2,2,37.0
0,48,14,3,2,2,38.0
23,7,39,4,2,2,70.0
2,33,55,3,2,3,38.0
2,80,42,3,2,2,38.0
15,90,45,4,2,2,70.0
3,60,45,3,2,3,38.0
14,20,34,4,3,1,70.0
6,35,14,3,2,3,38.0
6,37,55,3,2,2,38.0
11,93,28,4,2,2,70.0
9,79,46,4,2,2,70.0
6,59,70,3,2,2,38.0
8,20,44,3,2,1,38.0
9,15,30,3,2,2,38.0
10,61,51,3,2,2,38.0
9,68,67,4,2,1,70.0
10,85,27,3,2,2,38.0
11,44,76,3,2,2,38.0
4,86,18,4,3,2,70.0
11,64,9,3,2,1,38.0
14,11,12,3,3,2,38.0
14,43,57,3,3,2,38.0
4,76,25,4,3,2,70.0
3,14,48,4,2,4,70.0
15,40,0,3,2,3,38.0
15,87,37,3,2,3,38.0
18,28,48,3,2,3,38.0
18,35,44,3,2,3,38.0
1,96,0,4,3,3,70.0
18,37,59,3,2,2,38.0
19,13,60,3,2,2,38.0
19,78,17,3,2,3,38.0
20,98,41,3,1,3,38.0
23,76,65,3,2,2,38.0
29,27,3,3,2,3,38.0
29,69,39,3,2,2,38.0
31,39,40,3,2,2,38.0
0,70,66,4,2,2,70.0
98,53,71,4,2,2,69.0
32,71,64,3,2,2,38.0
34,90,0,3,2,2,38.0
36,48,71,3,1,2,38.0
36,94,38,3,1,3,38.0
37,92,14,3,1,3,38.0
38,34,32,3,1,2,38.0
38,94,77,3,1,2,38.0
40,66,42,3,2,3,38.0
94,72,6,4,3,2,69.0
42,2,60,3,2,2,38.0
89,51,70,4,2,2,69.0
89,29,75,4,2,2,69.0
89,10,30,4,3,2,69.0
42,25,20,3,2,2,38.0
43,27,36,3,2,3,38.0
43,42,69,3,2,2,38.0
44,15,33,3,3,2,38.0
88,72,61,4,2,2,69.0
44,68,44,3,3,1,38.0
50,64,20,3,2,1,38.0
51,64,51,3,2,1,38.0
53,56,25,3,2,3,38.0
86,19,22,4,2,3,69.0
53,74,34,3,2,2,38.0
54,8,20,3,2,2,38.0
55,24,0,3,3,3,38.0
55,82,7,3,3,3,38.0
56,2,74,3,2,3,38.0
85,51,16,4,2,2,69.0
57,76,77,3,2,2,38.0
58,27,72,3,3,2,38.0
58,36,5,3,3,2,38.0
58,61,0,3,3,3,38.0
58,69,42,3,3,2,38.0
61,62,7,3,3,2,38.0
83,39,45,4,2,2,69.0
64,87,12,3,1,3,38.0
80,20,3,4,2,2,69.0
66,8,75,3,2,2,38.0
66,47,56,3,3,2,38.0
67,4,9,3,2,3,38.0
67,19,21,3,2,2,38.0
79,67,59,4,2,2,69.0
67,69,24,3,2,3,38.0
79,54,76,4,2,3,69.0
71,37,67,3,2,2,38.0
74,33,6,3,2,3,38.0
75,1,66,3,2,2,38.0
76,75,15,3,2,3,38.0
81,24,14,3,3,3,38.0
81,29,7,3,3,2,38.0
77,39,56,4,2,2,69.0
82,71,24,3,3,2,38.0
83,15,49,3,2,2,38.0
85,32,73,3,2,2,38.0
77,20,60,4,2,2,69.0
85,86,30,3,2,2,38.0
75,49,51,4,2,2,69.0
87,60,6,3,3,2,38.0
64,8,60,4,1,2,69.0
88,70,70,3,2,2,38.0
89,23,0,3,3,2,38.0
63,40,23,4,3,3,69.0
59,15,73,4,2,2,69.0
90,41,3,3,2,2,38.0
92,85,39,3,2,2,38.0
92,98,49,3,2,3,38.0
93,28,36,3,2,3,38.0
94,15,52,3,3,2,38.0
94,25,41,3,3,2,38.0
96,70,3,3,2,3,38.0
58,45,10,4,3,2,69.0
98,83,21,3,3,2,38.0
57,78,66,4,2,3,69.0
1,14,32,3,2,4,39.0
4,70,77,3,3,2,39.0
5,48,50,3,2,3,39.0
6,61,17,3,2,3,39.0
7,22,32,3,2,2,39.0
7,96,10,3,2,3,39.0
57,24,17,4,3,3,69.0
55,38,39,4,3,1,69.0
8,31,37,3,2,2,39.0
53,45,37,4,2,3,69.0
9,46,19,3,2,3,39.0
9,77,71,3,2,2,39.0
10,25,64,3,2,2,39.0
11,37,62,3,2,2,39.0
11,60,3,3,2,3,39.0
14,13,15,3,3,2,39.0
15,84,64,3,2,3,39.0
18,8,51,3,2,2,39.0
51,93,56,4,2,2,69.0
51,89,20,4,2,3,69.0
18,32,76,3,2,2,39.0
18,43,62,3,2,3,39.0
19,8,54,3,2,3,39.0
20,38,47,3,1,1,39.0
21,74,3,3,3,2,39.0
50,81,29,4,2,3,69.0
28,82,64,3,2,3,39.0
28,99,0,3,3,2,39.0
32,21,37,3,2,3,39.0
35,36,8,3,3,2,39.0
36,60,16,3,2,3,39.0
41,42,6,3,2,2,39.0
41,61,26,3,2,3,39.0
43,14,6,3,3,3,39.0
50,61,36,4,2,3,69.0
43,31,27,3,3,2,39.0
49,68,62,4,2,1,69.0
49,25,23,4,2,2,69.0
43,53,31,3,3,2,39.0
45,98,14,3,2,3,39.0
47,72,65,4,2,2,69.0
46,47,72,3,2,2,39.0
48,33,67,3,2,4,39.0
45,28,17,4,2,3,69.0
48,68,9,3,3,1,39.0
50,48,26,3,2,3,39.0
45,12,48,4,2,1,69.0
44,66,16,4,3,3,69.0
50,49,47,3,2,2,39.0
51,49,3,3,2,2,39.0
43,29,10,4,3,2,69.0
53,73,41,3,2,3,39.0
38,66,59,4,1,3,69.0
38,11,43,4,1,2,69.0
55,94,3,3,3,3,39.0
56,17,77,3,2,2,39.0
57,60,9,3,3,2,39.0
59,72,12,3,2,2,39.0
36,20,50,4,2,1,69.0
34,27,9,4,2,3,69.0
31,60,62,4,2,3,69.0
61,64,43,3,3,1,39.0
63,18,68,3,3,2,39.0
63,84,0,3,3,3,39.0
65,89,45,3,0,3,39.0
28,41,9,4,3,2,69.0
67,41,30,3,2,2,39.0
67,99,56,3,2,2,39.0
68,43,52,3,1,3,39.0
71,15,77,3,2,2,39.0
71,44,3,3,2,3,39.0
72,31,43,3,2,2,39.0
74,98,9,3,2,3,39.0
76,24,29,3,2,3,39.0
76,44,18,3,2,4,39.0
78,5,71,3,2,2,39.0
82,5,53,3,3,2,39.0
82,26,27,3,3,1,39.0
82,72,15,3,3,2,39.0
83,91,36,3,2,3,39.0
84,17,53,3,3,2,39.0
84,55,10,3,3,3,39.0
86,3,77,3,2,2,39.0
86,44,0,3,2,3,39.0
27,11,20,4,3,2,69.0
25,88,27,4,2,3,69.0
86,59,33,3,2,3,39.0
89,2,63,3,3,2,39.0
89,76,3,3,3,3,39.0
21,66,20,4,3,3,69.0
90,6,10,3,2,2,39.0
21,22,28,4,3,1,69.0
90,12,13,3,2,1,39.0
92,95,52,3,2,2,39.0
97,72,18,3,2,2,39.0
98,63,17,3,3,3,39.0
98,78,0,3,3,3,39.0
0,28,6,3,2,3,40.0
2,5,66,3,2,3,40.0
20,14,57,4,1,4,69.0
18,66,71,4,2,3,69.0
18,60,6,4,3,3,69.0
2,11,69,3,2,2,40.0
4,36,12,3,3,2,40.0
8,19,17,3,2,3,40.0
8,48,32,3,2,3,40.0
17,63,31,4,3,3,69.0
13,68,0,4,2,2,69.0
11,30,24,3,2,3,40.0
15,8,47,3,3,2,40.0
13,65,24,4,2,2,69.0
11,54,48,4,2,2,69.0
15,35,17,3,3,3,40.0
15,95,0,3,3,2,40.0
16,57,27,3,2,3,40.0
17,59,16,3,3,3,40.0
18,10,42,3,3,2,40.0
9,92,67,4,3,2,69.0
20,32,7,3,2,3,40.0
20,51,28,3,2,2,40.0
20,52,0,3,2,3,40.0
9,70,6,4,3,3,69.0
9,52,10,4,3,3,69.0
23,1,43,3,2,3,40.0
23,81,46,3,2,3,40.0
25,11,38,3,2,2,40.0
27,41,0,3,3,2,40.0
27,56,6,3,3,3,40.0
28,5,56,3,3,2,40.0
28,48,3,3,3,3,40.0
30,69,16,3,3,3,40.0
31,76,66,3,2,3,40.0
9,51,38,4,3,2,69.0
33,90,36,3,3,2,40.0
34,95,35,3,2,2,40.0
35,15,20,3,3,3,40.0
35,67,33,3,3,2,40.0
36,0,26,3,2,2,40.0
37,26,70,3,2,2,40.0
38,28,51,3,1,3,40.0
38,29,68,3,1,2,40.0
38,81,71,3,1,3,40.0
8,34,67,4,2,3,69.0
8,12,9,4,3,1,69.0
39,27,13,3,2,3,40.0
40,0,9,3,3,2,40.0
40,10,45,3,3,2,40.0
40,84,3,3,3,3,40.0
43,69,45,3,3,2,40.0
44,60,20,3,3,3,40.0
45,19,42,3,2,3,40.0
45,30,21,3,2,3,40.0
99,32,6,4,2,4,68.0
46,8,75,3,2,3,40.0
46,64,54,3,3,1,40.0
97,63,40,4,2,3,68.0
97,50,62,4,2,2,68.0
96,51,60,4,3,2,68.0
46,93,0,3,3,3,40.0
94,62,44,4,3,2,68.0
49,98,27,3,2,3,40.0
50,0,40,3,2,2,40.0
50,2,43,3,2,3,40.0
50,12,50,3,2,2,40.0
50,20,72,3,2,2,40.0
50,27,66,3,2,3,40.0
93,22,34,4,3,1,68.0
92,15,71,4,2,3,68.0
51,27,74,3,2,3,40.0
51,90,64,3,2,2,40.0
89,66,24,4,3,3,68.0
88,57,65,4,2,3,68.0
54,70,25,3,2,2,40.0
55,60,23,3,3,3,40.0
55,84,13,3,3,3,40.0
56,84,16,3,3,3,40.0
57,69,0,3,3,3,40.0
61,0,29,3,3,2,40.0
61,11,52,3,3,2,40.0
61,44,40,3,3,3,40.0
61,86,62,3,3,2,40.0
88,4,0,4,3,3,68.0
86,42,36,4,2,2,68.0
66,29,28,3,3,2,40.0
67,96,47,3,2,2,40.0
82,62,30,4,3,2,68.0
68,82,55,3,1,4,40.0
70,75,33,3,3,2,40.0
72,16,50,3,2,2,40.0
72,50,75,3,2,2,40.0
82,58,49,4,3,3,68.0
81,47,22,4,3,3,68.0
72,81,35,3,2,3,40.0
74,92,55,3,2,2,40.0
75,0,55,3,2,2,40.0
77,18,67,3,2,3,40.0
77,58,39,3,2,3,40.0
80,58,19,3,2,3,40.0
80,74,22,3,2,2,40.0
80,95,7,3,2,2,40.0
82,94,10,3,3,3,40.0
83,73,71,3,2,2,40.0
88,39,4,3,3,2,40.0
88,91,7,3,3,3,40.0
79,69,3,4,3,3,68.0
89,30,13,3,3,3,40.0
89,95,38,3,3,2,40.0
90,74,42,3,2,2,40.0
79,2,11,4,3,3,68.0
91,59,77,3,3,2,40.0
78,19,3,4,3,3,68.0
77,70,10,4,3,3,68.0
76,50,6,4,3,3,68.0
75,59,58,4,2,3,68.0
75,7,62,4,2,3,68.0
93,98,3,3,3,3,40.0
94,23,49,3,3,2,40.0
72,39,69,4,2,2,68.0
71,16,56,4,2,2,68.0
55,56,19,4,3,3,68.0
96,19,13,3,3,3,40.0
98,27,24,3,3,3,40.0
98,54,6,3,3,2,40.0
98,62,52,3,3,2,40.0
98,74,37,3,3,2,40.0
2,54,28,3,3,2,41.0
2,56,0,3,3,3,41.0
3,99,0,3,3,3,41.0
54,37,52,4,2,3,68.0
51,80,25,4,3,2,68.0
4,14,22,3,3,3,41.0
5,73,65,3,2,2,41.0
7,31,0,3,2,3,41.0
49,87,69,4,2,3,68.0
7,94,55,3,2,3,41.0
49,65,30,4,2,2,68.0
8,3,3,3,3,3,41.0
9,18,27,3,2,3,41.0
10,20,48,3,2,2,41.0
14,80,29,3,3,2,41.0
15,28,13,3,3,3,41.0
18,0,0,3,3,2,41.0
49,10,10,4,2,3,68.0
18,9,50,3,3,2,41.0
48,16,43,4,3,2,68.0
19,10,54,3,3,2,41.0
47,58,59,4,2,3,68.0
47,34,75,4,2,2,68.0
21,37,73,3,3,2,41.0
46,9,14,4,3,3,68.0
22,97,77,3,1,3,41.0
45,94,64,4,2,3,68.0
44,39,49,4,3,2,68.0
23,69,52,3,2,3,41.0
24,6,21,3,3,2,41.0
41,56,33,4,2,3,68.0
40,60,27,4,3,3,68.0
25,5,74,3,2,2,41.0
25,35,67,3,2,3,41.0
40,38,12,4,3,2,68.0
27,5,59,3,3,2,41.0
39,95,60,4,2,2,68.0
32,33,10,4,3,3,68.0
28,15,23,3,3,3,41.0
28,54,31,3,3,2,41.0
29,4,31,3,2,3,41.0
30,57,30,3,3,3,41.0
31,13,77,3,2,2,41.0
31,70,69,3,2,3,41.0
33,17,19,3,3,3,41.0
30,47,33,4,3,3,68.0
34,64,3,3,2,2,41.0
34,88,13,3,2,3,41.0
30,45,52,4,3,2,68.0
27,94,69,4,3,3,68.0
35,65,56,3,3,1,41.0
38,49,74,3,1,3,41.0
27,30,46,4,3,3,68.0
26,87,57,4,1,3,68.0
44,0,36,3,3,2,41.0
25,94,13,4,3,3,68.0
44,13,11,3,3,2,41.0
44,57,23,3,3,3,41.0
44,65,77,3,3,1,41.0
47,65,53,3,2,2,41.0
47,71,69,3,2,3,41.0
24,96,24,4,3,3,68.0
48,37,76,3,3,2,41.0
50,76,0,3,3,3,41.0
53,13,63,3,2,2,41.0
53,25,56,3,2,3,41.0
53,86,65,3,3,2,41.0
24,28,59,4,3,3,68.0
53,93,6,3,3,3,41.0
21,11,55,4,3,2,68.0
53,99,3,3,3,3,41.0
54,21,65,3,2,3,41.0
54,32,68,3,2,3,41.0
57,73,74,3,3,2,41.0
59,8,19,3,3,3,41.0
59,41,37,3,3,2,41.0
59,68,71,3,3,1,41.0
16,59,62,4,2,3,68.0
61,6,32,3,3,2,41.0
63,98,44,3,3,3,41.0
66,71,36,3,3,2,41.0
67,33,14,3,2,3,41.0
69,20,34,3,3,2,41.0
71,23,60,3,2,2,41.0
71,54,71,3,2,2,41.0
71,85,46,3,2,2,41.0
16,42,66,4,2,3,68.0
72,64,21,3,2,2,41.0
72,99,40,3,2,3,41.0
73,49,0,3,2,2,41.0
74,61,48,3,2,3,41.0
75,55,69,3,2,3,41.0
77,3,14,3,3,3,41.0
77,9,61,3,3,2,41.0
77,16,70,3,3,2,41.0
77,37,0,3,3,3,41.0
77,41,40,3,3,2,41.0
78,10,13,3,2,4,41.0
79,82,34,3,3,3,41.0
80,13,32,3,2,2,41.0
83,35,24,3,2,3,41.0
16,0,73,4,2,4,68.0
83,84,39,3,2,3,41.0
87,33,24,3,3,3,41.0
88,51,67,3,3,2,41.0
88,82,42,3,3,3,41.0
89,6,35,3,3,2,41.0
89,62,16,3,3,2,41.0
92,41,64,3,2,2,41.0
15,71,3,4,3,3,68.0
92,80,10,3,3,2,41.0
14,91,18,4,3,3,68.0
92,99,6,3,3,3,41.0
93,17,9,3,3,3,41.0
94,34,60,3,3,2,41.0
96,79,53,3,3,2,41.0
96,80,35,3,3,2,41.0
14,33,72,4,3,3,68.0
96,82,56,3,3,3,41.0
97,32,28,3,2,3,41.0
98,15,30,3,3,3,41.0
11,8,65,4,2,3,68.0
2,30,37,3,3,3,42.0
3,79,17,3,3,3,42.0
5,2,62,3,2,3,42.0
9,47,0,4,3,3,68.0
7,43,21,3,2,3,42.0
10,18,57,3,2,3,42.0
7,54,58,4,2,3,68.0
10,36,60,3,2,2,42.0
10,91,67,3,2,3,42.0
16,76,77,3,2,3,42.0
7,19,7,4,3,3,68.0
19,59,26,3,3,3,42.0
5,91,0,4,3,3,68.0
20,58,45,3,2,3,42.0
24,12,41,3,3,1,42.0
25,40,31,3,2,3,42.0
25,57,77,3,2,3,42.0
5,34,16,4,3,2,68.0
5,11,72,4,3,2,68.0
4,80,38,4,3,2,68.0
25,80,61,3,3,2,42.0
2,12,16,4,3,1,68.0
27,87,16,3,3,3,42.0
98,89,55,4,3,3,67.0
28,20,42,3,3,2,42.0
31,16,3,3,3,3,42.0
31,75,39,3,3,2,42.0
31,81,42,3,3,3,42.0
32,81,67,3,2,4,42.0
97,28,52,4,2,4,67.0
93,84,19,4,3,3,67.0
34,5,20,3,2,3,42.0
35,51,77,3,3,2,42.0
35,99,27,3,3,3,42.0
92,71,17,4,3,3,67.0
89,94,73,4,3,3,67.0
36,71,29,3,2,3,42.0
83,75,72,4,3,2,67.0
38,62,0,3,2,2,42.0
39,94,77,3,2,3,42.0
40,62,48,3,3,2,42.0
82,43,73,4,3,3,67.0
82,20,14,4,4,2,67.0
82,7,0,4,4,3,67.0
77,87,43,4,3,3,67.0
40,68,6,3,3,2,42.0
41,16,43,3,2,3,42.0
77,12,21,4,3,1,67.0
76,45,56,4,3,2,67.0
45,24,44,3,3,3,42.0
46,2,3,3,3,3,42.0
75,28,76,4,2,3,67.0
46,88,10,3,3,3,42.0
47,83,4,3,3,3,42.0
48,34,29,3,3,2,42.0
74,93,12,4,2,3,67.0
73,74,25,4,3,2,67.0
72,58,46,4,2,4,67.0
71,11,7,4,3,3,67.0
48,46,6,3,3,3,42.0
48,60,0,3,3,3,42.0
50,82,77,3,3,3,42.0
52,94,33,3,3,3,42.0
53,67,36,3,3,2,42.0
53,80,55,3,3,2,42.0
68,32,14,4,2,3,67.0
54,36,77,3,2,2,42.0
55,1,26,3,3,3,42.0
56,0,51,3,3,2,42.0
60,41,67,3,3,2,42.0
61,5,77,3,3,2,42.0
64,5,69,3,1,3,42.0
66,28,63,3,3,3,42.0
66,72,31,3,3,3,42.0
67,0,63,3,2,2,42.0
71,12,53,3,2,1,42.0
72,21,0,3,3,3,42.0
67,34,39,4,2,2,67.0
67,29,50,4,2,2,67.0
63,37,35,4,3,3,67.0
73,23,68,3,2,2,42.0
74,8,16,3,2,3,42.0
74,85,51,3,2,2,42.0
75,32,3,3,3,3,42.0
76,69,10,3,3,3,42.0
62,38,19,4,2,2,67.0
76,73,13,3,3,3,42.0
77,68,25,3,3,2,42.0
77,96,4,3,3,3,42.0
79,50,20,3,3,3,42.0
80,43,65,3,2,3,42.0
82,1,4,3,4,3,42.0
56,55,29,4,3,3,67.0
55,75,33,4,3,3,67.0
84,11,59,3,3,2,42.0
85,50,10,3,2,3,42.0
85,98,33,3,2,3,42.0
89,3,42,3,3,3,42.0
54,64,72,4,3,1,67.0
53,64,76,4,3,1,67.0
91,29,25,3,3,2,42.0
94,66,0,3,3,4,42.0
50,60,31,4,3,3,67.0
96,39,64,3,3,2,42.0
50,32,23,4,3,3,67.0
96,48,16,3,3,3,42.0
96,85,42,3,3,2,42.0
98,7,66,3,3,3,42.0
98,72,63,3,3,3,42.0
2,66,46,3,3,3,43.0
2,91,31,3,3,3,43.0
5,0,77,3,3,2,43.0
5,49,34,3,3,2,43.0
6,89,48,3,2,3,43.0
48,87,53,4,3,3,67.0
48,63,57,4,3,3,67.0
8,2,6,3,3,3,43.0
8,44,26,3,3,3,43.0
45,13,28,4,3,2,67.0
43,88,37,4,3,3,67.0
10,3,70,3,2,3,43.0
34,46,23,4,2,3,67.0
14,37,39,3,3,3,43.0
34,44,53,4,2,3,67.0
15,54,7,3,3,3,43.0
33,24,76,4,3,3,67.0
18,80,70,3,3,2,43.0
18,85,13,3,3,2,43.0
27,70,39,4,3,3,67.0
18,97,74,3,3,2,43.0
21,58,24,3,3,3,43.0
23,48,71,3,2,3,43.0
24,37,56,3,3,3,43.0
24,53,68,3,3,3,43.0
25,97,0,3,3,3,43.0
27,63,51,4,3,3,67.0
27,23,55,3,3,2,43.0
31,7,24,3,3,2,43.0
31,67,66,3,3,2,43.0
32,12,32,3,3,1,43.0
32,26,18,3,3,2,43.0
35,39,53,3,3,2,43.0
36,72,34,3,2,3,43.0
25,92,21,4,3,3,67.0
25,78,7,4,3,3,67.0
37,17,3,3,3,3,43.0
25,14,25,4,3,3,67.0
39,7,73,3,2,3,43.0
39,97,7,3,2,3,43.0
40,90,51,3,3,2,43.0
40,93,16,3,3,3,43.0
42,59,23,3,2,3,43.0
43,17,0,3,3,3,43.0
43,76,24,3,3,3,43.0
22,23,74,4,2,2,67.0
44,42,29,3,3,2,43.0
46,57,33,3,3,3,43.0
47,29,42,3,3,2,43.0
20,33,51,4,2,3,67.0
50,85,54,3,3,2,43.0
52,25,17,3,3,3,43.0
52,99,14,3,3,3,43.0
56,20,37,3,3,2,43.0
56,68,9,3,3,2,43.0
58,65,75,3,3,2,43.0
60,21,48,3,3,3,43.0
19,79,29,4,3,3,67.0
61,74,58,3,3,2,43.0
66,39,39,3,3,3,43.0
66,84,49,3,3,3,43.0
18,65,45,4,3,2,67.0
11,61,3,4,3,3,67.0
68,21,32,3,2,3,43.0
70,64,0,3,3,2,43.0
11,25,29,4,3,3,67.0
72,66,66,3,3,3,43.0
72,73,77,3,3,2,43.0
72,84,23,3,3,3,43.0
72,95,41,3,3,2,43.0
74,34,63,3,2,2,43.0
10,34,73,4,2,3,67.0
10,22,35,4,3,2,67.0
75,20,18,3,3,2,43.0
8,15,33,4,3,3,67.0
7,61,69,4,3,3,67.0
4,60,51,4,3,3,67.0
75,71,6,3,3,2,43.0
76,11,16,3,3,3,43.0
4,32,42,4,3,3,67.0
1,41,60,4,3,2,67.0
76,53,19,3,3,3,43.0
1,0,19,4,3,2,67.0
79,0,0,3,3,3,43.0
80,79,73,3,2,3,43.0
0,54,3,4,3,3,67.0
80,91,4,3,3,3,43.0
83,20,21,3,3,2,43.0
0,51,7,4,3,3,67.0
0,35,36,4,3,3,67.0
85,89,7,3,2,3,43.0
97,88,16,4,3,3,66.0
88,36,54,3,3,2,43.0
90,15,54,3,2,3,43.0
92,30,27,3,3,3,43.0
92,57,36,3,3,3,43.0
93,3,23,3,3,3,43.0
94,11,0,3,4,3,43.0
94,63,20,3,4,3,43.0
96,86,68,3,3,2,43.0
95,63,44,4,2,4,66.0
97,8,56,3,2,4,43.0
93,42,40,4,3,2,66.0
93,25,44,4,3,3,66.0
97,16,10,3,3,3,43.0
98,49,73,3,3,2,43.0
99,52,30,3,3,3,43.0
91,12,44,4,3,1,66.0
89,50,59,4,3,3,66.0
0,20,31,3,3,2,44.0
89,38,51,4,3,2,66.0
3,58,27,3,3,3,44.0
86,90,6,4,3,2,66.0
84,69,42,4,3,3,66.0
4,48,35,3,3,3,44.0
84,26,30,4,3,1,66.0
8,25,37,3,3,3,44.0
8,85,57,3,3,2,44.0
10,17,77,3,2,4,44.0
10,38,3,3,3,2,44.0
83,19,33,4,3,3,66.0
11,6,38,3,3,2,44.0
83,5,7,4,3,3,66.0
11,87,47,3,3,3,44.0
13,42,45,3,2,2,44.0
15,10,26,3,3,3,44.0
82,87,61,4,4,3,66.0
16,46,27,3,3,3,44.0
80,62,23,4,3,2,66.0
17,26,23,3,3,1,44.0
79,47,37,4,3,3,66.0
17,54,12,3,3,3,44.0
17,82,35,3,3,4,44.0
18,40,34,3,3,3,44.0
77,51,29,4,3,3,66.0
18,62,77,3,3,2,44.0
19,67,69,3,3,2,44.0
19,80,0,3,3,3,44.0
21,92,40,3,3,3,44.0
24,79,53,3,3,3,44.0
25,2,34,3,3,3,44.0
77,49,33,4,3,3,66.0
75,62,9,4,3,3,66.0
28,32,71,3,3,3,44.0
28,64,26,3,3,2,44.0
75,30,56,4,3,3,66.0
29,25,64,3,2,3,44.0
29,54,19,3,2,3,44.0
31,6,29,3,3,2,44.0
75,23,21,4,3,3,66.0
34,85,48,3,2,3,44.0
35,13,72,3,3,2,44.0
74,83,76,4,2,4,66.0
36,32,37,3,2,3,44.0
37,76,42,3,3,3,44.0
38,40,37,3,2,3,44.0
74,49,0,4,3,3,66.0
38,46,30,3,2,3,44.0
39,18,10,3,2,3,44.0
72,3,45,4,3,3,66.0
71,51,11,4,3,3,66.0
40,47,54,3,3,3,44.0
70,66,75,4,3,3,66.0
70,32,14,4,3,4,66.0
41,48,70,3,2,4,44.0
68,11,19,4,2,3,66.0
44,61,65,3,3,3,44.0
67,93,72,4,2,3,66.0
45,36,41,3,3,2,44.0
46,38,40,3,3,2,44.0
48,28,66,3,3,3,44.0
48,71,38,3,3,3,44.0
67,87,0,4,3,3,66.0
67,1,7,4,3,3,66.0
48,85,61,3,3,2,44.0
49,42,12,3,3,2,44.0
49,47,7,3,3,3,44.0
50,91,13,3,3,3,44.0
53,4,15,3,3,3,44.0
53,8,0,3,3,3,44.0
53,55,43,3,3,3,44.0
53,90,58,3,3,2,44.0
66,49,15,4,4,3,66.0
66,16,6,4,4,3,66.0
64,93,29,4,2,3,66.0
60,77,55,4,3,3,66.0
53,96,28,3,3,3,44.0
56,44,60,3,3,3,44.0
59,20,75,4,3,2,66.0
57,38,43,3,3,2,44.0
56,33,12,4,3,4,66.0
54,75,25,4,3,3,66.0
53,68,39,4,3,2,66.0
58,21,68,3,3,3,44.0
53,6,51,4,3,2,66.0
59,22,40,3,3,2,44.0
53,3,31,4,3,3,66.0
52,44,68,4,3,3,66.0
52,14,63,4,3,3,66.0
59,56,54,3,3,3,44.0
61,75,73,3,3,3,44.0
67,36,57,3,3,2,44.0
67,83,11,3,3,3,44.0
69,46,37,3,3,3,44.0
49,45,19,4,3,3,66.0
49,21,51,4,3,3,66.0
72,88,20,3,3,3,44.0
75,39,0,3,3,3,44.0
76,20,27,3,3,3,44.0
77,46,47,3,3,3,44.0
77,65,50,3,3,2,44.0
77,83,37,3,3,3,44.0
48,39,12,4,3,3,66.0
47,4,46,4,3,3,66.0
46,73,50,4,3,3,66.0
44,91,72,4,3,4,66.0
79,6,41,3,3,2,44.0
79,13,48,3,3,2,44.0
79,66,23,3,3,4,44.0
41,68,76,4,2,2,66.0
41,19,45,4,3,3,66.0
80,65,38,3,3,2,44.0
80,89,10,3,3,3,44.0
81,44,57,3,3,3,44.0
82,78,11,3,4,3,44.0
40,22,57,4,3,2,66.0
40,11,41,4,3,3,66.0
83,56,40,3,3,3,44.0
40,9,75,4,3,3,66.0
83,76,30,3,3,3,44.0
89,45,66,3,3,3,44.0
38,20,55,4,2,2,66.0
38,1,33,4,2,3,66.0
89,86,69,3,3,3,44.0
35,19,59,4,3,3,66.0
92,11,33,3,3,3,44.0
92,54,0,3,3,3,44.0
33,75,27,4,3,4,66.0
93,21,76,3,3,3,44.0
93,31,48,3,3,3,44.0
31,36,6,4,3,3,66.0
28,83,0,4,4,3,66.0
93,34,26,3,3,3,44.0
93,47,51,3,3,3,44.0
94,10,6,3,4,3,44.0
28,50,16,4,4,3,66.0
95,13,66,3,2,2,44.0
96,16,19,3,3,3,44.0
96,66,31,3,3,4,44.0
27,36,32,4,3,3,66.0
96,84,46,3,3,3,44.0
97,67,4,3,3,3,44.0
22,17,43,4,2,3,66.0
0,36,63,3,3,2,45.0
21,69,59,4,3,3,66.0
4,11,55,3,3,3,45.0
4,97,58,3,3,3,45.0
6,62,0,3,2,3,45.0
19,12,49,4,3,3,66.0
16,93,54,4,3,3,66.0
16,49,23,4,3,3,66.0
8,80,13,3,3,3,45.0
10,8,22,3,3,3,45.0
10,46,43,3,3,3,45.0
15,70,43,3,3,3,45.0
16,19,13,4,3,4,66.0
11,17,50,4,3,3,66.0
19,87,63,3,3,4,45.0
8,65,41,4,3,2,66.0
7,89,11,4,3,4,66.0
21,8,6,3,3,4,45.0
23,12,25,3,3,1,45.0
23,97,13,3,3,3,45.0
7,80,16,4,3,3,66.0
24,33,71,3,3,4,45.0
27,22,62,3,3,2,45.0
7,72,26,4,3,3,66.0
28,8,29,3,4,3,45.0
28,11,11,3,4,3,45.0
6,94,44,4,2,4,66.0
6,18,64,4,2,4,66.0
30,91,63,3,3,3,45.0
31,32,74,3,3,3,45.0
35,47,30,3,3,3,45.0
36,92,66,3,2,3,45.0
43,44,3,3,3,4,45.0
44,38,6,3,4,2,45.0
99,68,43,4,3,2,65.0
98,84,69,4,3,3,65.0
44,51,0,3,4,3,45.0
46,65,62,3,3,3,45.0
98,55,76,4,3,3,65.0
98,39,3,4,4,3,65.0
96,37,38,4,3,4,65.0
46,78,57,3,3,3,45.0
51,7,43,3,3,2,45.0
96,9,49,4,3,3,65.0
94,4,61,4,4,3,65.0
51,97,20,3,3,3,45.0
52,20,7,3,3,3,45.0
52,75,37,3,3,3,45.0
93,87,65,4,3,3,65.0
53,11,23,3,3,3,45.0
53,65,9,3,3,3,45.0
54,40,62,3,3,3,45.0
57,22,47,3,3,2,45.0
58,99,30,3,3,4,45.0
60,4,70,3,3,3,45.0
60,62,35,3,3,3,45.0
61,51,55,3,3,3,45.0
93,50,27,4,4,3,65.0
66,23,3,3,4,3,45.0
67,89,77,3,3,3,45.0
92,51,46,4,3,3,65.0
68,27,28,3,2,4,45.0
68,35,63,3,2,3,45.0
70,25,50,3,3,3,45.0
90,34,67,4,2,4,65.0
72,19,3,3,3,4,45.0
72,63,71,3,3,3,45.0
74,44,9,3,3,4,45.0
75,72,49,3,3,3,45.0
76,35,33,3,3,4,45.0
76,79,45,3,3,3,45.0
77,63,65,3,3,3,45.0
79,72,56,3,3,3,45.0
80,40,65,3,3,3,45.0
89,97,23,4,4,3,65.0
82,76,38,3,4,3,45.0
83,22,50,3,3,2,45.0
83,59,43,3,3,3,45.0
83,79,26,3,3,3,45.0
86,94,10,4,3,4,65.0
85,67,64,4,2,3,65.0
85,42,76,4,2,3,65.0
83,30,66,4,3,3,65.0
84,71,26,3,3,3,45.0
85,75,29,3,3,3,45.0
82,9,18,4,4,3,65.0
89,25,40,3,4,3,45.0
79,41,59,4,3,3,65.0
79,16,63,4,3,3,65.0
90,59,61,3,2,4,45.0
91,75,40,3,3,3,45.0
77,33,74,4,3,4,65.0
91,78,28,3,3,3,45.0
92,5,30,3,3,3,45.0
76,72,52,4,3,3,65.0
96,69,77,3,3,3,45.0
75,90,76,4,3,2,65.0
96,99,9,3,4,3,45.0
97,95,48,3,3,2,45.0
98,66,10,3,4,4,45.0
0,43,41,3,3,3,46.0
75,57,52,4,3,3,65.0
2,6,20,3,3,3,46.0
2,24,23,3,3,4,46.0
75,47,60,4,3,3,65.0
74,39,16,4,3,3,65.0
72,13,6,4,3,3,65.0
2,84,56,3,3,3,46.0
3,78,20,3,3,3,46.0
3,97,35,3,3,3,46.0
4,95,74,3,3,2,46.0
71,32,46,4,3,3,65.0
5,1,11,3,3,3,46.0
9,30,71,3,3,3,46.0
10,77,0,3,3,4,46.0
11,2,59,3,3,3,46.0
12,45,56,3,1,3,46.0
14,6,54,3,3,3,46.0
21,26,12,3,3,2,46.0
21,86,15,3,3,3,46.0
23,73,0,3,3,3,46.0
24,54,15,3,4,3,46.0
71,9,32,4,3,3,65.0
27,7,43,3,3,3,46.0
28,19,6,3,4,4,46.0
28,49,37,3,4,3,46.0
28,78,23,3,4,3,46.0
31,15,51,3,3,3,46.0
32,2,77,3,3,3,46.0
32,6,73,3,4,2,46.0
33,23,43,3,3,3,46.0
69,7,46,4,3,3,65.0
34,63,77,3,3,3,46.0
67,92,50,4,3,3,65.0
35,33,58,3,4,3,46.0
67,74,20,4,3,3,65.0
35,62,40,3,3,3,46.0
35,79,67,3,4,3,46.0
35,91,10,3,4,3,46.0
67,52,24,4,3,3,65.0
66,94,26,4,4,4,65.0
36,11,74,3,2,3,46.0
66,77,19,4,4,4,65.0
37,72,10,3,3,3,46.0
38,86,71,3,2,2,46.0
41,8,49,3,3,3,46.0
43,16,48,3,3,3,46.0
43,18,55,3,3,4,46.0
65,91,48,4,3,3,65.0
65,13,38,4,3,2,65.0
43,50,68,3,3,3,46.0
44,19,21,3,4,4,46.0
44,62,27,3,4,2,46.0
46,75,65,3,3,3,46.0
46,89,68,3,3,4,46.0
63,70,27,4,3,3,65.0
58,72,53,4,3,4,65.0
50,19,35,3,3,4,46.0
55,80,46,4,3,3,65.0
50,71,41,3,3,3,46.0
54,19,29,4,3,4,65.0
52,36,20,3,3,3,46.0
52,68,47,3,3,2,46.0
53,15,61,3,3,3,46.0
53,16,71,3,3,3,46.0
53,27,12,3,3,4,46.0
53,46,46,3,3,4,46.0
53,79,70,3,4,3,46.0
54,26,22,3,3,2,46.0
53,78,31,4,4,3,65.0
58,32,36,3,3,4,46.0
63,86,74,3,3,3,46.0
67,7,30,3,3,3,46.0
67,70,36,3,3,3,46.0
70,18,18,3,3,3,46.0
70,67,54,3,3,3,46.0
48,49,27,4,4,3,65.0
46,19,76,4,3,4,65.0
45,59,47,4,3,3,65.0
72,40,13,3,3,4,46.0
72,98,16,3,3,4,46.0
75,29,45,3,3,2,46.0
75,36,68,3,3,3,46.0
76,4,48,3,3,4,46.0
76,32,60,3,3,4,46.0
76,74,63,3,3,3,46.0
76,94,69,3,3,4,46.0
44,6,12,4,4,3,65.0
77,94,3,3,4,4,46.0
77,95,7,3,3,3,46.0
78,44,35,3,3,4,46.0
79,4,76,3,3,4,46.0
79,58,0,3,4,4,46.0
79,68,35,3,4,2,46.0
80,6,7,3,3,3,46.0
80,33,20,3,3,4,46.0
80,64,33,3,3,2,46.0
80,70,57,3,3,3,46.0
82,38,23,3,4,2,46.0
42,99,15,4,2,4,65.0
38,73,46,4,2,3,65.0
82,69,7,3,4,3,46.0
83,1,46,3,3,3,46.0
83,38,16,3,3,2,46.0
83,47,53,3,3,4,46.0
84,35,36,3,3,4,46.0
84,86,77,3,3,3,46.0
34,48,0,4,3,4,65.0
88,61,23,3,3,4,46.0
89,1,29,3,4,3,46.0
92,18,3,3,3,3,46.0
31,29,34,4,3,2,65.0
30,24,0,4,4,4,65.0
93,65,69,3,3,3,46.0
94,97,32,3,4,3,46.0
28,39,32,4,4,3,65.0
27,26,0,4,4,2,65.0
96,67,14,3,4,3,46.0
97,62,43,3,3,3,46.0
97,87,40,3,3,3,46.0
26,18,30,4,2,3,65.0
98,58,7,3,4,4,46.0
0,97,51,3,3,3,47.0
2,77,40,3,3,4,47.0
4,13,4,3,3,2,47.0
5,55,50,3,3,3,47.0
25,39,67,4,3,3,65.0
5,60,38,3,3,3,47.0
5,67,41,3,3,3,47.0
8,56,69,3,3,3,47.0
22,25,53,4,2,4,65.0
10,12,14,3,3,2,47.0
10,35,17,3,3,4,47.0
19,70,60,4,4,3,65.0
15,47,64,4,3,3,65.0
10,43,58,3,3,3,47.0
10,60,73,3,3,3,47.0
10,80,29,3,3,3,47.0
11,68,66,3,3,2,47.0
14,63,67,4,3,4,65.0
12,5,35,3,1,4,47.0
15,63,10,3,3,4,47.0
9,31,54,4,3,3,65.0
8,90,45,4,3,3,65.0
7,58,20,4,3,4,65.0
15,68,57,3,3,2,47.0
18,45,24,3,3,3,47.0
18,56,63,3,3,3,47.0
5,69,55,4,3,3,65.0
20,0,64,3,2,4,47.0
20,99,17,3,3,3,47.0
5,50,44,4,3,3,65.0
24,31,18,3,4,3,47.0
25,3,53,3,3,3,47.0
25,30,74,3,3,3,47.0
25,70,71,3,3,4,47.0
28,66,40,3,4,4,47.0
31,58,14,3,3,4,47.0
34,4,4,3,3,4,47.0
4,45,65,4,3,4,65.0
34,19,9,3,3,4,47.0
34,32,18,3,3,4,47.0
36,5,23,3,3,3,47.0
39,86,20,3,3,3,47.0
1,88,49,4,3,3,65.0
40,13,68,3,3,3,47.0
1,70,64,4,3,3,65.0
40,20,0,3,4,3,47.0
40,55,16,3,4,3,47.0
1,2,68,4,3,3,65.0
40,73,3,3,4,3,47.0
43,21,77,3,3,4,47.0
43,63,0,3,4,4,47.0
45,79,3,3,3,4,47.0
46,40,71,3,3,4,47.0
46,74,4,3,4,3,47.0
50,83,63,3,3,3,47.0
0,74,12,4,3,3,65.0
51,14,76,3,3,3,47.0
53,12,38,3,4,1,47.0
53,26,0,3,4,1,47.0
53,50,3,3,4,3,47.0
53,71,21,3,4,3,47.0
53,81,49,3,4,3,47.0
0,63,16,4,3,4,65.0
56,70,72,3,3,3,47.0
57,26,39,3,3,2,47.0
58,38,26,3,4,2,47.0
59,88,29,3,3,4,47.0
60,1,76,3,3,3,47.0
98,11,62,4,4,3,64.0
61,65,0,3,4,3,47.0
63,49,4,3,4,3,47.0
67,58,17,3,3,4,47.0
72,79,38,3,3,4,47.0
74,45,51,3,3,3,47.0
74,59,66,3,3,3,47.0
77,14,6,3,4,4,47.0
79,63,7,3,4,4,47.0
80,5,60,3,3,3,47.0
81,54,38,3,3,3,47.0
81,91,52,3,3,3,47.0
82,89,32,3,4,4,47.0
97,49,61,4,3,3,64.0
82,91,58,3,4,3,47.0
83,51,60,3,3,3,47.0
97,37,65,4,3,3,64.0
85,2,51,3,3,3,47.0
85,73,6,3,3,3,47.0
86,45,0,3,3,3,47.0
86,84,3,3,3,4,47.0
88,96,31,3,3,4,47.0
94,45,14,4,4,3,64.0
89,0,20,3,4,3,47.0
92,53,43,3,3,4,47.0
94,29,54,4,4,2,64.0
93,18,53,4,4,3,64.0
92,64,54,4,3,2,64.0
93,14,0,3,4,4,47.0
96,6,0,3,4,3,47.0
96,90,71,3,4,2,47.0
97,2,54,3,3,4,47.0
97,24,69,3,3,4,47.0
98,44,24,3,4,4,47.0
83,78,38,4,4,3,64.0
4,8,60,3,4,3,48.0
5,53,26,3,3,4,48.0
6,88,34,3,3,3,48.0
7,45,52,3,2,4,48.0
81,67,44,4,4,3,64.0
9,16,58,3,3,3,48.0
9,91,26,3,3,4,48.0
10,29,61,3,3,2,48.0
81,66,34,4,4,4,64.0
14,17,38,3,4,3,48.0
78,72,42,4,3,4,64.0
15,64,37,3,3,2,48.0
78,35,46,4,3,4,64.0
20,43,3,3,3,4,48.0
78,3,60,4,3,3,64.0
20,56,66,3,3,3,48.0
26,24,9,3,2,4,48.0
77,78,50,4,4,3,64.0
77,6,23,4,4,3,64.0
26,54,34,3,2,3,48.0
27,67,77,3,3,4,48.0
27,98,19,3,4,4,48.0
28,59,20,3,4,4,48.0
29,37,22,3,2,4,48.0
76,9,72,4,3,4,64.0
31,25,77,3,3,3,48.0
31,53,58,3,3,4,48.0
32,43,10,3,4,4,48.0
75,46,0,4,4,4,64.0
75,6,16,4,4,3,64.0
33,64,6,3,4,2,48.0
34,26,15,3,3,2,48.0
34,72,59,3,3,3,48.0
74,13,24,4,3,3,64.0
35,14,13,3,4,4,48.0
35,37,6,3,4,3,48.0
38,5,63,3,2,3,48.0
38,31,9,3,2,4,48.0
39,96,23,3,3,4,48.0
43,2,65,3,4,3,48.0
74,12,33,4,3,2,64.0
44,11,69,3,4,3,48.0
72,67,60,4,4,3,64.0
72,15,75,4,4,3,64.0
44,14,41,3,4,4,48.0
46,14,9,3,4,4,48.0
72,10,46,4,4,3,64.0
65,30,4,4,3,4,64.0
46,18,60,3,4,3,48.0
64,23,9,4,2,3,64.0
61,24,4,4,4,4,64.0
47,55,57,3,3,3,48.0
48,54,47,3,3,3,48.0
48,90,4,3,4,3,48.0
50,39,48,3,3,3,48.0
59,64,13,4,4,2,64.0
51,59,51,3,3,3,48.0
51,62,3,3,3,3,48.0
53,18,6,3,4,4,48.0
54,69,41,3,3,4,48.0
56,64,75,3,3,2,48.0
57,7,56,3,3,3,48.0
60,89,59,3,3,4,48.0
61,47,10,3,4,3,48.0
61,78,14,3,4,3,48.0
62,61,17,3,3,4,48.0
66,35,43,3,4,4,48.0
66,76,46,3,4,4,48.0
58,57,59,4,4,3,64.0
67,43,33,3,3,4,48.0
67,94,72,3,3,4,48.0
68,4,51,3,2,4,48.0
71,50,51,3,3,3,48.0
71,96,54,3,3,4,48.0
72,25,74,3,3,4,48.0
58,46,29,4,4,4,64.0
74,22,69,3,3,2,48.0
76,23,6,3,4,3,48.0
77,73,9,3,4,3,48.0
78,30,54,3,3,4,48.0
79,61,20,3,4,4,48.0
80,25,41,3,3,4,48.0
82,27,41,3,4,4,48.0
82,45,69,3,4,3,48.0
83,45,6,3,4,3,48.0
56,40,6,4,4,4,64.0
83,55,53,3,4,3,48.0
84,15,73,3,3,4,48.0
86,25,23,3,3,4,48.0
88,15,45,3,3,4,48.0
55,49,65,4,3,3,64.0
90,23,16,3,3,3,48.0
54,91,50,4,3,4,64.0
53,57,12,4,4,3,64.0
91,8,74,3,3,4,48.0
52,78,72,4,3,3,64.0
92,67,69,3,3,3,48.0
93,5,4,3,4,3,48.0
50,66,49,4,4,4,64.0
50,7,33,4,4,3,64.0
93,33,9,3,4,4,48.0
94,2,23,3,4,4,48.0
96,30,17,3,4,4,48.0
97,81,72,3,3,4,48.0
97,91,55,3,4,3,48.0
98,52,40,3,4,3,48.0
0,33,23,3,3,4,49.0
4,27,7,3,4,4,49.0
4,64,17,3,4,2,49.0
5,10,32,3,4,3,49.0
5,64,40,3,4,2,49.0
6,23,28,3,3,3,49.0
6,30,31,3,3,4,49.0
49,5,43,4,3,4,64.0
7,70,4,3,3,4,49.0
8,0,26,3,4,3,49.0
8,76,72,3,3,4,49.0
44,99,72,4,4,3,64.0
8,82,29,3,4,4,49.0
40,7,37,4,4,3,64.0
34,78,21,4,3,4,64.0
9,12,42,3,3,2,49.0
10,99,66,3,3,3,49.0
12,55,60,3,2,3,49.0
15,20,40,3,3,3,49.0
15,58,68,3,3,4,49.0
16,45,74,3,3,3,49.0
18,2,0,3,4,4,49.0
18,61,26,3,4,4,49.0
21,20,10,3,4,3,49.0
22,37,13,3,3,3,49.0
23,44,31,3,3,4,49.0
25,99,47,3,4,3,49.0
33,38,59,4,4,2,64.0
26,80,50,3,2,3,49.0
31,11,21,3,3,4,49.0
31,38,45,3,3,3,49.0
31,44,61,3,3,4,49.0
31,48,12,3,4,4,49.0
31,69,70,3,3,3,49.0
31,86,30,3,4,3,49.0
31,94,35,4,4,4,64.0
31,91,0,4,4,4,64.0
33,37,45,3,4,3,49.0
36,75,10,3,3,4,49.0
31,65,15,4,4,3,64.0
40,46,19,3,4,4,49.0
41,0,54,3,3,3,49.0
41,22,0,3,3,3,49.0
43,66,53,3,4,4,49.0
46,60,12,3,4,4,49.0
47,32,26,3,3,4,49.0
47,62,13,3,3,3,49.0
47,63,71,3,3,4,49.0
26,93,42,4,2,4,64.0
25,75,4,4,4,4,64.0
47,79,16,3,3,4,49.0
48,12,7,3,4,2,49.0
48,13,15,3,4,3,49.0
24,80,53,4,4,3,64.0
20,18,13,4,3,4,64.0
48,82,44,3,4,4,49.0
19,71,64,4,4,3,64.0
49,58,40,3,3,4,49.0
49,89,47,3,3,4,49.0
55,8,0,3,4,4,49.0
55,30,72,3,3,4,49.0
55,31,4,3,4,4,49.0
57,96,3,3,4,4,49.0
16,37,30,4,3,4,64.0
58,12,3,3,4,2,49.0
59,74,28,3,4,3,49.0
61,39,29,3,4,3,49.0
61,88,57,3,4,3,49.0
62,71,57,3,3,3,49.0
67,55,7,3,4,4,49.0
69,80,73,3,3,3,49.0
70,55,21,3,3,4,49.0
71,35,0,3,3,4,49.0
76,13,0,3,4,3,49.0
76,21,3,3,4,4,49.0
77,47,68,3,4,3,49.0
77,79,12,3,4,4,49.0
16,30,34,4,3,4,64.0
79,71,60,3,4,3,49.0
81,35,21,3,4,4,49.0
15,38,66,4,4,2,64.0
83,32,0,3,4,4,49.0
14,74,44,4,4,3,64.0
84,80,68,3,4,3,49.0
89,9,0,3,4,4,49.0
91,88,60,3,4,3,49.0
93,68,60,3,4,2,49.0
96,25,20,3,4,4,49.0
13,95,10,4,3,3,64.0
96,47,74,3,4,3,49.0
96,61,34,3,4,4,49.0
13,45,59,4,3,3,64.0
96,76,26,3,4,4,49.0
11,39,7,4,4,3,64.0
10,4,39,4,3,4,64.0
97,25,0,3,4,4,49.0
9,99,45,4,3,4,64.0
0,72,57,3,3,4,50.0
2,1,37,3,4,3,50.0
9,64,43,4,4,2,64.0
2,41,3,3,4,3,50.0
5,12,0,3,4,2,50.0
7,46,50,3,3,4,50.0
7,92,59,3,3,3,50.0
8,6,3,3,4,3,50.0
8,97,9,3,4,4,50.0
9,2,29,3,3,4,50.0
9,21,61,3,3,4,50.0
9,50,3,4,4,4,64.0
9,59,7,3,4,4,50.0
10,26,53,3,3,2,50.0
9,10,76,4,4,3,64.0
8,1,12,4,4,4,64.0
7,12,76,4,3,2,64.0
5,56,10,4,4,4,64.0
13,74,37,3,3,3,50.0
4,69,63,4,4,3,64.0
4,68,69,4,4,2,64.0
15,42,26,3,4,2,50.0
3,94,49,4,3,4,64.0
16,2,40,3,3,4,50.0
18,58,10,3,4,4,50.0
19,46,24,3,4,4,50.0
2,20,32,4,4,3,64.0
20,54,44,3,3,3,50.0
21,72,0,3,4,4,50.0
23,26,46,3,3,2,50.0
23,64,49,3,3,2,50.0
25,33,16,3,4,4,50.0
25,37,59,3,4,3,50.0
26,47,77,3,2,3,50.0
27,1,23,3,4,3,50.0
28,55,26,3,4,4,50.0
30,84,8,3,4,4,50.0
30,94,39,3,4,4,50.0
31,73,19,3,4,3,50.0
33,97,3,3,4,4,50.0
34,11,12,3,3,4,50.0
34,52,53,3,3,3,50.0
0,78,44,4,3,4,64.0
0,15,0,4,4,4,64.0
40,50,74,3,4,3,50.0
97,99,19,4,4,4,63.0
41,99,69,3,3,3,50.0
42,18,32,3,2,4,50.0
96,65,42,4,4,3,63.0
43,70,24,3,4,3,50.0
94,60,65,4,4,4,63.0
43,92,62,3,4,3,50.0
44,47,38,3,4,4,50.0
44,79,44,3,4,4,50.0
91,5,4,4,4,4,63.0
90,1,53,4,3,3,63.0
46,72,15,3,4,4,50.0
88,94,75,4,4,4,63.0
47,2,6,3,4,4,50.0
88,63,63,4,3,4,63.0
48,4,20,3,4,4,50.0
86,71,33,4,3,4,63.0
48,59,23,3,4,4,50.0
48,92,73,3,4,3,50.0
50,1,38,3,3,4,50.0
85,81,0,4,3,4,63.0
51,58,33,3,3,4,50.0
51,69,15,3,3,4,50.0
84,13,18,4,4,3,63.0
52,2,57,3,3,4,50.0
52,58,76,3,3,4,50.0
53,20,52,3,4,3,50.0
53,92,76,3,4,3,50.0
77,88,71,4,4,3,63.0
54,5,54,3,3,4,50.0
54,13,65,3,3,3,50.0
54,31,68,3,3,4,50.0
55,14,16,3,4,4,50.0
55,50,10,3,4,4,50.0
56,50,0,3,4,4,50.0
56,85,3,3,3,4,50.0
56,88,3,3,4,4,50.0
76,88,9,4,4,4,63.0
57,39,71,3,3,3,50.0
75,58,36,4,4,4,63.0
63,81,13,3,4,4,50.0
67,81,4,3,4,4,50.0
70,72,7,3,4,4,50.0
72,4,10,3,4,4,50.0
72,20,20,4,4,3,63.0
72,54,3,3,4,4,50.0
75,41,13,3,4,3,50.0
67,59,0,4,4,4,63.0
67,35,24,4,4,4,63.0
77,53,16,3,4,4,50.0
77,57,27,3,4,4,50.0
77,93,31,3,4,4,50.0
78,79,76,3,3,4,50.0
78,86,37,3,4,3,50.0
84,49,55,3,4,3,50.0
84,68,73,3,4,2,50.0
84,78,0,3,4,4,50.0
85,36,13,3,3,3,50.0
88,84,13,3,4,4,50.0
90,38,74,3,3,2,50.0
64,95,58,4,2,3,63.0
62,64,62,4,3,2,63.0
90,91,8,3,3,4,50.0
91,20,36,3,4,3,50.0
61,42,48,4,4,2,63.0
93,88,16,3,4,4,50.0
96,13,46,3,4,3,50.0
60,69,0,4,4,4,63.0
57,80,76,4,4,3,63.0
56,13,28,4,4,3,63.0
96,55,37,3,4,4,50.0
55,59,31,4,4,4,63.0
97,46,33,3,4,4,50.0
97,93,12,3,4,4,50.0
98,0,48,3,4,3,50.0
55,51,63,4,4,3,63.0
98,9,13,3,4,4,50.0
98,20,55,3,4,3,50.0
4,17,54,4,4,3,51.0
4,39,43,4,4,3,51.0
5,38,14,4,4,3,51.0
6,27,37,4,3,4,51.0
6,81,48,4,3,4,51.0
54,65,19,4,4,3,63.0
54,58,50,4,4,4,63.0
8,41,16,4,4,3,51.0
8,60,20,4,4,4,51.0
10,15,4,4,4,4,51.0
11,77,34,4,4,4,51.0
14,2,19,4,4,4,51.0
17,6,41,4,4,3,51.0
54,39,54,4,4,3,63.0
19,86,40,4,4,3,51.0
20,60,47,4,3,4,51.0
21,39,6,4,4,4,51.0
26,11,25,4,2,4,51.0
54,29,6,4,4,3,63.0
51,21,36,4,3,4,63.0
30,34,42,4,4,3,51.0
30,75,20,4,4,4,51.0
31,9,22,4,4,4,51.0
34,50,29,4,3,4,51.0
51,10,69,4,3,3,63.0
50,84,22,4,4,4,63.0
47,24,26,4,4,4,63.0
46,95,36,4,4,3,63.0
34,70,33,4,3,4,51.0
46,80,40,4,4,4,63.0
43,95,14,4,4,3,63.0
35,7,28,4,4,4,51.0
41,53,63,4,3,4,63.0
41,20,72,4,3,3,63.0
35,20,61,4,4,3,51.0
40,81,24,4,4,4,63.0
40,39,58,4,4,3,63.0
36,52,0,4,3,4,51.0
41,25,8,4,3,4,51.0
41,54,23,4,3,4,51.0
43,58,71,4,4,4,51.0
44,1,47,4,4,4,51.0
44,12,53,4,4,2,51.0
45,87,9,4,3,4,51.0
46,37,69,4,4,3,51.0
48,57,31,4,4,4,51.0
35,45,39,4,4,4,63.0
48,81,38,4,4,4,51.0
50,74,40,4,4,3,51.0
34,56,37,4,3,4,63.0
54,14,27,4,4,4,51.0
54,16,67,4,4,3,51.0
54,20,76,4,4,3,51.0
54,59,35,4,4,4,51.0
54,62,31,4,4,3,51.0
55,90,40,4,4,3,51.0
56,96,49,4,4,4,51.0
34,47,46,4,3,4,63.0
57,14,23,4,4,4,51.0
57,34,62,4,4,3,51.0
32,72,29,4,4,4,63.0
32,48,63,4,4,4,63.0
32,37,76,4,4,3,63.0
58,2,63,4,4,4,51.0
59,87,73,4,4,3,51.0
61,76,37,4,4,4,51.0
61,91,41,4,4,4,51.0
67,51,10,4,4,4,51.0
68,20,0,4,3,4,51.0
71,34,72,4,3,4,51.0
32,11,39,4,4,4,63.0
71,42,76,4,3,4,51.0
71,65,23,4,4,3,51.0
72,87,24,4,4,4,51.0
31,45,26,4,4,4,63.0
74,26,56,4,3,2,51.0
74,35,72,4,3,4,51.0
74,38,76,4,3,3,51.0
26,9,60,4,2,4,63.0
74,62,20,4,4,3,51.0
74,73,29,4,4,3,51.0
19,18,17,4,4,4,63.0
17,22,3,4,4,3,63.0
74,90,0,4,4,3,51.0
16,88,19,4,4,4,63.0
15,21,13,4,4,4,63.0
75,3,56,4,4,3,51.0
75,85,32,4,4,3,51.0
76,71,13,4,4,4,51.0
77,1,43,4,4,4,51.0
15,7,8,4,4,4,63.0
13,64,71,4,3,2,63.0
78,84,26,4,4,4,51.0
80,73,33,4,4,3,51.0
80,85,9,4,4,3,51.0
12,6,63,4,2,3,63.0
9,45,16,4,4,4,63.0
81,78,7,4,4,4,51.0
83,82,47,4,4,4,51.0
85,19,44,4,3,4,51.0
85,33,36,4,3,4,51.0
85,34,16,4,3,4,51.0
87,54,13,4,4,4,51.0
89,57,6,4,4,4,51.0
93,64,66,4,4,2,51.0
97,41,27,4,4,3,51.0
98,42,27,4,4,3,51.0
1,30,24,4,4,4,52.0
3,7,73,4,3,4,52.0
8,63,32,4,4,4,63.0
7,65,32,4,4,3,63.0
6,42,57,4,3,3,52.0
6,77,75,4,3,4,52.0
4,22,23,4,4,3,63.0
2,38,9,4,4,3,63.0
6,93,70,4,3,4,52.0
7,11,0,4,4,4,52.0
1,92,72,4,3,4,63.0
0,13,66,4,3,4,63.0
8,26,36,4,4,3,52.0
98,87,31,4,4,4,62.0
8,62,46,4,4,3,52.0
98,50,44,4,4,4,62.0
10,90,19,4,4,3,52.0
11,7,15,4,4,4,52.0
97,56,15,4,4,4,62.0
13,29,32,4,3,3,52.0
13,78,40,4,3,4,52.0
14,93,74,4,4,4,52.0
97,1,51,4,4,4,62.0
15,60,29,4,4,4,52.0
96,42,63,4,4,2,62.0
16,3,0,4,4,4,52.0
16,67,14,4,4,4,52.0
16,72,33,4,4,4,52.0
18,11,43,4,4,4,52.0
18,79,47,4,4,4,52.0
95,36,26,4,3,3,62.0
24,18,35,4,4,4,52.0
25,27,31,4,4,4,52.0
29,71,0,4,3,4,52.0
30,43,46,4,4,4,52.0
93,23,34,4,4,3,62.0
92,49,0,4,4,4,62.0
92,28,43,4,4,4,62.0
31,3,39,4,4,4,52.0
92,23,38,4,4,3,62.0
31,95,43,4,4,3,52.0
39,64,62,4,3,3,52.0
39,76,75,4,3,4,52.0
41,39,31,4,3,4,52.0
45,90,11,4,4,3,52.0
47,10,0,4,4,4,52.0
47,67,18,4,4,4,52.0
47,88,32,4,4,4,52.0
48,42,52,4,4,2,52.0
48,62,76,4,4,3,52.0
89,12,71,4,4,2,62.0
85,76,20,4,3,4,62.0
51,30,50,4,4,4,52.0
80,88,23,4,4,4,62.0
78,93,48,4,4,4,62.0
78,11,30,4,4,4,62.0
56,59,41,4,4,4,52.0
61,49,69,4,4,3,52.0
77,71,54,4,4,4,62.0
61,87,52,4,4,4,52.0
67,48,47,4,4,4,52.0
68,8,40,4,3,4,52.0
71,81,28,4,4,4,52.0
74,88,36,4,4,4,52.0
77,45,58,4,4,4,62.0
76,41,41,4,4,3,52.0
77,25,62,4,4,4,52.0
78,51,3,4,4,4,52.0
79,20,23,4,4,4,52.0
80,45,0,4,4,4,52.0
81,41,76,4,4,3,52.0
83,7,19,4,4,4,52.0
84,52,30,4,4,4,52.0
84,72,37,4,4,4,52.0
85,6,24,4,3,4,52.0
86,50,53,4,3,4,52.0
89,60,15,4,4,4,52.0
89,87,35,4,4,4,52.0
90,7,23,4,3,4,52.0
90,18,58,4,3,4,52.0
76,80,29,4,4,4,62.0
92,16,4,4,4,4,52.0
92,50,13,4,4,4,52.0
74,40,41,4,4,4,62.0
97,26,73,4,4,2,52.0
98,26,51,4,4,3,52.0
74,28,47,4,4,4,62.0
98,90,35,4,4,3,52.0
99,16,8,4,4,4,52.0
1,58,55,4,4,4,53.0
7,63,36,4,4,4,53.0
73,82,65,4,3,4,62.0
9,8,50,4,4,4,53.0
9,11,54,4,4,4,53.0
9,41,35,4,4,3,53.0
10,6,8,4,4,4,53.0
11,35,50,4,4,4,53.0
11,72,64,4,4,4,53.0
15,99,33,4,4,4,53.0
72,51,68,4,4,4,62.0
21,57,17,4,4,4,53.0
21,93,21,4,4,4,53.0
22,42,7,4,3,3,53.0
23,8,59,4,3,4,53.0
23,42,52,4,3,3,53.0
24,70,39,4,4,4,53.0
69,43,6,4,4,4,62.0
34,91,11,4,4,4,53.0
35,52,54,4,4,4,53.0
36,30,57,4,3,4,53.0
41,21,25,4,4,4,53.0
69,29,10,4,4,3,62.0
67,54,39,4,4,4,62.0
43,62,27,4,4,3,53.0
46,41,53,4,4,4,53.0
46,51,63,4,4,4,53.0
64,20,4,4,3,4,62.0
62,20,50,4,3,4,62.0
47,51,14,4,4,4,53.0
48,1,59,4,4,4,53.0
49,3,4,4,4,4,53.0
49,15,17,4,4,4,53.0
50,11,58,4,4,4,53.0
50,15,62,4,4,4,53.0
52,90,49,4,4,3,53.0
54,92,58,4,4,4,53.0
59,79,51,4,4,4,62.0
56,98,58,4,4,4,62.0
54,74,62,4,4,4,62.0
56,80,19,4,4,4,53.0
59,29,45,4,4,3,53.0
60,36,36,4,4,3,53.0
61,9,64,4,4,4,53.0
61,60,60,4,4,4,53.0
62,13,72,4,3,4,53.0
52,62,4,4,4,4,62.0
63,2,48,4,4,4,53.0
51,71,18,4,4,4,62.0
51,36,40,4,4,3,62.0
64,59,55,4,3,4,53.0
67,24,30,4,4,4,53.0
69,33,26,4,4,4,53.0
75,21,46,4,4,4,53.0
76,19,49,4,4,4,53.0
46,36,73,4,4,3,62.0
78,69,52,4,4,4,53.0
43,20,18,4,4,4,62.0
79,9,27,4,4,4,53.0
79,81,55,4,4,4,53.0
80,67,51,4,4,4,53.0
82,16,51,4,4,4,53.0
83,60,24,4,4,4,53.0
83,95,30,4,4,3,53.0
84,90,62,4,4,3,53.0
85,27,54,4,3,4,53.0
85,31,58,4,3,4,53.0
85,56,62,4,3,4,53.0
41,45,4,4,4,4,62.0
85,66,66,4,3,4,53.0
41,37,48,4,4,3,62.0
88,60,40,4,4,4,53.0
35,26,76,4,4,3,62.0
90,89,43,4,4,4,53.0
92,36,47,4,4,3,53.0
92,88,51,4,4,4,53.0
96,49,57,4,4,4,53.0
96,56,67,4,4,4,53.0
97,11,68,4,4,4,53.0
97,23,63,4,4,3,53.0
98,28,66,4,4,4,53.0
98,51,72,4,4,4,53.0
98,64,76,4,4,3,53.0
0,4,13,4,4,4,54.0
1,80,4,4,4,4,54.0
3,54,43,4,4,4,54.0
34,92,20,4,4,4,62.0
34,14,52,4,4,4,62.0
4,91,29,4,4,4,54.0
5,57,47,4,4,4,54.0
7,29,40,4,4,3,54.0
32,8,67,4,4,4,62.0
31,82,72,4,4,4,62.0
30,21,64,4,4,4,62.0
28,29,56,4,4,3,62.0
9,86,31,4,4,4,54.0
10,51,23,4,4,4,54.0
25,64,12,4,4,3,62.0
11,56,72,4,4,4,54.0
15,82,76,4,4,4,54.0
25,12,37,4,4,2,62.0
24,42,43,4,4,3,62.0
15,93,38,4,4,4,54.0
22,36,16,4,3,3,62.0
21,49,29,4,4,4,62.0
18,1,68,4,4,4,54.0
21,12,53,4,4,3,62.0
18,30,75,4,4,4,54.0
20,3,8,4,4,4,62.0
18,71,39,4,4,4,62.0
19,51,54,4,4,4,54.0
20,75,40,4,4,4,54.0
21,1,72,4,4,4,54.0
21,52,68,4,4,4,54.0
24,91,63,4,4,4,54.0
25,79,66,4,4,4,54.0
18,64,21,4,4,3,62.0
16,74,24,4,4,4,62.0
26,16,28,4,3,4,54.0
26,85,40,4,3,3,54.0
27,62,15,4,4,4,54.0
28,34,60,4,4,4,54.0
13,3,49,4,3,4,62.0
12,67,67,4,2,4,62.0
29,44,64,4,3,4,54.0
10,95,47,4,4,3,62.0
37,11,76,4,4,4,54.0
37,95,0,4,4,3,54.0
38,7,4,4,3,4,54.0
10,55,51,4,4,4,62.0
40,56,32,4,4,4,54.0
40,95,51,4,4,3,54.0
43,41,36,4,4,4,54.0
43,56,76,4,4,4,54.0
10,37,34,4,4,4,62.0
44,24,57,4,4,4,54.0
10,16,38,4,4,4,62.0
45,32,21,4,4,4,54.0
8,99,63,4,4,4,62.0
47,78,56,4,4,4,54.0
49,41,8,4,4,4,54.0
51,67,34,4,4,4,54.0
52,32,43,4,4,4,54.0
2,17,13,4,4,4,62.0
54,6,71,4,4,4,54.0
55,86,44,4,4,3,54.0
59,47,64,4,4,4,54.0
61,17,73,4,4,4,54.0
67,17,55,4,4,4,54.0
0,17,7,4,4,4,62.0
99,62,0,4,4,4,61.0
71,17,45,4,4,4,54.0
71,29,49,4,4,3,54.0
92,22,27,4,4,3,61.0
89,31,50,4,4,4,61.0
88,37,44,4,4,4,61.0
76,26,55,4,4,3,54.0
76,29,60,4,4,3,54.0
87,4,0,4,4,4,61.0
76,90,66,4,4,3,54.0
79,22,31,4,4,3,54.0
79,42,70,4,4,3,54.0
80,57,13,4,4,4,54.0
80,68,44,4,4,3,54.0
83,74,9,4,4,4,61.0
83,23,67,4,4,3,54.0
83,36,61,4,4,3,54.0
84,38,41,4,4,3,54.0
88,9,68,4,4,4,54.0
81,36,59,4,4,4,61.0
2,62,43,4,4,4,55.0
80,47,60,4,4,4,61.0
5,71,58,4,4,4,55.0
5,81,63,4,4,4,55.0
7,34,44,4,4,4,55.0
10,78,60,4,4,4,55.0
13,7,53,4,3,4,55.0
13,24,75,4,3,4,55.0
16,71,62,4,4,4,55.0
22,84,45,4,3,4,55.0
75,78,64,4,4,4,61.0
75,26,60,4,4,3,61.0
27,17,49,4,4,4,55.0
28,2,70,4,4,4,55.0
34,60,4,4,4,4,55.0
34,71,76,4,4,4,55.0
36,2,74,4,4,4,55.0
36,3,53,4,3,4,55.0
71,62,8,4,4,4,61.0
41,80,64,4,4,4,55.0
70,17,17,4,4,4,61.0
42,36,0,4,3,4,55.0
45,51,30,4,4,4,55.0
68,39,10,4,3,4,61.0
49,27,44,4,4,4,55.0
50,37,66,4,4,4,55.0
52,73,37,4,4,3,55.0
59,14,68,4,4,4,55.0
60,63,52,4,4,4,55.0
65,15,52,4,3,4,55.0
67,14,61,4,4,4,61.0
66,78,70,4,4,4,55.0
71,7,66,4,4,4,55.0
74,91,15,4,4,4,55.0
75,66,74,4,4,4,55.0
84,5,76,4,4,4,55.0
84,63,58,4,4,4,55.0
97,29,23,4,4,3,55.0
97,66,58,4,4,4,55.0
0,55,55,4,4,4,56.0
6,56,45,4,4,4,56.0
10,62,27,4,4,4,56.0
51,68,58,4,4,3,61.0
13,88,55,4,4,4,56.0
15,57,56,4,4,4,56.0
19,92,68,4,4,4,56.0
20,25,27,4,4,4,56.0
27,0,59,4,4,4,56.0
27,47,68,4,4,4,56.0
27,65,72,4,4,3,56.0
27,74,76,4,4,4,56.0
45,10,43,4,4,4,61.0
44,95,76,4,4,3,61.0
34,20,31,4,4,4,56.0
34,49,24,4,4,4,56.0
42,33,31,4,3,4,61.0
37,42,11,4,4,3,56.0
38,65,27,4,3,3,56.0
39,80,55,4,4,4,56.0
40,29,28,4,4,3,56.0
40,36,45,4,4,4,56.0
43,10,56,4,4,4,56.0
43,85,40,4,4,4,56.0
31,85,76,4,4,3,61.0
31,64,54,4,4,4,61.0
31,20,62,4,4,4,61.0
29,89,76,4,3,4,61.0
50,67,71,4,4,4,56.0
55,91,67,4,4,4,56.0
62,0,19,4,4,4,56.0
64,6,0,4,3,4,56.0
74,36,4,4,4,4,56.0
75,86,50,4,4,4,56.0
78,65,76,4,4,3,56.0
16,90,70,4,4,3,61.0
84,73,49,4,4,4,56.0
85,37,70,4,3,4,56.0
90,20,12,4,4,4,56.0
91,95,19,4,4,3,56.0
92,12,8,4,4,3,56.0
12,97,45,4,2,4,61.0
99,56,23,4,4,4,56.0
0,91,45,4,4,4,57.0
5,25,70,4,4,4,57.0
7,42,48,4,4,3,57.0
10,69,64,4,4,4,57.0
5,90,27,4,4,3,61.0
12,17,21,4,3,4,57.0
20,90,35,4,4,4,57.0
21,95,57,4,4,4,57.0
26,20,44,4,3,4,57.0
5,26,18,4,4,3,61.0
26,55,71,4,3,4,57.0
27,29,63,4,4,4,57.0
97,9,39,4,4,4,60.0
36,17,25,4,4,4,57.0
37,1,16,4,4,4,57.0
92,70,62,4,4,4,60.0
38,70,0,4,3,4,57.0
40,26,64,4,4,3,57.0
92,17,31,4,4,4,60.0
89,65,54,4,4,4,60.0
87,95,66,4,4,3,60.0
86,4,35,4,4,4,60.0
67,68,43,4,4,4,57.0
85,39,14,4,4,4,60.0
76,38,33,4,4,3,57.0
83,87,42,4,4,4,60.0
80,55,75,4,4,4,60.0
83,10,71,4,4,4,57.0
83,65,13,4,4,4,57.0
85,45,34,4,4,4,57.0
91,92,76,4,4,4,57.0
10,1,76,4,4,4,58.0
12,99,4,4,3,4,58.0
13,87,4,4,4,4,58.0
15,39,21,4,4,4,58.0
71,60,70,4,4,4,60.0
70,49,12,4,4,4,60.0
23,13,76,4,3,4,58.0
24,68,48,4,4,3,58.0
26,64,8,4,3,3,58.0
28,73,74,4,4,3,58.0
30,41,12,4,4,4,58.0
34,45,48,4,4,4,58.0
38,78,11,4,4,4,58.0
47,50,75,4,4,4,58.0
47,90,22,4,4,4,58.0
49,80,68,4,4,4,58.0
50,65,17,4,4,4,58.0
52,7,58,4,4,4,58.0
55,6,59,4,4,4,60.0
52,64,16,4,4,3,60.0
66,3,62,4,4,4,58.0
45,68,69,4,4,3,60.0
83,90,56,4,4,4,58.0
89,22,62,4,4,3,58.0
39,29,36,4,4,3,60.0
39,12,0,4,4,3,60.0
1,6,20,4,4,4,59.0
1,26,0,4,4,3,59.0
34,86,0,4,4,4,60.0
34,42,35,4,4,3,60.0
5,63,22,4,4,4,59.0
33,57,51,4,4,4,60.0
15,13,48,4,4,4,59.0
42,70,21,4,3,4,59.0
45,52,73,4,4,4,59.0
47,36,9,4,4,4,59.0
49,26,33,4,4,4,59.0
51,16,44,4,4,4,59.0
74,64,51,4,4,3,59.0
86,7,62,4,3,4,59.0
