src,dst,spec,slots_used,core_src,core_dst,tfk_slot
97,46,0,5,0,0,399.0
93,87,0,5,0,0,399.0
90,81,0,5,0,0,399.0
89,84,0,5,0,0,399.0
89,42,5,5,0,0,399.0
86,51,0,5,0,0,403.0
86,46,5,5,0,0,399.0
86,26,10,5,0,0,399.0
83,2,0,5,0,0,403.0
79,57,0,5,0,0,399.0
78,85,0,5,0,0,399.0
71,14,0,5,0,0,399.0
71,9,5,5,0,0,399.0
66,89,10,5,0,0,399.0
65,63,0,5,0,0,403.0
59,48,0,5,0,0,399.0
57,40,5,5,0,0,403.0
55,44,0,5,0,0,399.0
53,40,0,5,0,0,399.0
49,67,0,5,0,0,399.0
48,8,5,5,0,0,399.0
48,1,10,5,0,0,399.0
39,97,5,5,0,0,399.0
35,89,15,5,0,0,399.0
34,26,0,5,0,0,399.0
34,24,5,5,0,0,399.0
31,85,5,5,0,0,399.0
31,17,0,5,0,0,399.0
28,7,0,5,0,0,403.0
25,22,0,5,0,0,399.0
25,2,5,5,0,0,403.0
22,58,5,5,0,0,399.0
22,13,10,5,0,0,399.0
19,44,5,5,0,0,403.0
17,13,5,5,0,0,403.0
15,90,5,5,0,0,403.0
14,78,5,5,0,0,403.0
11,71,10,5,0,0,399.0
11,34,15,5,0,0,399.0
9,36,0,5,0,0,399.0
8,64,0,5,0,0,399.0
8,58,10,5,0,0,399.0
7,28,5,5,0,0,399.0
7,4,10,5,0,0,399.0
0,9,10,5,0,0,399.0
99,98,0,2,0,0,54.0
99,94,2,2,0,0,54.0
99,93,5,2,0,0,54.0
99,83,7,2,0,0,54.0
99,79,9,2,0,0,54.0
99,78,11,2,0,0,54.0
99,67,13,2,0,0,54.0
99,64,15,2,0,0,54.0
99,63,17,2,0,0,54.0
99,61,19,2,0,0,54.0
99,55,21,2,0,0,54.0
99,51,23,2,0,0,54.0
99,50,25,2,0,0,54.0
99,44,27,2,0,0,54.0
99,43,29,2,0,0,54.0
99,42,31,2,0,0,54.0
99,41,33,2,0,0,54.0
99,40,35,2,0,0,54.0
99,38,37,2,0,0,54.0
99,36,39,2,0,0,54.0
99,34,41,2,0,0,54.0
99,29,43,2,0,0,54.0
99,28,45,2,0,0,54.0
99,27,47,2,0,0,54.0
99,25,49,2,0,0,54.0
99,23,51,2,0,0,54.0
99,21,53,2,0,0,54.0
99,19,55,2,0,0,54.0
99,9,57,2,0,0,54.0
99,8,59,2,0,0,54.0
98,91,2,2,0,0,54.0
98,88,4,2,0,0,54.0
98,87,6,2,0,0,54.0
98,76,8,2,0,0,54.0
98,66,15,2,0,0,54.0
98,64,10,2,0,0,54.0
98,57,12,2,0,0,54.0
98,55,17,2,0,0,54.0
98,54,19,2,0,0,54.0
98,33,21,2,0,0,54.0
98,31,23,2,0,0,54.0
98,26,25,2,0,0,54.0
98,25,27,2,0,0,54.0
98,19,29,2,0,0,54.0
98,18,31,2,0,0,54.0
98,17,33,2,0,0,54.0
98,5,35,2,0,0,54.0
97,96,10,2,0,0,54.0
97,90,12,2,0,0,54.0
97,89,20,2,0,0,54.0
97,72,14,2,0,0,54.0
97,70,16,2,0,0,54.0
97,62,18,2,0,0,54.0
97,60,22,2,0,0,54.0
97,51,25,2,0,0,54.0
97,45,27,2,0,0,54.0
97,37,29,2,0,0,54.0
97,36,31,2,0,0,54.0
97,28,33,2,0,0,54.0
97,13,35,2,0,0,54.0
97,1,37,2,0,0,54.0
96,99,61,2,0,0,54.0
96,88,0,2,0,0,54.0
96,87,8,2,0,0,54.0
96,85,12,2,0,0,54.0
96,84,5,2,0,0,54.0
96,81,14,2,0,0,54.0
96,78,16,2,0,0,54.0
96,69,2,2,0,0,54.0
96,61,21,2,0,0,54.0
96,56,18,2,0,0,54.0
96,55,23,2,0,0,54.0
96,49,25,2,0,0,54.0
96,46,27,2,0,0,54.0
96,41,29,2,0,0,54.0
96,31,31,2,0,0,54.0
96,26,33,2,0,0,54.0
96,18,35,2,0,0,54.0
96,17,37,2,0,0,54.0
96,16,39,2,0,0,54.0
96,10,41,2,0,0,54.0
96,8,43,2,0,0,54.0
96,5,45,2,0,0,54.0
96,0,47,2,0,0,54.0
95,89,22,2,0,0,54.0
95,88,2,2,0,0,54.0
95,86,15,2,0,0,54.0
95,85,10,2,0,0,54.0
95,84,7,2,0,0,54.0
95,83,5,2,0,0,54.0
95,79,12,2,0,0,54.0
95,78,18,2,0,0,54.0
95,73,0,2,0,0,54.0
95,58,20,2,0,0,54.0
95,52,24,2,0,0,54.0
95,51,27,2,0,0,54.0
95,47,29,2,0,0,54.0
95,44,31,2,0,0,54.0
95,41,35,2,0,0,54.0
95,40,33,2,0,0,54.0
95,38,39,2,0,0,54.0
95,37,37,2,0,0,54.0
95,35,41,2,0,0,54.0
95,33,43,2,0,0,54.0
95,31,45,2,0,0,54.0
95,30,47,2,0,0,54.0
95,29,49,2,0,0,54.0
95,28,51,2,0,0,54.0
95,27,53,2,0,0,54.0
95,12,55,2,0,0,54.0
95,5,57,2,0,0,54.0
95,1,59,2,0,0,54.0
95,0,61,2,0,0,54.0
94,98,37,2,0,0,54.0
94,96,49,2,0,0,54.0
94,92,0,2,0,0,54.0
94,90,10,2,0,0,54.0
94,87,12,2,0,0,54.0
94,86,17,2,0,0,54.0
94,84,14,2,0,0,54.0
94,83,19,2,0,0,54.0
94,79,5,2,0,0,54.0
94,74,7,2,0,0,54.0
94,71,21,2,0,0,54.0
94,66,23,2,0,0,54.0
94,52,26,2,0,0,54.0
94,45,29,2,0,0,54.0
94,44,33,2,0,0,54.0
94,39,31,2,0,0,54.0
94,35,35,2,0,0,54.0
94,30,39,2,0,0,54.0
94,22,41,2,0,0,54.0
94,20,43,2,0,0,54.0
94,19,45,2,0,0,54.0
94,9,47,2,0,0,54.0
94,7,51,2,0,0,54.0
93,90,14,2,0,0,54.0
93,82,7,2,0,0,54.0
93,81,9,2,0,0,54.0
93,80,11,2,0,0,54.0
93,79,16,2,0,0,54.0
93,59,18,2,0,0,54.0
93,58,22,2,0,0,54.0
93,51,20,2,0,0,54.0
93,42,24,2,0,0,54.0
93,28,26,2,0,0,54.0
93,20,28,2,0,0,54.0
93,2,30,2,0,0,54.0
92,97,39,2,0,0,54.0
92,87,10,2,0,0,54.0
92,86,19,2,0,0,54.0
92,85,14,2,0,0,54.0
92,76,2,2,0,0,54.0
92,72,4,2,0,0,54.0
92,69,6,2,0,0,54.0
92,67,8,2,0,0,54.0
92,66,17,2,0,0,54.0
92,65,12,2,0,0,54.0
92,62,21,2,0,0,54.0
92,55,25,2,0,0,54.0
92,54,23,2,0,0,54.0
92,45,31,2,0,0,54.0
92,41,27,2,0,0,54.0
92,38,29,2,0,0,54.0
92,36,33,2,0,0,54.0
92,35,37,2,0,0,54.0
92,31,35,2,0,0,54.0
92,30,41,2,0,0,54.0
92,28,43,2,0,0,54.0
92,19,47,2,0,0,54.0
92,16,45,2,0,0,54.0
92,15,49,2,0,0,54.0
92,14,51,2,0,0,54.0
92,13,53,2,0,0,54.0
92,11,55,2,0,0,54.0
91,96,51,2,0,0,54.0
91,95,63,2,0,0,54.0
91,93,32,2,0,0,54.0
91,80,0,2,0,0,54.0
91,79,7,2,0,0,54.0
91,70,4,2,0,0,54.0
91,59,9,2,0,0,54.0
91,53,11,2,0,0,54.0
91,40,13,2,0,0,54.0
91,35,20,2,0,0,54.0
91,34,22,2,0,0,54.0
91,20,15,2,0,0,54.0
91,19,17,2,0,0,54.0
91,15,24,2,0,0,54.0
91,9,26,2,0,0,54.0
91,8,28,2,0,0,54.0
91,5,30,2,0,0,54.0
91,4,34,2,0,0,54.0
91,3,36,2,0,0,54.0
91,2,38,2,0,0,54.0
91,1,40,2,0,0,54.0
91,0,42,2,0,0,54.0
90,98,39,2,0,0,54.0
90,85,16,2,0,0,54.0
90,82,18,2,0,0,54.0
90,75,20,2,0,0,54.0
90,43,22,2,0,0,54.0
90,32,24,2,0,0,54.0
90,26,27,2,0,0,54.0
90,22,29,2,0,0,54.0
89,77,24,2,0,0,54.0
89,44,29,2,0,0,54.0
89,33,26,2,0,0,54.0
89,18,33,2,0,0,54.0
89,6,31,2,0,0,54.0
89,1,35,2,0,0,54.0
88,98,41,2,0,0,54.0
88,64,6,2,0,0,54.0
88,61,8,2,0,0,54.0
88,57,10,2,0,0,54.0
88,21,12,2,0,0,54.0
88,6,14,2,0,0,54.0
87,89,37,2,0,0,54.0
87,65,14,2,0,0,54.0
87,63,19,2,0,0,54.0
87,53,16,2,0,0,54.0
87,52,21,2,0,0,54.0
87,51,29,2,0,0,54.0
87,27,23,2,0,0,54.0
87,21,25,2,0,0,54.0
87,14,27,2,0,0,54.0
87,12,31,2,0,0,54.0
87,10,33,2,0,0,54.0
86,97,41,2,0,0,54.0
86,94,53,2,0,0,54.0
86,93,34,2,0,0,54.0
86,91,44,2,0,0,54.0
86,84,21,2,0,0,54.0
86,75,23,2,0,0,54.0
86,73,25,2,0,0,54.0
86,70,27,2,0,0,54.0
86,69,29,2,0,0,54.0
86,68,31,2,0,0,54.0
86,63,36,2,0,0,54.0
86,13,38,2,0,0,54.0
85,93,36,2,0,0,54.0
85,37,18,2,0,0,54.0
85,29,20,2,0,0,54.0
85,24,22,2,0,0,54.0
85,13,24,2,0,0,54.0
84,99,63,2,0,0,54.0
84,98,43,2,0,0,54.0
84,81,11,2,0,0,54.0
84,72,9,2,0,0,54.0
84,70,18,2,0,0,54.0
84,39,16,2,0,0,54.0
84,11,23,2,0,0,54.0
84,3,25,2,0,0,54.0
84,1,27,2,0,0,54.0
84,0,29,2,0,0,54.0
83,95,65,2,0,0,54.0
83,70,9,2,0,0,54.0
83,69,11,2,0,0,54.0
83,56,13,2,0,0,54.0
83,55,15,2,0,0,54.0
83,53,21,2,0,0,54.0
83,49,17,2,0,0,54.0
83,45,23,2,0,0,54.0
83,43,25,2,0,0,54.0
83,42,27,2,0,0,54.0
83,38,31,2,0,0,54.0
83,30,29,2,0,0,54.0
83,28,35,2,0,0,54.0
83,27,33,2,0,0,54.0
83,16,37,2,0,0,54.0
83,13,40,2,0,0,54.0
83,12,42,2,0,0,54.0
83,9,44,2,0,0,54.0
83,3,46,2,0,0,54.0
82,98,45,2,0,0,54.0
82,96,53,2,0,0,54.0
82,94,55,2,0,0,54.0
82,93,38,2,0,0,54.0
82,88,16,2,0,0,54.0
82,83,48,2,0,0,54.0
82,80,2,2,0,0,54.0
82,79,14,2,0,0,54.0
82,75,0,2,0,0,54.0
82,72,11,2,0,0,54.0
82,68,4,2,0,0,54.0
82,66,20,2,0,0,54.0
82,61,23,2,0,0,54.0
82,52,9,2,0,0,54.0
82,50,27,2,0,0,54.0
82,49,29,2,0,0,54.0
82,43,31,2,0,0,54.0
82,42,33,2,0,0,54.0
82,30,25,2,0,0,54.0
82,29,35,2,0,0,54.0
82,27,40,2,0,0,54.0
82,26,42,2,0,0,54.0
82,21,50,2,0,0,54.0
82,17,57,2,0,0,54.0
82,14,59,2,0,0,54.0
82,13,61,2,0,0,54.0
82,3,63,2,0,0,54.0
81,98,47,2,0,0,54.0
81,89,39,2,0,0,54.0
81,88,18,2,0,0,54.0
81,84,31,2,0,0,54.0
81,77,5,2,0,0,54.0
81,59,7,2,0,0,54.0
81,50,16,2,0,0,54.0
81,41,20,2,0,0,54.0
81,37,22,2,0,0,54.0
81,34,24,2,0,0,54.0
81,31,26,2,0,0,54.0
81,26,29,2,0,0,54.0
81,22,33,2,0,0,54.0
81,18,37,2,0,0,54.0
81,14,35,2,0,0,54.0
81,10,43,2,0,0,54.0
81,7,41,2,0,0,54.0
80,98,49,2,0,0,54.0
80,97,43,2,0,0,54.0
80,96,55,2,0,0,54.0
80,93,40,2,0,0,54.0
80,86,46,2,0,0,54.0
80,85,26,2,0,0,54.0
80,82,65,2,0,0,54.0
80,62,4,2,0,0,54.0
80,59,13,2,0,0,54.0
80,56,6,2,0,0,54.0
80,54,8,2,0,0,54.0
80,53,18,2,0,0,54.0
80,41,15,2,0,0,54.0
80,33,23,2,0,0,54.0
80,31,20,2,0,0,54.0
80,29,28,2,0,0,54.0
80,27,30,2,0,0,54.0
80,25,32,2,0,0,54.0
80,24,34,2,0,0,54.0
80,21,36,2,0,0,54.0
80,20,38,2,0,0,54.0
80,11,51,2,0,0,54.0
80,10,53,2,0,0,54.0
80,9,59,2,0,0,54.0
80,2,57,2,0,0,54.0
79,97,45,2,0,0,54.0
79,96,57,2,0,0,54.0
79,93,42,2,0,0,54.0
79,89,47,2,0,0,54.0
79,73,18,2,0,0,54.0
79,56,20,2,0,0,54.0
79,52,28,2,0,0,54.0
79,50,22,2,0,0,54.0
79,48,24,2,0,0,54.0
79,41,31,2,0,0,54.0
79,40,26,2,0,0,54.0
79,39,33,2,0,0,54.0
79,34,35,2,0,0,54.0
79,20,40,2,0,0,54.0
79,16,49,2,0,0,54.0
79,13,51,2,0,0,54.0
78,83,50,2,0,0,54.0
78,53,13,2,0,0,54.0
78,47,20,2,0,0,54.0
78,40,22,2,0,0,54.0
78,32,26,2,0,0,54.0
78,14,24,2,0,0,54.0
78,12,28,2,0,0,54.0
78,10,30,2,0,0,54.0
78,9,32,2,0,0,54.0
77,96,59,2,0,0,54.0
77,92,57,2,0,0,54.0
77,89,41,2,0,0,54.0
77,83,52,2,0,0,54.0
77,74,0,2,0,0,54.0
77,72,2,2,0,0,54.0
77,68,7,2,0,0,54.0
77,61,10,2,0,0,54.0
77,57,14,2,0,0,54.0
77,52,12,2,0,0,54.0
77,46,16,2,0,0,54.0
77,44,18,2,0,0,54.0
77,40,20,2,0,0,54.0
77,32,22,2,0,0,54.0
77,28,28,2,0,0,54.0
77,25,30,2,0,0,54.0
77,21,32,2,0,0,54.0
77,19,26,2,0,0,54.0
77,14,37,2,0,0,54.0
77,12,34,2,0,0,54.0
77,11,39,2,0,0,54.0
76,91,46,2,0,0,54.0
76,86,48,2,0,0,54.0
76,80,61,2,0,0,54.0
76,74,4,2,0,0,54.0
76,72,0,2,0,0,54.0
76,68,10,2,0,0,54.0
76,67,6,2,0,0,54.0
76,60,12,2,0,0,54.0
76,52,14,2,0,0,54.0
76,50,18,2,0,0,54.0
76,40,16,2,0,0,54.0
76,37,20,2,0,0,54.0
76,35,22,2,0,0,54.0
76,34,26,2,0,0,54.0
76,31,28,2,0,0,54.0
76,30,31,2,0,0,54.0
76,27,35,2,0,0,54.0
76,26,37,2,0,0,54.0
76,25,24,2,0,0,54.0
76,17,39,2,0,0,54.0
76,15,33,2,0,0,54.0
76,14,41,2,0,0,54.0
76,13,43,2,0,0,54.0
76,10,50,2,0,0,54.0
76,9,52,2,0,0,54.0
76,8,54,2,0,0,54.0
76,1,56,2,0,0,54.0
75,60,2,2,0,0,54.0
75,52,4,2,0,0,54.0
75,48,15,2,0,0,54.0
75,21,6,2,0,0,54.0
75,4,8,2,0,0,54.0
75,3,10,2,0,0,54.0
74,96,63,2,0,0,54.0
74,92,59,2,0,0,54.0
74,90,31,2,0,0,54.0
74,88,20,2,0,0,54.0
74,83,54,2,0,0,54.0
74,81,45,2,0,0,54.0
74,79,37,2,0,0,54.0
74,78,34,2,0,0,54.0
74,76,65,2,0,0,54.0
74,68,2,2,0,0,54.0
74,64,12,2,0,0,54.0
74,62,9,2,0,0,54.0
74,58,15,2,0,0,54.0
74,53,23,2,0,0,54.0
74,51,17,2,0,0,54.0
74,50,29,2,0,0,54.0
74,48,26,2,0,0,54.0
74,32,39,2,0,0,54.0
74,31,41,2,0,0,54.0
74,25,43,2,0,0,54.0
74,22,47,2,0,0,54.0
74,17,49,2,0,0,54.0
74,9,61,2,0,0,54.0
74,5,51,2,0,0,54.0
74,4,56,2,0,0,54.0
73,97,47,2,0,0,54.0
73,95,67,2,0,0,54.0
73,88,22,2,0,0,54.0
73,80,63,2,0,0,54.0
73,75,12,2,0,0,54.0
73,72,6,2,0,0,54.0
73,71,15,2,0,0,54.0
73,67,10,2,0,0,54.0
73,66,2,2,0,0,54.0
73,63,8,2,0,0,54.0
73,59,20,2,0,0,54.0
73,58,27,2,0,0,54.0
73,56,4,2,0,0,54.0
73,50,31,2,0,0,54.0
73,47,33,2,0,0,54.0
73,45,35,2,0,0,54.0
73,42,29,2,0,0,54.0
73,30,37,2,0,0,54.0
73,26,39,2,0,0,54.0
73,17,41,2,0,0,54.0
73,13,45,2,0,0,54.0
73,9,49,2,0,0,54.0
73,7,43,2,0,0,54.0
73,1,51,2,0,0,54.0
72,97,49,2,0,0,54.0
72,95,69,2,0,0,54.0
72,88,24,2,0,0,54.0
72,87,35,2,0,0,54.0
72,83,56,2,0,0,54.0
72,80,67,2,0,0,54.0
72,79,53,2,0,0,54.0
72,76,58,2,0,0,54.0
72,75,17,2,0,0,54.0
72,69,19,2,0,0,54.0
72,67,21,2,0,0,54.0
72,59,26,2,0,0,54.0
72,47,31,2,0,0,54.0
72,40,28,2,0,0,54.0
72,35,33,2,0,0,54.0
72,33,37,2,0,0,54.0
72,23,39,2,0,0,54.0
72,15,41,2,0,0,54.0
72,12,44,2,0,0,54.0
72,10,46,2,0,0,54.0
72,8,51,2,0,0,54.0
72,4,60,2,0,0,54.0
71,90,33,2,0,0,54.0
71,57,17,2,0,0,54.0
71,53,25,2,0,0,54.0
71,51,31,2,0,0,54.0
71,19,19,2,0,0,54.0
71,16,23,2,0,0,54.0
71,15,27,2,0,0,54.0
71,0,35,2,0,0,54.0
70,99,65,2,0,0,54.0
70,98,51,2,0,0,54.0
70,97,53,2,0,0,54.0
70,91,48,2,0,0,54.0
70,87,39,2,0,0,54.0
70,85,29,2,0,0,54.0
70,77,43,2,0,0,54.0
70,74,67,2,0,0,54.0
70,66,0,2,0,0,54.0
70,63,6,2,0,0,54.0
70,62,2,2,0,0,54.0
70,54,11,2,0,0,54.0
70,53,31,2,0,0,54.0
70,43,13,2,0,0,54.0
70,40,24,2,0,0,54.0
70,38,20,2,0,0,54.0
70,34,33,2,0,0,54.0
70,31,37,2,0,0,54.0
70,29,22,2,0,0,54.0
70,27,45,2,0,0,54.0
70,25,35,2,0,0,54.0
70,24,41,2,0,0,54.0
70,19,57,2,0,0,54.0
70,16,55,2,0,0,54.0
70,14,61,2,0,0,54.0
70,13,59,2,0,0,54.0
69,98,53,2,0,0,54.0
69,93,44,2,0,0,54.0
69,92,61,2,0,0,54.0
69,88,26,2,0,0,54.0
69,79,55,2,0,0,54.0
69,77,46,2,0,0,54.0
69,75,31,2,0,0,54.0
69,73,57,2,0,0,54.0
69,61,0,2,0,0,54.0
69,52,16,2,0,0,54.0
69,48,21,2,0,0,54.0
69,43,4,2,0,0,54.0
69,42,13,2,0,0,54.0
69,37,8,2,0,0,54.0
69,29,24,2,0,0,54.0
69,28,37,2,0,0,54.0
69,18,39,2,0,0,54.0
69,15,35,2,0,0,54.0
69,14,33,2,0,0,54.0
68,84,33,2,0,0,54.0
68,79,59,2,0,0,54.0
68,73,53,2,0,0,54.0
68,67,15,2,0,0,54.0
68,66,25,2,0,0,54.0
68,64,17,2,0,0,54.0
68,61,12,2,0,0,54.0
68,55,19,2,0,0,54.0
68,54,0,2,0,0,54.0
68,49,21,2,0,0,54.0
68,41,23,2,0,0,54.0
68,40,37,2,0,0,54.0
68,35,27,2,0,0,54.0
68,34,29,2,0,0,54.0
68,33,35,2,0,0,54.0
68,28,39,2,0,0,54.0
68,19,41,2,0,0,54.0
68,13,47,2,0,0,54.0
68,10,55,2,0,0,54.0
68,8,45,2,0,0,54.0
68,4,43,2,0,0,54.0
68,3,49,2,0,0,54.0
67,79,61,2,0,0,54.0
67,71,29,2,0,0,54.0
67,62,23,2,0,0,54.0
67,49,19,2,0,0,54.0
67,41,17,2,0,0,54.0
67,40,31,2,0,0,54.0
67,39,25,2,0,0,54.0
67,37,27,2,0,0,54.0
67,32,33,2,0,0,54.0
67,31,39,2,0,0,54.0
67,24,36,2,0,0,54.0
67,9,41,2,0,0,54.0
66,96,65,2,0,0,54.0
66,92,63,2,0,0,54.0
66,88,28,2,0,0,54.0
66,87,41,2,0,0,54.0
66,78,36,2,0,0,54.0
66,75,33,2,0,0,54.0
66,70,69,2,0,0,54.0
66,64,8,2,0,0,54.0
66,60,4,2,0,0,54.0
66,58,30,2,0,0,54.0
66,50,6,2,0,0,54.0
66,46,38,2,0,0,54.0
66,43,43,2,0,0,54.0
66,28,47,2,0,0,54.0
66,24,45,2,0,0,54.0
66,23,49,2,0,0,54.0
66,22,51,2,0,0,54.0
66,15,53,2,0,0,54.0
65,93,46,2,0,0,54.0
65,84,35,2,0,0,54.0
65,81,49,2,0,0,54.0
65,76,63,2,0,0,54.0
65,72,65,2,0,0,54.0
65,61,5,2,0,0,54.0
65,54,16,2,0,0,54.0
65,52,7,2,0,0,54.0
65,44,10,2,0,0,54.0
65,38,18,2,0,0,54.0
65,30,20,2,0,0,54.0
65,25,22,2,0,0,54.0
65,24,24,2,0,0,54.0
65,18,26,2,0,0,54.0
65,16,28,2,0,0,54.0
65,9,30,2,0,0,54.0
64,95,71,2,0,0,54.0
64,93,48,2,0,0,54.0
64,88,30,2,0,0,54.0
64,75,25,2,0,0,54.0
64,73,55,2,0,0,54.0
64,71,37,2,0,0,54.0
64,68,51,2,0,0,54.0
64,66,57,2,0,0,54.0
64,62,27,2,0,0,54.0
64,53,33,2,0,0,54.0
64,49,23,2,0,0,54.0
64,43,19,2,0,0,54.0
64,42,21,2,0,0,54.0
64,33,39,2,0,0,54.0
64,26,35,2,0,0,54.0
64,21,41,2,0,0,54.0
64,20,45,2,0,0,54.0
64,17,43,2,0,0,54.0
64,9,63,2,0,0,54.0
64,7,53,2,0,0,54.0
64,4,65,2,0,0,54.0
64,3,59,2,0,0,54.0
63,92,65,2,0,0,54.0
63,87,43,2,0,0,54.0
63,74,69,2,0,0,54.0
63,70,63,2,0,0,54.0
63,64,61,2,0,0,54.0
63,60,10,2,0,0,54.0
63,49,12,2,0,0,54.0
63,25,14,2,0,0,54.0
63,19,21,2,0,0,54.0
63,4,23,2,0,0,54.0
62,95,73,2,0,0,54.0
62,86,50,2,0,0,54.0
62,84,37,2,0,0,54.0
62,82,67,2,0,0,54.0
62,81,52,2,0,0,54.0
62,78,39,2,0,0,54.0
62,76,69,2,0,0,54.0
62,74,71,2,0,0,54.0
62,71,41,2,0,0,54.0
62,66,55,2,0,0,54.0
62,59,11,2,0,0,54.0
62,55,6,2,0,0,54.0
62,47,0,2,0,0,54.0
62,46,13,2,0,0,54.0
62,45,15,2,0,0,54.0
62,43,33,2,0,0,54.0
62,42,35,2,0,0,54.0
62,41,25,2,0,0,54.0
62,31,43,2,0,0,54.0
62,26,31,2,0,0,54.0
62,19,59,2,0,0,54.0
62,18,29,2,0,0,54.0
62,11,45,2,0,0,54.0
62,6,47,2,0,0,54.0
62,4,62,2,0,0,54.0
61,91,53,2,0,0,54.0
61,87,45,2,0,0,54.0
61,84,39,2,0,0,54.0
61,78,41,2,0,0,54.0
61,77,48,2,0,0,54.0
61,70,71,2,0,0,54.0
61,68,57,2,0,0,54.0
61,58,2,2,0,0,54.0
61,53,27,2,0,0,54.0
61,41,37,2,0,0,54.0
61,39,14,2,0,0,54.0
61,29,16,2,0,0,54.0
61,23,25,2,0,0,54.0
61,14,29,2,0,0,54.0
60,98,55,2,0,0,54.0
60,96,67,2,0,0,54.0
60,90,35,2,0,0,54.0
60,85,31,2,0,0,54.0
60,81,57,2,0,0,54.0
60,76,71,2,0,0,54.0
60,74,73,2,0,0,54.0
60,70,75,2,0,0,54.0
60,67,43,2,0,0,54.0
60,66,59,2,0,0,54.0
60,64,69,2,0,0,54.0
60,59,15,2,0,0,54.0
60,58,0,2,0,0,54.0
60,54,6,2,0,0,54.0
60,52,18,2,0,0,54.0
60,43,8,2,0,0,54.0
60,37,24,2,0,0,54.0
60,36,20,2,0,0,54.0
60,35,29,2,0,0,54.0
60,34,37,2,0,0,54.0
60,30,27,2,0,0,54.0
60,29,33,2,0,0,54.0
60,22,39,2,0,0,54.0
60,18,41,2,0,0,54.0
60,17,45,2,0,0,54.0
60,8,47,2,0,0,54.0
60,5,49,2,0,0,54.0
60,3,51,2,0,0,54.0
60,0,53,2,0,0,54.0
59,99,67,2,0,0,54.0
59,93,50,2,0,0,54.0
59,88,32,2,0,0,54.0
59,78,43,2,0,0,54.0
59,75,28,2,0,0,54.0
59,49,5,2,0,0,54.0
59,43,35,2,0,0,54.0
59,35,24,2,0,0,54.0
59,26,22,2,0,0,54.0
59,21,30,2,0,0,54.0
59,20,47,2,0,0,54.0
59,19,37,2,0,0,54.0
59,15,39,2,0,0,54.0
59,9,54,2,0,0,54.0
59,8,41,2,0,0,54.0
59,7,45,2,0,0,54.0
59,5,59,2,0,0,54.0
59,4,52,2,0,0,54.0
58,96,69,2,0,0,54.0
58,95,75,2,0,0,54.0
58,93,52,2,0,0,54.0
58,90,37,2,0,0,54.0
58,83,58,2,0,0,54.0
58,79,63,2,0,0,54.0
58,74,77,2,0,0,54.0
58,73,60,2,0,0,54.0
58,70,73,2,0,0,54.0
58,65,32,2,0,0,54.0
58,54,25,2,0,0,54.0
58,52,34,2,0,0,54.0
58,40,18,2,0,0,54.0
58,36,41,2,0,0,54.0
58,33,45,2,0,0,54.0
58,31,47,2,0,0,54.0
58,18,43,2,0,0,54.0
58,14,39,2,0,0,54.0
58,1,49,2,0,0,54.0
57,89,43,2,0,0,54.0
57,88,34,2,0,0,54.0
57,82,69,2,0,0,54.0
57,77,50,2,0,0,54.0
57,76,67,2,0,0,54.0
57,73,65,2,0,0,54.0
57,70,77,2,0,0,54.0
57,68,61,2,0,0,54.0
57,67,45,2,0,0,54.0
57,64,73,2,0,0,54.0
57,60,63,2,0,0,54.0
57,58,54,2,0,0,54.0
57,54,21,2,0,0,54.0
57,49,27,2,0,0,54.0
57,41,39,2,0,0,54.0
57,39,19,2,0,0,54.0
57,29,30,2,0,0,54.0
57,28,23,2,0,0,54.0
57,27,25,2,0,0,54.0
57,18,47,2,0,0,54.0
57,17,52,2,0,0,54.0
57,16,32,2,0,0,54.0
57,13,56,2,0,0,54.0
57,9,36,2,0,0,54.0
57,3,41,2,0,0,54.0
57,2,59,2,0,0,54.0
57,0,71,2,0,0,54.0
56,97,51,2,0,0,54.0
56,90,41,2,0,0,54.0
56,85,33,2,0,0,54.0
56,68,63,2,0,0,54.0
56,55,8,2,0,0,54.0
56,50,0,2,0,0,54.0
56,36,10,2,0,0,54.0
56,35,2,2,0,0,54.0
56,12,15,2,0,0,54.0
55,62,57,2,0,0,54.0
55,54,13,2,0,0,54.0
55,48,28,2,0,0,54.0
55,41,10,2,0,0,54.0
55,40,39,2,0,0,54.0
55,36,35,2,0,0,54.0
55,35,31,2,0,0,54.0
55,33,33,2,0,0,54.0
55,32,37,2,0,0,54.0
55,21,43,2,0,0,54.0
55,17,47,2,0,0,54.0
55,12,49,2,0,0,54.0
55,10,59,2,0,0,54.0
54,85,38,2,0,0,54.0
54,79,65,2,0,0,54.0
54,78,45,2,0,0,54.0
54,69,41,2,0,0,54.0
54,66,61,2,0,0,54.0
54,63,27,2,0,0,54.0
54,61,31,2,0,0,54.0
54,50,2,2,0,0,54.0
54,48,33,2,0,0,54.0
54,45,4,2,0,0,54.0
54,43,47,2,0,0,54.0
54,37,35,2,0,0,54.0
54,33,29,2,0,0,54.0
54,32,43,2,0,0,54.0
54,23,53,2,0,0,54.0
54,18,49,2,0,0,54.0
54,16,51,2,0,0,54.0
54,12,57,2,0,0,54.0
54,10,63,2,0,0,54.0
54,8,67,2,0,0,54.0
54,3,55,2,0,0,54.0
53,91,55,2,0,0,54.0
53,90,43,2,0,0,54.0
53,89,45,2,0,0,54.0
53,88,36,2,0,0,54.0
53,85,40,2,0,0,54.0
53,80,69,2,0,0,54.0
53,79,67,2,0,0,54.0
53,75,38,2,0,0,54.0
53,73,71,2,0,0,54.0
53,66,73,2,0,0,54.0
53,56,29,2,0,0,54.0
53,55,51,2,0,0,54.0
53,54,59,2,0,0,54.0
53,49,7,2,0,0,54.0
53,46,47,2,0,0,54.0
53,45,9,2,0,0,54.0
53,44,49,2,0,0,54.0
53,34,53,2,0,0,54.0
53,33,5,2,0,0,54.0
53,19,61,2,0,0,54.0
53,12,63,2,0,0,54.0
53,3,57,2,0,0,54.0
52,98,57,2,0,0,54.0
52,94,59,2,0,0,54.0
52,93,54,2,0,0,54.0
52,83,61,2,0,0,54.0
52,81,63,2,0,0,54.0
52,68,65,2,0,0,54.0
52,66,67,2,0,0,54.0
52,64,75,2,0,0,54.0
52,63,30,2,0,0,54.0
52,56,36,2,0,0,54.0
52,55,41,2,0,0,54.0
52,54,69,2,0,0,54.0
52,51,38,2,0,0,54.0
52,50,43,2,0,0,54.0
52,46,32,2,0,0,54.0
52,42,0,2,0,0,54.0
52,36,45,2,0,0,54.0
52,30,2,2,0,0,54.0
52,25,47,2,0,0,54.0
52,18,51,2,0,0,54.0
52,8,49,2,0,0,54.0
52,4,71,2,0,0,54.0
52,2,73,2,0,0,54.0
51,88,43,2,0,0,54.0
51,46,10,2,0,0,54.0
51,28,12,2,0,0,54.0
51,25,40,2,0,0,54.0
51,23,5,2,0,0,54.0
50,99,69,2,0,0,54.0
50,71,39,2,0,0,54.0
50,69,48,2,0,0,54.0
50,60,61,2,0,0,54.0
50,54,71,2,0,0,54.0
50,51,8,2,0,0,54.0
50,44,12,2,0,0,54.0
50,36,14,2,0,0,54.0
50,32,4,2,0,0,54.0
50,29,10,2,0,0,54.0
50,26,20,2,0,0,54.0
50,23,33,2,0,0,54.0
50,17,35,2,0,0,54.0
50,14,45,2,0,0,54.0
50,11,37,2,0,0,54.0
49,97,55,2,0,0,54.0
49,78,47,2,0,0,54.0
49,31,10,2,0,0,54.0
49,11,31,2,0,0,54.0
49,2,14,2,0,0,54.0
48,94,57,2,0,0,54.0
48,92,67,2,0,0,54.0
48,82,71,2,0,0,54.0
48,68,69,2,0,0,54.0
48,65,37,2,0,0,54.0
48,61,35,2,0,0,54.0
48,60,65,2,0,0,54.0
48,59,61,2,0,0,54.0
48,55,45,2,0,0,54.0
48,52,77,2,0,0,54.0
48,15,17,2,0,0,54.0
48,0,19,2,0,0,54.0
47,97,57,2,0,0,54.0
47,94,61,2,0,0,54.0
47,81,54,2,0,0,54.0
47,74,75,2,0,0,54.0
47,72,63,2,0,0,54.0
47,66,71,2,0,0,54.0
47,65,39,2,0,0,54.0
47,59,65,2,0,0,54.0
47,56,22,2,0,0,54.0
47,53,77,2,0,0,54.0
47,49,35,2,0,0,54.0
47,46,18,2,0,0,54.0
47,45,2,2,0,0,54.0
47,44,14,2,0,0,54.0
47,42,10,2,0,0,54.0
47,36,5,2,0,0,54.0
47,32,7,2,0,0,54.0
47,29,12,2,0,0,54.0
47,28,16,2,0,0,54.0
47,27,27,2,0,0,54.0
47,25,37,2,0,0,54.0
47,23,41,2,0,0,54.0
47,22,24,2,0,0,54.0
47,21,45,2,0,0,54.0
47,20,49,2,0,0,54.0
47,18,59,2,0,0,54.0
47,5,43,2,0,0,54.0
47,2,47,2,0,0,54.0
47,1,67,2,0,0,54.0
47,0,51,2,0,0,54.0
46,83,63,2,0,0,54.0
46,59,56,2,0,0,54.0
46,29,40,2,0,0,54.0
46,7,20,2,0,0,54.0
45,99,71,2,0,0,54.0
45,95,77,2,0,0,54.0
45,91,57,2,0,0,54.0
45,72,73,2,0,0,54.0
45,47,69,2,0,0,54.0
45,36,7,2,0,0,54.0
45,33,0,2,0,0,54.0
45,27,11,2,0,0,54.0
45,26,17,2,0,0,54.0
45,25,19,2,0,0,54.0
45,20,13,2,0,0,54.0
45,17,21,2,0,0,54.0
45,7,25,2,0,0,54.0
45,6,33,2,0,0,54.0
45,1,42,2,0,0,54.0
44,85,42,2,0,0,54.0
44,76,73,2,0,0,54.0
44,73,69,2,0,0,54.0
44,64,67,2,0,0,54.0
44,25,16,2,0,0,54.0
44,7,22,2,0,0,54.0
44,5,20,2,0,0,54.0
43,91,59,2,0,0,54.0
43,89,49,2,0,0,54.0
43,87,51,2,0,0,54.0
43,83,67,2,0,0,54.0
43,81,61,2,0,0,54.0
43,75,40,2,0,0,54.0
43,73,73,2,0,0,54.0
43,67,53,2,0,0,54.0
43,65,55,2,0,0,54.0
43,61,63,2,0,0,54.0
43,59,69,2,0,0,54.0
43,55,65,2,0,0,54.0
43,38,0,2,0,0,54.0
43,31,15,2,0,0,54.0
43,23,2,2,0,0,54.0
43,21,10,2,0,0,54.0
43,20,6,2,0,0,54.0
43,18,17,2,0,0,54.0
43,12,37,2,0,0,54.0
43,1,45,2,0,0,54.0
43,0,27,2,0,0,54.0
42,90,45,2,0,0,54.0
42,84,41,2,0,0,54.0
42,25,51,2,0,0,54.0
42,24,2,2,0,0,54.0
42,13,15,2,0,0,54.0
42,1,17,2,0,0,54.0
41,94,63,2,0,0,54.0
41,92,69,2,0,0,54.0
41,91,61,2,0,0,54.0
41,89,51,2,0,0,54.0
41,87,47,2,0,0,54.0
41,86,55,2,0,0,54.0
41,82,73,2,0,0,54.0
41,80,71,2,0,0,54.0
41,67,49,2,0,0,54.0
41,66,75,2,0,0,54.0
41,65,41,2,0,0,54.0
41,63,45,2,0,0,54.0
41,61,43,2,0,0,54.0
41,45,53,2,0,0,54.0
41,38,2,2,0,0,54.0
41,36,12,2,0,0,54.0
41,29,0,2,0,0,54.0
41,28,57,2,0,0,54.0
41,23,7,2,0,0,54.0
41,21,4,2,0,0,54.0
41,20,59,2,0,0,54.0
41,7,65,2,0,0,54.0
41,4,67,2,0,0,54.0
40,91,65,2,0,0,54.0
40,78,52,2,0,0,54.0
40,63,41,2,0,0,54.0
40,51,45,2,0,0,54.0
40,37,10,2,0,0,54.0
40,26,47,2,0,0,54.0
40,20,54,2,0,0,54.0
39,58,56,2,0,0,54.0
39,48,39,2,0,0,54.0
39,35,0,2,0,0,54.0
39,24,10,2,0,0,54.0
39,17,12,2,0,0,54.0
39,15,2,2,0,0,54.0
38,94,65,2,0,0,54.0
38,93,56,2,0,0,54.0
38,92,71,2,0,0,54.0
38,87,49,2,0,0,54.0
38,81,59,2,0,0,54.0
38,79,69,2,0,0,54.0
38,68,67,2,0,0,54.0
38,65,43,2,0,0,54.0
38,62,75,2,0,0,54.0
38,59,63,2,0,0,54.0
38,55,53,2,0,0,54.0
38,51,14,2,0,0,54.0
38,50,41,2,0,0,54.0
38,48,47,2,0,0,54.0
38,45,45,2,0,0,54.0
38,39,22,2,0,0,54.0
38,33,7,2,0,0,54.0
38,27,4,2,0,0,54.0
38,25,10,2,0,0,54.0
38,24,12,2,0,0,54.0
38,21,16,2,0,0,54.0
38,17,24,2,0,0,54.0
38,15,51,2,0,0,54.0
38,13,26,2,0,0,54.0
38,2,33,2,0,0,54.0
38,1,61,2,0,0,54.0
38,0,73,2,0,0,54.0
37,93,58,2,0,0,54.0
37,88,39,2,0,0,54.0
37,87,53,2,0,0,54.0
37,86,60,2,0,0,54.0
37,81,65,2,0,0,54.0
37,69,50,2,0,0,54.0
37,66,77,2,0,0,54.0
37,65,67,2,0,0,54.0
37,63,32,2,0,0,54.0
37,55,55,2,0,0,54.0
37,51,47,2,0,0,54.0
37,48,41,2,0,0,54.0
37,46,43,2,0,0,54.0
37,44,45,2,0,0,54.0
37,43,71,2,0,0,54.0
37,36,16,2,0,0,54.0
37,34,12,2,0,0,54.0
37,27,0,2,0,0,54.0
37,17,14,2,0,0,54.0
37,16,2,2,0,0,54.0
37,8,62,2,0,0,54.0
37,7,69,2,0,0,54.0
37,3,4,2,0,0,54.0
37,2,75,2,0,0,54.0
37,0,6,2,0,0,54.0
36,86,57,2,0,0,54.0
36,51,49,2,0,0,54.0
36,35,43,2,0,0,54.0
36,28,18,2,0,0,54.0
36,18,22,2,0,0,54.0
35,99,73,2,0,0,54.0
35,84,45,2,0,0,54.0
35,81,67,2,0,0,54.0
35,69,59,2,0,0,54.0
35,67,47,2,0,0,54.0
35,65,51,2,0,0,54.0
35,54,75,2,0,0,54.0
35,53,65,2,0,0,54.0
35,45,39,2,0,0,54.0
35,38,77,2,0,0,54.0
35,28,10,2,0,0,54.0
35,21,8,2,0,0,54.0
35,4,4,2,0,0,54.0
34,93,60,2,0,0,54.0
34,87,55,2,0,0,54.0
34,86,62,2,0,0,54.0
34,84,47,2,0,0,54.0
34,83,69,2,0,0,54.0
34,82,75,2,0,0,54.0
34,56,31,2,0,0,54.0
34,51,51,2,0,0,54.0
34,48,43,2,0,0,54.0
34,46,45,2,0,0,54.0
34,44,39,2,0,0,54.0
34,42,49,2,0,0,54.0
34,40,57,2,0,0,54.0
34,33,10,2,0,0,54.0
34,27,20,2,0,0,54.0
34,11,64,2,0,0,54.0
34,10,66,2,0,0,54.0
34,8,71,2,0,0,54.0
34,4,73,2,0,0,54.0
33,98,59,2,0,0,54.0
33,97,61,2,0,0,54.0
33,94,67,2,0,0,54.0
33,89,53,2,0,0,54.0
33,78,55,2,0,0,54.0
33,72,71,2,0,0,54.0
33,69,63,2,0,0,54.0
33,67,51,2,0,0,54.0
33,61,65,2,0,0,54.0
33,43,57,2,0,0,54.0
33,42,19,2,0,0,54.0
33,32,2,2,0,0,54.0
33,30,12,2,0,0,54.0
33,29,14,2,0,0,54.0
33,26,49,2,0,0,54.0
33,24,16,2,0,0,54.0
33,22,31,2,0,0,54.0
33,7,47,2,0,0,54.0
33,5,41,2,0,0,54.0
33,0,69,2,0,0,54.0
32,99,75,2,0,0,54.0
32,94,69,2,0,0,54.0
32,88,45,2,0,0,54.0
32,85,47,2,0,0,54.0
32,77,54,2,0,0,54.0
32,71,49,2,0,0,54.0
32,67,56,2,0,0,54.0
32,64,77,2,0,0,54.0
32,63,51,2,0,0,54.0
32,61,59,2,0,0,54.0
32,56,61,2,0,0,54.0
32,55,63,2,0,0,54.0
32,51,35,2,0,0,54.0
32,39,28,2,0,0,54.0
32,36,65,2,0,0,54.0
32,25,12,2,0,0,54.0
32,23,0,2,0,0,54.0
32,22,15,2,0,0,54.0
32,8,17,2,0,0,54.0
32,7,30,2,0,0,54.0
32,1,19,2,0,0,54.0
31,97,59,2,0,0,54.0
31,86,64,2,0,0,54.0
31,83,71,2,0,0,54.0
31,78,57,2,0,0,54.0
31,77,61,2,0,0,54.0
31,72,75,2,0,0,54.0
31,63,49,2,0,0,54.0
31,60,77,2,0,0,54.0
31,50,51,2,0,0,54.0
31,49,33,2,0,0,54.0
31,48,53,2,0,0,54.0
31,30,17,2,0,0,54.0
31,29,55,2,0,0,54.0
31,28,66,2,0,0,54.0
31,27,13,2,0,0,54.0
31,18,68,2,0,0,54.0
31,16,73,2,0,0,54.0
30,77,63,2,0,0,54.0
30,69,65,2,0,0,54.0
30,39,35,2,0,0,54.0
30,19,0,2,0,0,54.0
30,2,10,2,0,0,54.0
29,92,73,2,0,0,54.0
29,85,45,2,0,0,54.0
29,84,51,2,0,0,54.0
29,82,77,2,0,0,54.0
29,77,65,2,0,0,54.0
29,76,75,2,0,0,54.0
29,69,67,2,0,0,54.0
29,58,71,2,0,0,54.0
29,46,53,2,0,0,54.0
29,36,26,2,0,0,54.0
29,35,6,2,0,0,54.0
29,30,4,2,0,0,54.0
29,21,2,2,0,0,54.0
29,14,18,2,0,0,54.0
29,13,63,2,0,0,54.0
29,11,8,2,0,0,54.0
29,7,37,2,0,0,54.0
29,1,47,2,0,0,54.0
28,91,68,2,0,0,54.0
28,90,49,2,0,0,54.0
28,83,73,2,0,0,54.0
28,77,70,2,0,0,54.0
28,69,75,2,0,0,54.0
28,50,53,2,0,0,54.0
28,49,41,2,0,0,54.0
28,43,77,2,0,0,54.0
28,35,55,2,0,0,54.0
28,30,14,2,0,0,54.0
28,23,20,2,0,0,54.0
28,20,30,2,0,0,54.0
28,11,59,2,0,0,54.0
28,5,61,2,0,0,54.0
28,0,63,2,0,0,54.0
27,98,61,2,0,0,54.0
27,97,63,2,0,0,54.0
27,88,49,2,0,0,54.0
27,73,75,2,0,0,54.0
27,68,71,2,0,0,54.0
27,37,73,2,0,0,54.0
27,21,18,2,0,0,54.0
27,4,2,2,0,0,54.0
27,1,6,2,0,0,54.0
26,80,73,2,0,0,54.0
26,75,44,2,0,0,54.0
26,57,75,2,0,0,54.0
26,33,77,2,0,0,54.0
25,99,77,2,0,0,54.0
25,96,71,2,0,0,54.0
25,87,57,2,0,0,54.0
25,85,53,2,0,0,54.0
25,59,73,2,0,0,54.0
25,53,75,2,0,0,54.0
25,50,55,2,0,0,54.0
25,39,45,2,0,0,54.0
25,35,61,2,0,0,54.0
25,29,59,2,0,0,54.0
25,14,63,2,0,0,54.0
25,4,69,2,0,0,54.0
24,77,67,2,0,0,54.0
24,58,65,2,0,0,54.0
24,39,43,2,0,0,54.0
24,1,0,2,0,0,54.0
23,91,70,2,0,0,54.0
23,88,47,2,0,0,54.0
23,87,59,2,0,0,54.0
23,85,55,2,0,0,54.0
23,81,72,2,0,0,54.0
23,78,61,2,0,0,54.0
23,72,77,2,0,0,54.0
23,65,57,2,0,0,54.0
23,61,67,2,0,0,54.0
23,59,75,2,0,0,54.0
23,40,43,2,0,0,54.0
23,39,37,2,0,0,54.0
23,36,28,2,0,0,54.0
23,26,15,2,0,0,54.0
23,24,18,2,0,0,54.0
23,22,22,2,0,0,54.0
23,14,10,2,0,0,54.0
23,9,65,2,0,0,54.0
23,8,30,2,0,0,54.0
23,7,35,2,0,0,54.0
23,6,12,2,0,0,54.0
23,2,45,2,0,0,54.0
22,80,75,2,0,0,54.0
22,78,59,2,0,0,54.0
22,35,49,2,0,0,54.0
22,32,67,2,0,0,54.0
22,30,43,2,0,0,54.0
22,20,17,2,0,0,54.0
22,19,35,2,0,0,54.0
22,10,19,2,0,0,54.0
22,4,26,2,0,0,54.0
21,98,63,2,0,0,54.0
21,97,65,2,0,0,54.0
21,93,67,2,0,0,54.0
21,92,75,2,0,0,54.0
21,79,71,2,0,0,54.0
21,75,47,2,0,0,54.0
21,69,69,2,0,0,54.0
21,68,73,2,0,0,54.0
21,65,59,2,0,0,54.0
21,51,55,2,0,0,54.0
21,46,22,2,0,0,54.0
21,15,0,2,0,0,54.0
21,14,14,2,0,0,54.0
21,11,20,2,0,0,54.0
21,4,28,2,0,0,54.0
21,2,61,2,0,0,54.0
20,98,65,2,0,0,54.0
20,93,62,2,0,0,54.0
20,87,67,2,0,0,54.0
20,85,51,2,0,0,54.0
20,84,56,2,0,0,54.0
20,77,72,2,0,0,54.0
20,68,75,2,0,0,54.0
20,65,69,2,0,0,54.0
20,54,77,2,0,0,54.0
20,51,33,2,0,0,54.0
20,46,24,2,0,0,54.0
20,27,8,2,0,0,54.0
20,17,10,2,0,0,54.0
20,11,0,2,0,0,54.0
20,9,19,2,0,0,54.0
20,8,21,2,0,0,54.0
19,92,77,2,0,0,54.0
19,88,51,2,0,0,54.0
19,69,71,2,0,0,54.0
19,62,64,2,0,0,54.0
19,46,49,2,0,0,54.0
19,40,67,2,0,0,54.0
19,35,12,2,0,0,54.0
19,24,14,2,0,0,54.0
19,22,53,2,0,0,54.0
19,20,2,2,0,0,54.0
19,16,10,2,0,0,54.0
19,15,31,2,0,0,54.0
19,5,23,2,0,0,54.0
18,93,64,2,0,0,54.0
18,81,70,2,0,0,54.0
18,79,73,2,0,0,54.0
18,69,77,2,0,0,54.0
18,67,66,2,0,0,54.0
18,56,24,2,0,0,54.0
18,55,61,2,0,0,54.0
18,50,57,2,0,0,54.0
18,48,55,2,0,0,54.0
18,46,75,2,0,0,54.0
18,35,53,2,0,0,54.0
18,24,20,2,0,0,54.0
18,14,12,2,0,0,54.0
18,9,15,2,0,0,54.0
18,5,0,2,0,0,54.0
18,3,2,2,0,0,54.0
17,96,73,2,0,0,54.0
17,91,75,2,0,0,54.0
17,81,77,2,0,0,54.0
17,78,63,2,0,0,54.0
17,61,55,2,0,0,54.0
17,32,71,2,0,0,54.0
17,30,59,2,0,0,54.0
17,14,16,2,0,0,54.0
17,12,18,2,0,0,54.0
17,11,26,2,0,0,54.0
17,0,31,2,0,0,54.0
16,96,75,2,0,0,54.0
16,94,71,2,0,0,54.0
16,90,47,2,0,0,54.0
16,89,57,2,0,0,54.0
16,86,66,2,0,0,54.0
16,77,77,2,0,0,54.0
16,75,35,2,0,0,54.0
16,67,59,2,0,0,54.0
16,55,68,2,0,0,54.0
16,48,30,2,0,0,54.0
16,44,25,2,0,0,54.0
16,42,43,2,0,0,54.0
16,32,41,2,0,0,54.0
16,30,6,2,0,0,54.0
16,27,15,2,0,0,54.0
16,7,17,2,0,0,54.0
16,3,0,2,0,0,54.0
16,0,4,2,0,0,54.0
15,83,75,2,0,0,54.0
15,49,37,2,0,0,54.0
15,45,47,2,0,0,54.0
15,29,57,2,0,0,54.0
15,26,55,2,0,0,54.0
15,23,63,2,0,0,54.0
15,14,20,2,0,0,54.0
14,94,73,2,0,0,54.0
14,91,77,2,0,0,54.0
14,89,55,2,0,0,54.0
14,79,75,2,0,0,54.0
14,59,71,2,0,0,54.0
14,46,65,2,0,0,54.0
14,30,22,2,0,0,54.0
14,24,31,2,0,0,54.0
14,15,43,2,0,0,54.0
14,2,49,2,0,0,54.0
13,84,49,2,0,0,54.0
13,81,74,2,0,0,54.0
13,62,77,2,0,0,54.0
13,56,65,2,0,0,54.0
13,40,69,2,0,0,54.0
13,24,28,2,0,0,54.0
13,4,0,2,0,0,54.0
12,98,67,2,0,0,54.0
12,88,53,2,0,0,54.0
12,86,69,2,0,0,54.0
12,85,59,2,0,0,54.0
12,79,77,2,0,0,54.0
12,77,74,2,0,0,54.0
12,71,46,2,0,0,54.0
12,65,61,2,0,0,54.0
12,48,51,2,0,0,54.0
12,45,65,2,0,0,54.0
12,44,71,2,0,0,54.0
12,36,24,2,0,0,54.0
12,21,39,2,0,0,54.0
12,13,2,2,0,0,54.0
12,8,26,2,0,0,54.0
11,94,75,2,0,0,54.0
11,88,57,2,0,0,54.0
11,86,71,2,0,0,54.0
11,83,77,2,0,0,54.0
11,75,42,2,0,0,54.0
11,69,73,2,0,0,54.0
11,46,29,2,0,0,54.0
11,27,66,2,0,0,54.0
11,15,61,2,0,0,54.0
11,12,4,2,0,0,54.0
11,9,34,2,0,0,54.0
11,6,2,2,0,0,54.0
11,5,6,2,0,0,54.0
11,4,47,2,0,0,54.0
10,97,68,2,0,0,54.0
10,96,77,2,0,0,54.0
10,91,72,2,0,0,54.0
10,89,61,2,0,0,54.0
10,84,70,2,0,0,54.0
10,78,74,2,0,0,54.0
10,56,26,2,0,0,54.0
10,51,57,2,0,0,54.0
10,45,37,2,0,0,54.0
10,44,35,2,0,0,54.0
10,42,39,2,0,0,54.0
10,8,15,2,0,0,54.0
10,7,28,2,0,0,54.0
10,4,6,2,0,0,54.0
10,3,8,2,0,0,54.0
10,2,12,2,0,0,54.0
9,85,67,2,0,0,54.0
9,73,77,2,0,0,54.0
9,65,71,2,0,0,54.0
9,55,73,2,0,0,54.0
9,48,75,2,0,0,54.0
9,39,69,2,0,0,54.0
9,13,17,2,0,0,54.0
9,8,23,2,0,0,54.0
9,3,21,2,0,0,54.0
8,98,69,2,0,0,54.0
8,93,73,2,0,0,54.0
8,78,65,2,0,0,54.0
8,61,33,2,0,0,54.0
8,44,37,2,0,0,54.0
8,21,57,2,0,0,54.0
8,19,39,2,0,0,54.0
7,85,49,2,0,0,54.0
7,67,63,2,0,0,54.0
7,65,73,2,0,0,54.0
7,58,67,2,0,0,54.0
7,50,59,2,0,0,54.0
7,14,57,2,0,0,54.0
6,94,77,2,0,0,54.0
6,87,61,2,0,0,54.0
6,78,67,2,0,0,54.0
6,75,49,2,0,0,54.0
6,71,43,2,0,0,54.0
6,50,63,2,0,0,54.0
6,49,39,2,0,0,54.0
6,42,37,2,0,0,54.0
6,40,59,2,0,0,54.0
6,29,69,2,0,0,54.0
6,25,65,2,0,0,54.0
6,22,45,2,0,0,54.0
6,17,28,2,0,0,54.0
6,15,10,2,0,0,54.0
6,14,53,2,0,0,54.0
6,13,19,2,0,0,54.0
6,3,6,2,0,0,54.0
6,1,4,2,0,0,54.0
6,0,0,2,0,0,54.0
5,93,69,2,0,0,54.0
5,85,63,2,0,0,54.0
5,84,53,2,0,0,54.0
5,80,77,2,0,0,54.0
5,63,25,2,0,0,54.0
5,50,65,2,0,0,54.0
5,48,73,2,0,0,54.0
5,44,47,2,0,0,54.0
5,42,55,2,0,0,54.0
5,36,37,2,0,0,54.0
5,35,71,2,0,0,54.0
5,30,8,2,0,0,54.0
5,24,39,2,0,0,54.0
5,19,33,2,0,0,54.0
5,17,67,2,0,0,54.0
5,16,12,2,0,0,54.0
5,15,14,2,0,0,54.0
5,8,75,2,0,0,54.0
5,4,16,2,0,0,54.0
5,3,18,2,0,0,54.0
4,78,76,2,0,0,54.0
4,68,78,2,0,0,54.0
4,61,50,2,0,0,54.0
4,26,58,2,0,0,54.0
4,24,54,2,0,0,54.0
4,20,36,2,0,0,54.0
4,18,45,2,0,0,54.0
4,13,21,2,0,0,54.0
3,85,61,2,0,0,54.0
3,78,69,2,0,0,54.0
3,56,38,2,0,0,54.0
3,50,67,2,0,0,54.0
3,46,34,2,0,0,54.0
3,41,77,2,0,0,54.0
3,32,73,2,0,0,54.0
3,30,53,2,0,0,54.0
3,24,71,2,0,0,54.0
3,17,65,2,0,0,54.0
3,9,28,2,0,0,54.0
3,6,16,2,0,0,54.0
2,15,22,2,0,0,54.0
2,11,53,2,0,0,54.0
2,3,43,2,0,0,54.0
1,61,69,2,0,0,54.0
1,22,63,2,0,0,54.0
1,18,8,2,0,0,54.0
0,93,75,2,0,0,54.0
0,88,55,2,0,0,54.0
0,87,65,2,0,0,54.0
0,71,57,2,0,0,54.0
0,59,77,2,0,0,54.0
0,44,59,2,0,0,54.0
0,7,15,2,0,0,54.0
0,4,38,2,0,0,54.0
0,1,2,2,0,0,54.0
