src,dst,spec,slots_used,core_src,core_dst,tfk_slot
0,44,0,2,0,0,20.0
0,57,2,2,0,0,20.0
91,23,0,20,0,0,460.0
0,60,4,2,0,0,20.0
0,62,6,2,0,0,20.0
1,8,0,2,0,0,20.0
88,20,0,20,0,0,460.0
1,62,2,2,0,0,20.0
66,87,0,20,0,0,460.0
1,68,4,2,0,0,20.0
2,8,2,2,0,0,20.0
63,58,0,20,0,0,460.0
62,89,8,20,0,0,460.0
59,3,0,20,0,0,460.0
2,10,0,2,0,0,20.0
2,16,4,2,0,0,20.0
2,27,6,2,0,0,20.0
2,28,8,2,0,0,20.0
2,71,10,2,0,0,20.0
2,74,12,2,0,0,20.0
50,17,0,20,0,0,460.0
47,38,0,20,0,0,460.0
2,86,14,2,0,0,20.0
2,92,16,2,0,0,20.0
37,57,4,20,0,0,460.0
30,66,20,20,0,0,460.0
2,93,18,2,0,0,20.0
30,63,40,20,0,0,460.0
3,1,20,2,0,0,20.0
3,61,22,2,0,0,20.0
3,65,24,2,0,0,20.0
3,84,26,2,0,0,20.0
4,7,0,2,0,0,20.0
4,12,2,2,0,0,20.0
4,29,4,2,0,0,20.0
4,47,20,2,0,0,20.0
4,49,6,2,0,0,20.0
4,90,8,2,0,0,20.0
5,7,2,2,0,0,20.0
5,8,4,2,0,0,20.0
30,37,60,20,0,0,460.0
5,30,0,2,0,0,20.0
5,39,6,2,0,0,20.0
24,60,6,20,0,0,460.0
19,33,0,20,0,0,460.0
5,47,22,2,0,0,20.0
14,24,26,20,0,0,460.0
5,75,8,2,0,0,20.0
1,87,22,20,0,0,460.0
5,76,10,2,0,0,20.0
6,1,6,2,0,0,20.0
6,11,0,2,0,0,20.0
6,21,2,2,0,0,20.0
6,36,4,2,0,0,20.0
6,40,8,2,0,0,20.0
6,54,10,2,0,0,20.0
7,30,4,2,0,0,20.0
7,32,6,2,0,0,20.0
95,45,0,18,0,0,420.0
95,17,20,18,0,0,420.0
7,35,8,2,0,0,20.0
7,41,10,2,0,0,20.0
7,47,24,2,0,0,20.0
7,50,20,2,0,0,20.0
7,52,12,2,0,0,20.0
7,71,14,2,0,0,20.0
95,0,38,18,0,0,420.0
7,90,16,2,0,0,20.0
8,4,10,2,0,0,20.0
94,78,0,18,0,0,420.0
8,5,12,2,0,0,20.0
8,7,18,2,0,0,20.0
8,17,38,2,0,0,20.0
94,41,18,18,0,0,420.0
8,23,20,2,0,0,20.0
8,32,8,2,0,0,20.0
8,37,24,2,0,0,20.0
8,40,6,2,0,0,20.0
8,45,22,2,0,0,20.0
8,59,26,2,0,0,20.0
8,66,40,2,0,0,20.0
94,37,36,18,0,0,420.0
8,68,14,2,0,0,20.0
93,6,20,18,0,0,420.0
8,86,16,2,0,0,20.0
8,89,28,2,0,0,20.0
9,26,0,2,0,0,20.0
9,27,2,2,0,0,20.0
9,28,4,2,0,0,20.0
9,32,10,2,0,0,20.0
91,49,20,18,0,0,420.0
88,87,42,18,0,0,420.0
88,56,20,18,0,0,420.0
9,44,6,2,0,0,20.0
9,62,28,2,0,0,20.0
9,63,20,2,0,0,20.0
84,66,42,18,0,0,420.0
9,67,8,2,0,0,20.0
9,74,14,2,0,0,20.0
84,32,60,18,0,0,420.0
9,82,12,2,0,0,20.0
83,12,4,18,0,0,420.0
9,93,16,2,0,0,20.0
78,49,38,18,0,0,420.0
10,0,8,2,0,0,20.0
10,19,20,2,0,0,20.0
10,31,2,2,0,0,20.0
10,39,4,2,0,0,20.0
10,54,6,2,0,0,20.0
73,70,0,18,0,0,420.0
10,56,10,2,0,0,20.0
10,57,24,2,0,0,20.0
10,66,60,2,0,0,20.0
10,67,12,2,0,0,20.0
10,71,16,2,0,0,20.0
10,76,14,2,0,0,20.0
10,84,18,2,0,0,20.0
10,86,22,2,0,0,20.0
10,87,62,2,0,0,20.0
10,93,38,2,0,0,20.0
11,45,18,2,0,0,20.0
11,47,26,2,0,0,20.0
71,70,18,18,0,0,420.0
71,24,46,18,0,0,420.0
11,81,2,2,0,0,20.0
12,14,0,2,0,0,20.0
12,50,22,2,0,0,20.0
13,52,0,2,0,0,20.0
13,69,2,2,0,0,20.0
13,77,4,2,0,0,20.0
13,81,6,2,0,0,20.0
70,73,36,18,0,0,420.0
69,55,4,18,0,0,420.0
13,84,8,2,0,0,20.0
14,12,24,2,0,0,20.0
14,22,2,2,0,0,20.0
14,56,4,2,0,0,20.0
14,72,6,2,0,0,20.0
14,79,8,2,0,0,20.0
14,81,10,2,0,0,20.0
14,86,12,2,0,0,20.0
14,95,18,2,0,0,20.0
69,30,22,18,0,1,420.0
14,98,14,2,0,0,20.0
15,9,18,2,0,0,20.0
15,25,0,2,0,0,20.0
15,50,24,2,0,0,20.0
15,52,2,2,0,0,20.0
66,91,62,18,0,0,420.0
15,78,20,2,0,0,20.0
15,79,4,2,0,0,20.0
16,12,26,2,0,0,20.0
66,34,0,18,1,0,420.0
16,17,40,2,0,0,20.0
16,26,2,2,0,0,20.0
16,27,0,2,0,0,20.0
64,71,0,18,0,1,420.0
63,94,60,18,0,0,420.0
16,28,6,2,0,0,20.0
59,33,28,18,0,0,420.0
16,56,8,2,0,0,20.0
16,82,10,2,0,0,20.0
57,9,30,18,0,0,420.0
16,86,18,2,0,0,20.0
16,95,56,2,0,0,20.0
17,4,42,2,0,0,20.0
17,47,44,2,0,0,20.0
57,0,56,18,0,0,420.0
17,98,46,2,0,0,20.0
56,89,38,18,0,0,420.0
18,14,16,2,0,0,20.0
52,86,24,18,0,0,420.0
18,36,0,2,0,0,20.0
18,47,28,2,0,0,20.0
47,56,56,18,0,0,420.0
18,68,2,2,0,0,20.0
18,69,40,2,0,0,20.0
18,78,18,2,0,0,20.0
18,83,22,2,0,0,20.0
19,1,42,2,0,0,20.0
45,6,38,18,0,0,420.0
19,39,22,2,0,0,20.0
19,48,24,2,0,0,20.0
19,56,74,2,0,0,20.0
19,60,26,2,0,0,20.0
20,87,20,2,0,0,20.0
41,26,36,18,0,0,420.0
34,41,54,18,0,0,420.0
33,50,46,18,0,0,420.0
33,13,10,18,1,0,420.0
20,97,22,2,0,0,20.0
21,5,14,2,0,0,20.0
21,13,28,2,0,0,20.0
33,0,28,18,1,1,420.0
21,24,0,2,0,0,20.0
21,29,6,2,0,0,20.0
21,33,20,2,0,0,20.0
21,71,4,2,0,0,20.0
21,77,8,2,0,0,20.0
21,79,10,2,0,0,20.0
21,88,38,2,0,0,20.0
22,53,0,2,0,0,20.0
22,99,4,2,0,0,20.0
23,3,28,2,0,0,20.0
23,33,22,2,0,0,20.0
30,58,40,18,1,0,420.0
28,62,30,18,0,0,420.0
23,65,26,2,0,0,20.0
23,74,24,2,0,0,20.0
24,62,48,18,1,0,420.0
23,94,54,2,0,0,20.0
24,38,64,2,0,0,20.0
23,93,56,18,0,0,420.0
19,58,44,18,0,1,420.0
24,74,2,2,0,0,20.0
24,86,4,2,0,0,20.0
24,92,66,2,0,0,20.0
19,3,30,18,1,0,420.0
17,30,58,18,0,1,420.0
24,99,68,2,0,0,20.0
16,94,58,18,0,1,420.0
25,7,22,2,0,0,20.0
25,17,48,2,0,0,20.0
13,1,44,18,0,0,420.0
25,32,2,2,0,0,20.0
25,48,4,2,0,0,20.0
25,51,6,2,0,0,20.0
11,84,28,18,0,1,420.0
25,52,8,2,0,0,20.0
11,28,48,18,0,0,420.0
7,99,26,18,0,0,420.0
25,74,10,2,0,0,20.0
25,77,12,2,0,0,20.0
7,39,44,18,0,0,420.0
6,84,56,18,0,1,420.0
25,86,20,2,0,0,20.0
26,23,30,2,0,0,20.0
26,34,18,2,0,0,20.0
26,50,26,2,0,0,20.0
26,76,4,2,0,0,20.0
27,4,12,2,0,0,20.0
27,9,22,2,0,0,20.0
4,0,46,18,0,1,420.0
27,31,4,2,0,0,20.0
27,39,8,2,0,0,20.0
27,43,10,2,0,0,20.0
27,44,14,2,0,0,20.0
27,49,16,2,0,0,20.0
27,57,26,2,0,0,20.0
27,80,18,2,0,0,20.0
3,17,48,18,0,1,420.0
28,6,12,2,0,0,20.0
99,47,6,17,0,1,380.0
28,26,10,2,0,0,20.0
28,27,20,2,0,0,20.0
95,38,58,17,0,1,380.0
95,26,54,17,1,0,380.0
28,51,0,2,0,0,20.0
28,63,22,2,0,0,20.0
28,75,2,2,0,0,20.0
94,14,0,17,1,1,380.0
91,89,38,17,0,1,380.0
28,79,14,2,0,0,20.0
28,80,16,2,0,0,20.0
91,14,46,17,1,0,380.0
86,91,63,17,0,1,380.0
28,88,66,2,0,0,20.0
29,14,20,2,0,0,20.0
85,60,28,17,0,0,380.0
83,57,24,17,0,1,380.0
29,38,22,2,0,0,20.0
29,40,0,2,0,0,20.0
29,94,56,2,0,0,20.0
30,4,14,2,0,0,20.0
82,99,44,17,0,0,380.0
30,15,6,2,0,0,20.0
30,16,12,2,0,0,20.0
30,23,2,2,0,1,20.0
30,27,8,2,0,1,20.0
30,60,10,2,0,1,20.0
30,74,16,2,0,0,20.0
30,77,18,2,0,0,20.0
30,80,0,2,1,0,20.0
30,92,2,2,1,0,20.0
82,57,61,17,0,1,380.0
31,4,16,2,0,0,20.0
78,25,56,17,0,0,380.0
31,12,28,2,0,0,20.0
31,14,22,2,0,0,20.0
31,17,50,2,0,0,20.0
69,19,48,17,0,1,380.0
66,90,18,17,1,0,380.0
31,21,12,2,0,0,20.0
61,28,0,17,0,1,380.0
61,20,24,17,0,0,380.0
31,24,70,2,0,0,20.0
31,47,30,2,0,0,20.0
31,50,32,2,0,0,20.0
60,18,45,17,0,0,380.0
31,51,8,2,0,0,20.0
31,54,0,2,0,0,20.0
31,57,48,2,0,0,20.0
31,62,66,2,0,0,20.0
31,71,6,2,0,0,20.0
31,83,41,2,0,0,20.0
31,99,24,2,0,0,20.0
59,65,46,17,0,0,380.0
32,13,30,2,0,0,20.0
32,19,28,2,0,0,20.0
32,20,41,2,0,0,20.0
32,39,0,2,0,0,20.0
32,51,4,2,0,0,20.0
32,52,14,2,0,0,20.0
32,58,20,2,0,0,20.0
32,59,22,2,0,0,20.0
32,83,43,2,0,0,20.0
32,87,78,2,0,0,20.0
32,99,12,2,0,1,20.0
33,22,24,2,0,0,20.0
33,60,64,2,0,0,20.0
33,69,66,2,0,0,20.0
33,81,26,2,0,0,20.0
33,87,68,2,0,0,20.0
33,95,75,2,0,0,20.0
34,1,72,2,0,0,20.0
34,37,26,2,0,0,20.0
34,55,22,2,0,0,20.0
59,28,63,17,0,1,380.0
34,57,28,2,0,0,20.0
34,65,20,2,0,0,20.0
58,1,22,17,0,1,380.0
34,75,24,2,0,0,20.0
57,84,0,17,1,1,380.0
34,76,30,2,0,0,20.0
34,80,32,2,0,0,20.0
34,83,45,2,0,0,20.0
35,11,4,2,0,0,20.0
35,16,14,2,0,0,20.0
56,93,0,17,1,1,380.0
35,17,52,2,0,0,20.0
35,40,2,2,0,0,20.0
35,55,0,2,0,0,20.0
56,52,42,17,1,0,380.0
35,68,6,2,0,0,20.0
35,70,54,2,0,0,20.0
35,85,10,2,0,0,20.0
35,88,40,2,0,0,20.0
35,89,30,2,0,0,20.0
54,23,32,17,0,0,380.0
35,90,12,2,0,0,20.0
51,52,59,17,0,0,380.0
36,1,8,2,0,0,20.0
36,24,72,2,0,0,20.0
36,33,70,2,0,0,20.0
36,63,24,2,0,0,20.0
51,2,20,17,0,0,380.0
50,63,0,17,1,1,380.0
37,47,32,2,0,0,20.0
37,65,0,2,0,0,20.0
37,70,56,2,0,0,20.0
37,99,2,2,0,0,20.0
49,93,56,17,0,1,380.0
47,19,23,17,1,2,380.0
38,61,20,2,0,0,20.0
37,60,12,17,1,1,380.0
38,67,24,2,0,0,20.0
36,81,28,17,0,0,380.0
33,51,46,17,1,1,380.0
38,75,26,2,0,0,20.0
38,85,45,2,0,0,20.0
32,69,0,17,1,1,380.0
39,1,10,2,0,0,20.0
39,16,16,2,0,0,20.0
32,68,17,17,1,0,380.0
27,52,28,17,0,1,380.0
39,24,74,2,0,0,20.0
39,34,34,2,0,0,20.0
24,14,17,17,1,1,380.0
39,42,2,2,0,0,20.0
39,63,26,2,0,0,20.0
39,69,42,2,0,0,20.0
20,93,43,17,0,2,380.0
39,98,12,2,0,0,20.0
40,3,66,2,0,0,20.0
40,24,76,2,0,0,20.0
20,83,60,17,0,0,380.0
40,33,72,2,0,0,20.0
40,34,36,2,0,0,20.0
40,35,16,2,0,0,20.0
40,54,4,2,0,0,20.0
40,69,44,2,0,0,20.0
40,80,10,2,0,0,20.0
18,29,62,17,0,0,380.0
40,87,60,2,0,0,20.0
14,1,63,17,0,1,380.0
13,41,62,17,0,1,380.0
40,88,62,2,0,0,20.0
40,96,12,2,0,0,20.0
13,20,0,17,1,1,380.0
40,98,18,2,0,0,20.0
41,24,78,2,0,0,20.0
41,62,0,2,0,0,20.0
41,75,4,2,0,0,20.0
13,11,17,17,1,1,380.0
41,81,8,2,0,0,20.0
42,10,26,2,0,0,20.0
42,28,18,2,0,0,20.0
43,0,12,2,0,0,20.0
43,3,68,2,0,0,20.0
43,5,16,2,0,0,20.0
9,89,56,17,0,0,380.0
7,60,62,17,0,1,380.0
43,9,24,2,0,0,20.0
5,88,24,17,0,1,380.0
43,13,32,2,0,0,20.0
2,39,37,17,0,1,380.0
43,30,4,2,0,1,20.0
1,18,0,17,1,1,380.0
43,47,34,2,0,0,20.0
43,49,0,2,0,0,20.0
43,55,2,2,0,0,20.0
43,59,20,2,0,0,20.0
94,90,35,15,1,0,340.0
43,67,6,2,0,0,20.0
43,71,8,2,0,0,20.0
43,89,36,2,0,0,20.0
43,96,14,2,0,0,20.0
43,99,61,2,0,0,20.0
44,3,70,2,0,0,20.0
90,28,50,15,0,2,340.0
84,42,28,15,2,0,340.0
44,4,18,2,0,0,20.0
44,25,16,2,0,0,20.0
44,28,24,2,0,0,20.0
44,29,2,2,0,0,20.0
44,31,10,2,0,0,20.0
84,4,64,15,2,0,340.0
44,43,22,2,0,0,20.0
44,45,20,2,0,0,20.0
44,53,4,2,0,0,20.0
83,58,58,15,1,0,340.0
44,73,26,2,0,0,20.0
82,25,24,15,0,0,340.0
44,74,8,2,0,0,20.0
44,76,12,2,0,0,20.0
44,78,28,2,0,0,20.0
81,59,45,15,0,1,340.0
45,2,56,2,0,0,20.0
45,23,74,2,0,0,20.0
81,17,60,15,0,2,340.0
80,99,34,15,0,1,340.0
45,56,76,2,0,0,20.0
45,70,58,2,0,0,20.0
45,73,24,2,0,0,20.0
45,75,28,2,0,0,20.0
78,1,39,15,1,1,340.0
45,77,26,2,0,0,20.0
45,95,78,2,0,0,20.0
46,6,14,2,0,0,20.0
46,7,0,2,0,1,20.0
46,13,34,2,0,0,20.0
46,27,24,2,0,0,20.0
46,28,26,2,0,0,20.0
46,34,38,2,0,0,20.0
46,44,30,2,0,0,20.0
46,56,2,2,0,0,20.0
46,58,73,2,0,0,20.0
46,59,4,2,0,1,20.0
46,67,10,2,0,0,20.0
46,69,46,2,0,0,20.0
46,70,60,2,0,0,20.0
46,86,6,2,0,0,20.0
46,90,65,2,0,0,20.0
75,14,34,15,0,1,340.0
46,91,55,2,0,0,20.0
69,32,45,15,1,0,340.0
47,6,74,2,0,0,20.0
47,7,36,2,0,1,20.0
47,8,42,2,0,0,20.0
47,76,38,2,0,0,20.0
68,95,34,15,0,1,340.0
47,92,40,2,0,0,20.0
47,97,46,2,0,0,20.0
48,3,72,2,0,0,20.0
48,6,16,2,0,0,20.0
48,14,49,2,0,1,20.0
48,26,6,2,0,0,20.0
48,47,51,2,0,0,20.0
48,55,26,2,0,0,20.0
48,66,35,2,0,1,20.0
48,73,18,2,0,0,20.0
48,74,0,2,0,0,20.0
63,64,18,15,1,0,340.0
48,75,10,2,0,0,20.0
62,35,56,15,1,0,340.0
48,78,22,2,0,0,20.0
58,67,26,15,1,0,340.0
48,79,2,2,0,0,20.0
48,84,12,2,0,0,20.0
48,89,32,2,0,0,20.0
49,7,2,2,0,1,20.0
49,36,10,2,0,0,20.0
50,4,28,2,0,0,20.0
50,23,76,2,0,0,20.0
55,12,30,15,0,0,340.0
50,24,34,2,0,1,20.0
50,30,78,2,0,1,20.0
50,47,40,2,0,1,20.0
50,98,30,2,0,0,20.0
51,0,10,2,0,0,20.0
51,22,12,2,0,0,20.0
51,53,2,2,0,0,20.0
51,60,76,2,0,0,20.0
51,73,54,2,0,0,20.0
51,88,78,2,0,0,20.0
51,96,16,2,0,0,20.0
52,5,18,2,0,0,20.0
52,26,16,2,0,0,20.0
52,41,6,2,0,0,20.0
52,56,78,2,0,0,20.0
52,65,4,2,0,0,20.0
50,69,17,15,1,1,340.0
52,71,76,2,0,0,20.0
52,74,20,2,0,0,20.0
52,93,10,2,0,0,20.0
53,2,54,2,0,0,20.0
49,81,0,15,1,1,340.0
53,10,28,2,0,0,20.0
53,14,51,2,0,1,20.0
53,21,16,2,0,0,20.0
53,29,8,2,0,0,20.0
47,9,42,15,1,1,340.0
53,31,14,2,0,0,20.0
53,40,20,2,0,0,20.0
46,62,0,15,1,1,340.0
53,49,12,2,0,0,20.0
53,58,75,2,0,0,20.0
39,91,0,15,1,1,340.0
39,55,54,15,1,0,340.0
53,66,37,2,0,1,20.0
35,60,29,15,1,1,340.0
34,62,15,15,1,1,340.0
29,70,24,15,0,1,340.0
53,69,68,2,0,0,20.0
26,27,45,15,1,0,340.0
25,66,39,15,1,1,340.0
53,76,6,2,0,0,20.0
53,82,18,2,0,0,20.0
21,56,59,15,0,1,340.0
53,89,34,2,0,0,20.0
21,16,40,15,0,1,340.0
54,4,22,2,0,0,20.0
54,15,8,2,0,0,20.0
54,48,14,2,0,0,20.0
54,71,2,2,0,0,20.0
54,79,12,2,0,0,20.0
21,3,0,15,1,1,340.0
20,59,17,15,1,1,340.0
54,81,16,2,0,0,20.0
54,82,20,2,0,0,20.0
19,42,65,15,1,0,340.0
16,99,14,15,1,1,340.0
54,98,24,2,0,0,20.0
55,7,24,2,0,1,20.0
55,9,48,2,0,0,20.0
55,13,45,2,0,1,20.0
55,41,72,2,0,0,20.0
15,33,63,15,0,1,340.0
55,42,50,2,0,0,20.0
14,78,54,15,1,1,340.0
55,52,52,2,0,1,20.0
55,53,70,2,0,0,20.0
55,70,74,2,0,0,20.0
55,85,76,2,0,0,20.0
55,99,78,2,0,0,20.0
10,70,40,15,0,1,340.0
56,6,18,2,0,0,20.0
56,8,0,2,0,1,20.0
56,15,12,2,0,0,20.0
56,27,6,2,0,1,20.0
56,31,14,2,0,1,20.0
56,66,16,2,0,2,20.0
56,87,74,2,1,0,20.0
57,17,54,2,0,0,20.0
57,35,50,2,0,0,20.0
57,67,0,2,0,0,20.0
9,60,0,15,1,2,340.0
57,82,78,2,0,0,20.0
57,91,52,2,0,2,20.0
58,31,77,2,0,0,20.0
58,37,0,2,1,1,20.0
58,54,18,2,1,0,20.0
59,2,24,2,0,1,20.0
59,9,73,2,1,0,20.0
59,18,6,2,1,0,20.0
59,24,0,2,1,1,20.0
59,26,8,2,1,0,20.0
59,31,34,2,1,0,20.0
59,39,14,2,1,0,20.0
59,46,12,2,1,0,20.0
6,3,15,15,1,1,340.0
59,48,37,2,1,0,20.0
5,22,41,15,0,0,340.0
99,82,63,5,0,1,80.0
59,66,60,2,1,1,20.0
59,99,70,2,1,0,20.0
60,33,78,2,0,0,20.0
60,65,2,2,0,0,20.0
61,7,17,2,0,1,20.0
61,8,44,2,0,0,20.0
99,68,72,5,0,0,80.0
61,16,42,2,0,0,20.0
61,19,62,2,0,0,20.0
99,32,49,5,1,1,80.0
61,23,49,2,0,0,20.0
98,96,0,5,0,0,80.0
61,40,46,2,0,0,20.0
61,57,74,2,0,0,20.0
61,77,51,2,0,0,20.0
61,79,53,2,0,0,20.0
61,82,55,2,0,1,20.0
98,89,73,5,0,0,80.0
61,83,57,2,0,0,20.0
61,90,67,2,0,0,20.0
61,94,78,2,0,0,20.0
61,95,71,2,0,1,20.0
98,84,32,5,0,0,80.0
98,55,5,5,0,1,80.0
98,46,40,5,0,0,80.0
61,98,59,2,0,0,20.0
62,1,68,2,0,0,20.0
62,2,70,2,0,0,20.0
98,41,48,5,0,1,80.0
62,53,72,2,0,0,20.0
62,84,4,2,0,0,20.0
63,28,28,2,0,0,20.0
98,39,62,5,0,0,80.0
63,50,36,2,0,0,20.0
98,21,53,5,0,1,80.0
63,62,78,2,0,0,20.0
64,41,74,2,0,0,20.0
64,43,38,2,0,0,20.0
98,11,67,5,0,0,80.0
65,18,8,2,0,0,20.0
98,10,30,5,1,0,80.0
65,38,28,2,0,0,20.0
98,1,12,5,1,0,80.0
65,73,22,2,0,0,20.0
97,94,17,5,0,1,80.0
66,1,62,2,1,0,20.0
97,88,68,5,0,0,80.0
66,12,54,2,1,0,20.0
66,21,56,2,1,0,20.0
66,22,58,2,1,0,20.0
66,24,66,2,1,1,20.0
66,65,64,2,1,0,20.0
97,78,30,5,0,0,80.0
97,63,35,5,0,1,80.0
97,50,40,5,0,1,80.0
66,79,68,2,1,0,20.0
97,49,73,5,0,0,80.0
67,16,20,2,0,0,20.0
67,22,14,2,0,0,20.0
67,28,68,2,0,0,20.0
97,37,2,5,0,1,80.0
67,32,16,2,0,0,20.0
97,28,24,5,0,1,80.0
96,98,5,5,0,1,80.0
67,37,54,2,0,0,20.0
67,64,41,2,0,0,20.0
67,77,2,2,0,0,20.0
67,97,48,2,0,0,20.0
68,5,56,2,0,0,20.0
69,22,70,2,0,0,20.0
70,54,62,2,0,0,20.0
70,80,64,2,0,0,20.0
70,90,69,2,0,0,20.0
71,2,64,2,0,0,20.0
71,25,39,2,0,0,20.0
71,27,66,2,0,0,20.0
71,56,36,2,0,1,20.0
71,88,73,2,0,0,20.0
71,94,78,2,0,1,20.0
71,98,0,2,0,1,20.0
72,9,26,2,0,0,20.0
72,23,51,2,0,0,20.0
72,24,2,2,0,1,20.0
72,29,10,2,0,0,20.0
72,30,8,2,0,1,20.0
96,92,18,5,0,0,80.0
72,33,0,2,0,1,20.0
72,34,40,2,0,0,20.0
72,36,12,2,0,0,20.0
72,37,28,2,0,0,20.0
72,42,4,2,0,0,20.0
72,44,32,2,0,0,20.0
96,89,23,5,0,1,80.0
72,75,14,2,0,0,20.0
96,65,30,5,0,0,80.0
72,76,16,2,0,0,20.0
72,82,22,2,0,0,20.0
73,15,28,2,0,0,20.0
73,46,20,2,0,0,20.0
73,50,64,2,0,0,20.0
73,77,30,2,0,0,20.0
74,2,58,2,0,0,20.0
74,7,4,2,0,1,20.0
74,11,6,2,0,0,20.0
96,51,37,5,0,0,80.0
74,15,22,2,0,0,20.0
74,16,28,2,0,0,20.0
74,18,26,2,0,0,20.0
74,21,18,2,0,0,20.0
74,23,78,2,0,0,20.0
96,43,42,5,0,0,80.0
96,38,47,5,0,0,80.0
74,29,39,2,0,0,20.0
74,41,76,2,0,0,20.0
74,42,43,2,0,0,20.0
74,47,48,2,0,0,20.0
74,48,30,2,0,0,20.0
74,60,62,2,0,0,20.0
96,37,52,5,0,1,80.0
74,63,32,2,0,0,20.0
96,35,71,5,0,0,80.0
74,67,45,2,0,0,20.0
74,68,50,2,0,0,20.0
74,77,34,2,0,0,20.0
74,81,36,2,0,1,20.0
96,9,57,5,0,1,80.0
74,82,41,2,0,0,20.0
95,63,49,5,1,1,80.0
94,72,53,5,1,0,80.0
94,62,30,5,1,1,80.0
74,94,52,2,0,2,20.0
94,60,22,5,1,2,80.0
94,45,30,5,2,0,80.0
75,2,60,2,0,0,20.0
75,5,20,2,0,0,20.0
94,29,12,5,2,0,80.0
75,8,30,2,0,0,20.0
75,12,49,2,0,0,20.0
75,17,56,2,0,0,20.0
75,60,0,2,0,0,20.0
75,63,54,2,0,1,20.0
75,65,6,2,0,0,20.0
75,69,72,2,0,0,20.0
75,77,16,2,0,0,20.0
75,79,18,2,0,0,20.0
75,91,58,2,0,0,20.0
94,17,0,5,2,1,80.0
94,4,35,5,2,0,80.0
75,95,12,2,0,1,20.0
93,99,0,5,0,1,80.0
76,1,18,2,0,0,20.0
76,2,62,2,0,0,20.0
76,8,32,2,0,0,20.0
93,87,5,5,0,1,80.0
76,12,45,2,0,0,20.0
76,15,26,2,0,0,20.0
93,84,46,5,0,1,80.0
93,63,40,5,0,1,80.0
93,50,51,5,0,1,80.0
93,42,74,5,0,1,80.0
93,25,41,5,1,0,80.0
76,18,20,2,0,0,20.0
76,25,50,2,0,0,20.0
76,28,70,2,0,0,20.0
76,33,2,2,0,1,20.0
93,22,17,5,1,0,80.0
76,42,0,2,0,0,20.0
76,49,8,2,0,0,20.0
76,58,22,2,0,1,20.0
76,65,35,2,0,0,20.0
76,70,66,2,0,0,20.0
93,18,30,5,1,0,80.0
76,81,24,2,0,0,20.0
76,84,28,2,0,0,20.0
92,71,68,5,0,0,80.0
76,95,73,2,0,1,20.0
92,64,33,5,0,0,80.0
92,51,42,5,0,0,80.0
76,96,64,2,0,0,20.0
76,98,78,2,0,0,20.0
77,0,14,2,0,0,20.0
92,48,53,5,0,0,80.0
92,43,26,5,0,0,80.0
92,39,73,5,0,1,80.0
92,15,47,5,0,0,80.0
77,2,66,2,0,0,20.0
77,5,58,2,0,0,20.0
77,21,22,2,0,0,20.0
77,26,20,2,0,0,20.0
92,0,4,5,0,1,80.0
91,63,15,5,1,2,80.0
77,31,36,2,0,0,20.0
77,34,42,2,0,0,20.0
77,36,6,2,0,0,20.0
91,52,20,5,1,1,80.0
77,43,40,2,0,0,20.0
77,52,0,2,0,1,20.0
77,61,64,2,0,0,20.0
91,45,25,5,1,1,80.0
77,64,44,2,0,0,20.0
91,44,34,5,1,0,80.0
91,42,39,5,1,1,80.0
77,67,56,2,0,0,20.0
77,81,75,2,0,0,20.0
77,82,10,2,0,1,20.0
91,19,30,5,2,0,80.0
77,89,78,2,0,0,20.0
91,15,35,5,2,0,80.0
78,17,76,2,0,0,20.0
78,36,26,2,0,0,20.0
91,12,56,5,2,0,80.0
91,5,61,5,2,0,80.0
78,37,35,2,0,1,20.0
78,42,24,2,0,0,20.0
78,75,74,2,0,0,20.0
90,93,73,5,0,1,80.0
78,77,78,2,0,1,20.0
79,1,64,2,0,0,20.0
90,79,0,5,0,1,80.0
90,55,0,5,1,1,80.0
79,15,16,2,0,0,20.0
79,17,78,2,0,0,20.0
90,34,47,5,1,0,80.0
79,26,22,2,0,0,20.0
79,35,20,2,0,0,20.0
79,45,35,2,0,0,20.0
79,49,24,2,0,1,20.0
89,97,0,5,0,1,80.0
79,53,26,2,0,0,20.0
89,94,5,5,1,2,80.0
89,70,0,5,1,1,80.0
79,59,32,2,0,1,20.0
79,60,66,2,0,0,20.0
79,65,37,2,0,0,20.0
89,66,70,5,1,1,80.0
80,3,74,2,0,0,20.0
80,14,69,2,0,1,20.0
80,15,14,2,0,0,20.0
80,19,66,2,0,0,20.0
80,22,6,2,0,0,20.0
80,23,4,2,0,1,20.0
80,30,12,2,0,1,20.0
80,37,30,2,0,0,20.0
80,39,20,2,0,0,20.0
80,42,8,2,0,0,20.0
80,46,22,2,0,0,20.0
89,51,10,5,1,1,80.0
89,50,32,5,1,1,80.0
80,49,78,2,0,0,20.0
80,71,24,2,0,1,20.0
89,38,55,5,1,0,80.0
81,0,18,2,0,0,20.0
89,35,15,5,1,1,80.0
81,8,77,2,0,0,20.0
81,9,20,2,0,1,20.0
89,29,60,5,1,1,80.0
81,10,0,2,0,1,20.0
81,15,4,2,0,1,20.0
89,10,65,5,1,0,80.0
81,19,12,2,0,1,20.0
81,23,14,2,0,1,20.0
81,27,22,2,0,1,20.0
81,38,30,2,1,0,20.0
81,45,60,2,1,0,20.0
81,63,34,2,1,0,20.0
89,4,75,5,1,1,80.0
81,84,15,2,1,0,20.0
88,94,17,5,1,2,80.0
81,89,20,2,1,1,20.0
82,14,0,2,0,2,20.0
88,72,42,5,1,0,80.0
88,63,56,5,1,1,80.0
82,18,4,2,0,0,20.0
82,28,39,2,0,1,20.0
82,42,6,2,0,0,20.0
82,48,8,2,0,0,20.0
82,60,2,2,0,1,20.0
82,63,14,2,0,3,20.0
82,68,16,2,0,1,20.0
88,57,47,5,1,1,80.0
82,86,0,2,1,0,20.0
82,95,2,2,1,1,20.0
83,14,77,2,0,1,20.0
83,17,0,2,0,2,20.0
88,42,10,5,1,0,80.0
83,27,2,2,0,1,20.0
83,42,47,2,0,0,20.0
83,48,49,2,0,1,20.0
83,64,51,2,0,0,20.0
83,89,53,2,0,2,20.0
88,26,71,5,1,0,80.0
83,97,55,2,0,0,20.0
88,4,0,5,1,1,80.0
87,10,55,5,1,0,80.0
84,0,20,2,0,0,20.0
84,18,10,2,0,0,20.0
84,20,78,2,0,0,20.0
84,34,0,2,0,1,20.0
84,39,24,2,0,0,20.0
84,46,22,2,0,1,20.0
84,57,2,2,0,2,20.0
84,88,6,2,0,1,20.0
84,91,30,2,0,1,20.0
85,29,17,2,0,0,20.0
85,41,2,2,0,0,20.0
85,63,47,2,0,1,20.0
85,96,62,2,0,0,20.0
86,11,8,2,0,0,20.0
86,14,2,2,0,2,20.0
86,94,42,5,0,2,80.0
86,90,52,5,0,1,80.0
86,35,47,2,0,0,20.0
86,42,57,5,0,0,80.0
86,46,49,2,0,0,20.0
86,19,35,5,1,0,80.0
85,88,64,5,0,1,80.0
85,81,22,5,0,1,80.0
87,11,72,2,0,0,20.0
87,29,65,2,0,1,20.0
87,64,70,2,0,0,20.0
87,81,76,2,0,1,20.0
87,89,28,2,1,1,20.0
88,19,64,2,0,0,20.0
88,21,75,2,0,0,20.0
88,74,60,2,0,0,20.0
88,98,22,2,1,0,20.0
89,5,5,2,0,1,20.0
89,55,30,2,1,1,20.0
85,67,70,5,0,0,80.0
89,61,69,2,2,0,20.0
89,90,5,2,2,0,20.0
85,51,49,5,0,0,80.0
89,93,12,2,2,0,20.0
85,42,4,5,0,1,80.0
90,11,10,2,0,0,20.0
90,19,71,2,0,0,20.0
90,26,14,2,0,0,20.0
90,52,78,2,0,1,20.0
90,61,76,2,1,0,20.0
90,68,8,2,1,0,20.0
84,69,37,5,0,1,80.0
90,70,71,2,1,0,20.0
90,77,24,2,1,0,20.0
90,86,10,2,1,0,20.0
91,25,60,2,0,1,20.0
91,39,32,2,1,0,20.0
91,79,44,2,1,0,20.0
91,94,27,2,2,1,20.0
84,61,17,5,1,1,80.0
92,1,78,2,0,0,20.0
92,2,0,2,0,1,20.0
92,6,9,2,0,1,20.0
92,9,23,2,0,1,20.0
92,20,38,2,0,1,20.0
84,26,22,5,1,1,80.0
92,21,31,2,0,0,20.0
92,35,11,2,0,1,20.0
92,42,62,2,0,0,20.0
92,60,58,2,0,1,20.0
92,65,13,2,0,0,20.0
92,66,60,2,0,2,20.0
92,69,64,2,0,1,20.0
92,72,18,2,1,0,20.0
92,73,32,2,1,0,20.0
84,13,51,5,1,1,80.0
92,89,0,2,1,2,20.0
83,81,38,5,1,1,80.0
92,97,7,2,1,0,20.0
93,1,14,2,0,2,20.0
93,13,36,2,1,0,20.0
93,16,22,2,1,0,20.0
93,19,78,2,1,0,20.0
93,40,24,2,1,0,20.0
93,78,26,2,1,1,20.0
93,83,28,2,1,1,20.0
94,79,58,2,0,0,20.0
95,7,6,2,1,1,20.0
95,32,18,2,1,0,20.0
83,78,0,5,1,1,80.0
96,0,28,2,0,0,20.0
96,5,66,2,0,0,20.0
83,75,5,5,1,1,80.0
83,67,75,5,1,0,80.0
83,63,10,5,1,2,80.0
96,18,35,2,0,0,20.0
96,20,68,2,0,1,20.0
83,50,45,5,1,1,80.0
96,22,10,2,0,0,20.0
96,23,76,2,0,1,20.0
83,39,15,5,1,1,80.0
83,30,20,5,1,2,80.0
83,19,50,5,1,2,80.0
83,5,30,5,1,1,80.0
96,33,78,2,0,1,20.0
96,41,12,2,1,0,20.0
82,87,12,5,1,1,80.0
82,85,57,5,1,0,80.0
82,62,35,5,1,1,80.0
96,45,62,2,1,0,20.0
96,50,38,2,1,0,20.0
82,58,4,5,1,1,80.0
96,52,22,2,1,0,20.0
82,54,26,5,1,0,80.0
96,58,2,2,1,1,20.0
96,59,10,2,1,1,20.0
96,73,34,2,1,0,20.0
96,77,28,2,1,0,20.0
82,53,40,5,1,0,80.0
96,81,17,2,1,1,20.0
96,83,25,2,1,1,20.0
97,0,78,2,0,0,20.0
97,12,51,2,0,0,20.0
97,13,57,2,0,1,20.0
97,17,9,2,0,1,20.0
82,50,68,5,1,0,80.0
97,38,53,2,0,0,20.0
82,43,47,5,1,0,80.0
97,59,62,2,0,1,20.0
97,68,0,2,0,0,20.0
97,70,11,2,0,1,20.0
97,73,59,2,0,0,20.0
97,76,13,2,0,1,20.0
97,82,15,2,0,2,20.0
97,83,64,2,0,2,20.0
97,86,66,2,0,1,20.0
82,40,17,5,1,1,80.0
97,90,5,2,1,1,20.0
98,12,10,2,0,1,20.0
98,38,37,2,0,0,20.0
98,56,20,2,0,1,20.0
98,57,16,2,0,2,20.0
98,75,26,2,0,1,20.0
82,24,73,5,1,1,80.0
98,76,28,2,0,1,20.0
98,77,38,2,1,0,20.0
98,91,2,2,1,2,20.0
98,99,10,2,1,1,20.0
99,63,0,2,0,2,20.0
82,20,32,5,2,1,80.0
99,65,66,2,1,0,20.0
99,81,32,2,1,1,20.0
0,3,30,3,0,1,40.0
0,16,33,3,0,0,40.0
0,19,22,3,0,1,40.0
0,20,74,3,0,1,40.0
82,9,50,5,2,0,80.0
82,7,8,5,2,1,80.0
82,4,17,5,2,1,80.0
0,21,25,3,0,0,40.0
81,87,43,5,1,1,80.0
0,28,72,3,1,0,40.0
0,36,14,3,1,0,40.0
0,48,64,3,1,0,40.0
0,61,0,3,1,1,40.0
81,85,48,5,1,1,80.0
0,83,9,3,1,2,40.0
0,92,20,3,1,1,40.0
81,67,62,5,1,0,80.0
81,66,53,5,1,2,80.0
1,3,74,3,0,1,40.0
1,4,54,3,1,1,40.0
1,14,17,3,1,2,40.0
1,23,57,3,1,1,40.0
1,36,60,3,1,0,40.0
1,45,64,3,2,0,40.0
1,55,10,3,2,1,40.0
2,0,75,3,0,1,40.0
2,3,72,3,0,2,40.0
81,64,67,5,1,1,80.0
81,47,0,5,2,1,80.0
2,5,68,3,1,0,40.0
81,33,5,5,2,1,80.0
81,31,43,5,2,0,80.0
2,9,75,3,1,0,40.0
2,11,12,3,1,0,40.0
2,30,15,3,1,1,40.0
2,32,32,3,1,0,40.0
2,33,2,3,1,2,40.0
80,77,49,5,0,1,80.0
2,45,71,3,1,0,40.0
2,49,18,3,1,1,40.0
2,54,49,3,1,0,40.0
80,62,54,5,0,2,80.0
80,61,59,5,0,1,80.0
80,48,39,5,1,0,80.0
2,55,21,3,1,1,40.0
2,56,26,3,1,1,40.0
2,64,46,3,1,0,40.0
2,66,5,3,1,2,40.0
2,72,35,3,1,0,40.0
80,20,44,5,1,1,80.0
80,8,49,5,1,0,80.0
2,80,8,3,1,1,40.0
2,89,29,3,1,2,40.0
2,91,40,3,1,2,40.0
2,94,54,3,1,2,40.0
2,99,57,3,1,1,40.0
80,2,60,5,1,1,80.0
3,9,76,3,0,1,40.0
3,46,51,3,1,0,40.0
79,73,70,5,0,0,80.0
3,58,41,3,1,1,40.0
3,60,68,3,1,0,40.0
79,69,39,5,0,2,80.0
3,79,46,3,1,0,40.0
79,67,5,5,1,1,80.0
3,95,77,3,1,1,40.0
79,56,29,5,1,1,80.0
3,99,54,3,1,1,40.0
4,9,25,3,0,1,40.0
79,54,52,5,1,0,80.0
4,11,30,3,0,2,40.0
79,47,57,5,1,1,80.0
4,14,71,3,1,1,40.0
4,15,30,3,1,0,40.0
4,21,33,3,1,0,40.0
4,23,6,3,1,1,40.0
4,25,9,3,1,1,40.0
4,36,45,3,1,0,40.0
4,37,37,3,1,1,40.0
4,44,40,3,1,0,40.0
79,41,10,5,1,1,80.0
4,48,58,3,1,0,40.0
79,39,36,5,1,0,80.0
4,53,22,3,1,0,40.0
4,57,12,3,1,2,40.0
4,58,62,3,1,1,40.0
4,62,48,3,1,1,40.0
4,67,51,3,1,0,40.0
4,70,65,3,1,1,40.0
79,31,72,5,1,0,80.0
4,75,68,3,1,0,40.0
79,24,41,5,1,1,80.0
4,77,25,3,1,1,40.0
4,88,52,3,2,1,40.0
4,89,2,3,2,2,40.0
4,92,9,3,2,1,40.0
4,93,38,3,2,1,40.0
4,97,12,3,2,1,40.0
5,0,71,3,0,2,40.0
5,2,74,3,0,2,40.0
5,15,77,3,0,1,40.0
5,43,52,3,1,0,40.0
5,48,44,3,1,0,40.0
5,49,15,3,1,1,40.0
5,70,76,3,1,0,40.0
79,16,46,5,1,0,80.0
5,72,47,3,1,0,40.0
5,73,56,3,1,0,40.0
79,5,18,5,1,1,80.0
5,83,35,3,1,1,40.0
5,93,0,3,1,2,40.0
6,8,76,3,0,1,40.0
6,28,75,3,1,0,40.0
6,35,32,3,1,0,40.0
6,37,40,3,1,1,40.0
6,39,67,3,1,0,40.0
6,44,43,3,1,0,40.0
6,48,61,3,1,0,40.0
6,59,64,3,1,1,40.0
6,61,3,3,1,1,40.0
6,62,51,3,1,1,40.0
79,2,23,5,1,2,80.0
6,63,70,3,1,1,40.0
6,68,11,3,1,0,40.0
6,89,35,3,1,2,40.0
78,72,69,5,1,0,80.0
78,67,10,5,1,1,80.0
78,35,5,5,1,1,80.0
7,1,19,3,1,2,40.0
7,2,43,3,1,1,40.0
7,13,38,3,1,0,40.0
7,15,52,3,1,0,40.0
78,24,15,5,1,2,80.0
78,21,20,5,1,1,80.0
78,19,74,5,1,2,80.0
7,22,26,3,1,0,40.0
7,31,55,3,1,0,40.0
7,36,48,3,1,0,40.0
7,43,58,3,1,0,40.0
78,14,28,5,1,2,80.0
7,48,67,3,1,0,40.0
78,3,33,5,1,1,80.0
77,90,46,5,0,2,80.0
77,87,68,5,0,1,80.0
77,85,12,5,1,0,80.0
77,78,0,5,1,2,80.0
7,57,29,3,1,2,40.0
7,94,61,3,1,2,40.0
7,96,14,3,1,1,40.0
8,2,65,3,0,1,40.0
8,3,57,3,0,1,40.0
8,9,34,3,0,1,40.0
77,70,5,5,1,1,80.0
8,10,70,3,0,0,40.0
8,11,74,3,0,0,40.0
77,51,17,5,1,1,80.0
8,13,60,3,0,1,40.0
8,16,46,3,0,2,40.0
8,19,54,3,0,3,40.0
8,20,40,3,1,1,40.0
77,49,28,5,1,1,80.0
77,39,33,5,1,2,80.0
8,21,15,3,1,1,40.0
8,25,52,3,1,0,40.0
8,30,18,3,1,1,40.0
8,31,58,3,1,0,40.0
8,35,22,3,1,0,40.0
77,33,38,5,1,2,80.0
8,39,28,3,1,0,40.0
8,44,46,3,1,0,40.0
8,48,2,3,1,1,40.0
8,51,5,3,1,1,40.0
8,55,25,3,1,1,40.0
8,72,61,3,1,0,40.0
77,28,43,5,1,1,80.0
8,75,64,3,1,0,40.0
8,77,55,3,1,1,40.0
8,80,71,3,1,0,40.0
8,85,8,3,1,1,40.0
77,20,58,5,1,1,80.0
8,92,12,3,1,1,40.0
77,13,63,5,1,1,80.0
77,12,68,5,1,0,80.0
8,95,31,3,1,1,40.0
8,96,43,3,1,1,40.0
9,4,15,3,1,2,40.0
9,5,38,3,1,1,40.0
9,6,28,3,1,2,40.0
9,15,31,3,1,1,40.0
77,6,73,5,1,2,80.0
9,17,66,3,1,1,40.0
9,18,62,3,1,1,40.0
76,88,40,5,0,2,80.0
9,35,69,3,1,1,40.0
9,38,72,3,1,0,40.0
76,68,52,5,0,1,80.0
76,50,57,5,0,1,80.0
9,42,15,3,2,0,40.0
9,46,57,3,2,0,40.0
9,58,9,3,2,1,40.0
9,69,74,3,2,0,40.0
9,71,41,3,2,0,40.0
9,77,53,3,2,0,40.0
9,95,20,3,2,1,40.0
10,3,35,3,0,2,40.0
10,5,73,3,0,1,40.0
10,7,76,3,0,1,40.0
10,8,34,3,1,1,40.0
76,48,74,5,1,0,80.0
10,9,2,3,1,2,40.0
10,17,5,3,1,1,40.0
76,45,0,5,1,1,80.0
10,18,12,3,1,0,40.0
10,20,49,3,1,1,40.0
10,23,9,3,1,1,40.0
76,37,7,5,1,1,80.0
76,16,51,5,1,0,80.0
10,25,73,3,1,0,40.0
10,36,17,3,1,0,40.0
10,38,39,3,1,0,40.0
76,9,23,5,1,2,80.0
10,46,62,3,1,0,40.0
10,49,21,3,1,1,40.0
10,50,42,3,1,0,40.0
10,53,30,3,1,0,40.0
10,58,65,3,1,1,40.0
10,61,24,3,1,1,40.0
10,68,52,3,1,0,40.0
10,85,27,3,1,1,40.0
75,98,17,5,1,1,80.0
75,90,12,5,1,1,80.0
10,88,76,3,1,1,40.0
75,76,30,5,1,1,80.0
10,91,45,3,1,2,40.0
11,0,23,3,0,1,40.0
11,6,15,3,0,2,40.0
11,14,20,3,0,2,40.0
11,21,77,3,0,0,40.0
11,23,34,3,1,1,40.0
75,62,40,5,1,1,80.0
11,30,0,3,1,2,40.0
11,36,51,3,1,0,40.0
75,59,75,5,1,1,80.0
11,37,43,3,1,1,40.0
75,58,68,5,1,1,80.0
11,44,54,3,1,0,40.0
11,60,71,3,1,0,40.0
75,57,52,5,1,1,80.0
75,52,45,5,1,1,80.0
11,64,57,3,1,0,40.0
75,49,35,5,1,1,80.0
11,76,47,3,1,0,40.0
11,85,3,3,1,1,40.0
11,87,37,3,1,1,40.0
11,95,8,3,1,1,40.0
11,97,40,3,1,1,40.0
12,54,64,3,0,0,40.0
75,47,62,5,1,1,80.0
12,80,73,3,0,1,40.0
13,10,41,3,0,2,40.0
13,26,76,3,1,0,40.0
13,40,38,3,1,0,40.0
13,42,34,3,1,1,40.0
13,57,41,3,1,1,40.0
13,79,68,3,1,1,40.0
14,0,74,3,1,2,40.0
75,46,57,5,1,1,80.0
14,11,11,3,2,1,40.0
14,13,47,3,2,1,40.0
14,15,40,3,2,0,40.0
14,19,68,3,2,0,40.0
14,27,60,3,2,0,40.0
14,36,54,3,2,0,40.0
14,37,57,3,2,1,40.0
14,43,63,3,2,0,40.0
14,55,14,3,2,1,40.0
14,80,4,3,2,1,40.0
75,43,0,5,1,1,80.0
14,84,74,3,2,1,40.0
75,31,61,5,2,0,80.0
14,96,7,3,2,1,40.0
15,8,43,3,0,2,40.0
15,10,55,3,0,1,40.0
15,11,60,3,0,1,40.0
15,14,23,3,1,2,40.0
15,16,36,3,1,0,40.0
75,30,3,5,2,2,80.0
15,19,0,3,1,1,40.0
15,23,16,3,1,1,40.0
15,26,6,3,1,1,40.0
75,28,17,5,2,1,80.0
15,28,48,3,1,1,40.0
15,31,19,3,1,0,40.0
15,35,26,3,1,0,40.0
15,36,57,3,1,0,40.0
15,40,41,3,1,0,40.0
15,43,70,3,1,0,40.0
75,27,68,5,2,0,80.0
75,23,22,5,2,1,80.0
75,7,8,5,2,2,80.0
15,51,63,3,1,1,40.0
15,53,45,3,1,0,40.0
15,54,67,3,1,0,40.0
15,67,51,3,1,1,40.0
15,70,13,3,1,1,40.0
15,73,9,3,1,1,40.0
15,76,60,3,1,1,40.0
15,84,54,3,1,2,40.0
15,85,73,3,1,1,40.0
15,87,0,3,2,1,40.0
75,6,46,5,2,1,80.0
15,95,14,3,2,1,40.0
15,98,22,3,2,1,40.0
16,23,30,3,0,1,40.0
16,43,76,3,0,0,40.0
16,44,57,3,1,0,40.0
16,46,67,3,1,0,40.0
16,57,4,3,1,2,40.0
16,66,75,3,1,1,40.0
16,76,35,3,1,1,40.0
74,96,64,5,0,1,80.0
16,79,29,3,1,0,40.0
16,83,0,3,1,2,40.0
74,93,69,5,0,2,80.0
74,83,3,5,1,2,80.0
17,26,32,3,1,0,40.0
17,54,70,3,1,0,40.0
74,58,12,5,1,1,80.0
17,59,39,3,1,1,40.0
17,72,74,3,1,0,40.0
17,82,22,3,1,1,40.0
74,56,17,5,1,2,80.0
18,0,37,3,0,2,40.0
74,55,32,5,1,1,80.0
18,8,42,3,0,3,40.0
18,9,28,3,1,2,40.0
18,10,58,3,1,1,40.0
18,23,19,3,1,1,40.0
18,26,31,3,1,1,40.0
18,28,34,3,1,1,40.0
18,32,24,3,1,0,40.0
74,49,40,5,1,1,80.0
18,35,37,3,1,0,40.0
74,39,22,5,1,1,80.0
18,37,46,3,1,1,40.0
18,40,49,3,1,0,40.0
18,42,52,3,1,0,40.0
74,31,27,5,1,1,80.0
74,13,71,5,1,1,80.0
18,43,55,3,1,0,40.0
18,53,65,3,1,0,40.0
18,62,74,3,1,0,40.0
18,74,68,3,1,1,40.0
18,80,77,3,1,1,40.0
18,82,40,3,1,2,40.0
18,85,43,3,1,1,40.0
18,87,71,3,1,2,40.0
18,97,7,3,2,1,40.0
18,98,25,3,2,1,40.0
19,0,17,3,1,1,40.0
19,4,5,3,1,2,40.0
19,6,8,3,1,2,40.0
74,12,45,5,1,1,80.0
19,8,14,3,1,2,40.0
73,99,75,5,0,1,80.0
19,10,25,3,1,2,40.0
19,13,0,3,2,2,40.0
19,30,8,3,2,2,40.0
19,31,3,3,2,1,40.0
19,41,14,3,2,0,40.0
19,59,42,3,2,1,40.0
19,66,11,3,2,2,40.0
19,67,58,3,2,0,40.0
73,90,17,5,1,1,80.0
19,74,55,3,2,0,40.0
19,76,17,3,2,1,40.0
19,78,20,3,2,2,40.0
19,80,65,3,2,1,40.0
19,84,45,3,2,2,40.0
73,74,50,5,1,1,80.0
19,87,61,3,2,1,40.0
20,7,64,3,1,1,40.0
73,1,0,5,1,2,80.0
20,26,70,3,1,1,40.0
20,32,54,3,1,1,40.0
20,38,77,3,1,0,40.0
20,51,56,3,2,0,40.0
72,96,64,5,0,2,80.0
20,52,2,3,2,1,40.0
72,91,4,5,1,2,80.0
20,58,73,3,2,1,40.0
20,98,35,3,2,1,40.0
21,6,58,3,1,1,40.0
72,85,11,5,1,1,80.0
21,8,37,3,1,1,40.0
21,9,31,3,1,2,40.0
72,67,16,5,1,1,80.0
21,10,68,3,1,1,40.0
21,37,49,3,1,1,40.0
21,41,25,3,1,1,40.0
21,58,76,3,1,1,40.0
72,65,39,5,1,0,80.0
21,67,28,3,1,1,40.0
72,58,21,5,1,2,80.0
72,39,27,5,1,1,80.0
21,70,61,3,1,1,40.0
72,27,73,5,1,0,80.0
72,22,32,5,1,0,80.0
21,74,64,3,1,1,40.0
72,20,44,5,1,2,80.0
21,78,34,3,1,2,40.0
72,15,49,5,1,2,80.0
21,85,40,3,1,1,40.0
21,90,43,3,1,1,40.0
72,13,54,5,1,2,80.0
21,91,71,3,1,2,40.0
21,92,46,3,1,1,40.0
21,99,5,3,2,1,40.0
22,70,72,3,0,1,40.0
22,78,29,3,0,2,40.0
72,10,59,5,1,2,80.0
22,88,61,3,0,1,40.0
72,3,64,5,1,2,80.0
22,89,38,3,0,2,40.0
22,97,64,3,0,1,40.0
22,98,67,3,0,1,40.0
23,1,27,3,1,2,40.0
23,12,61,3,1,0,40.0
71,86,18,5,1,1,80.0
23,20,38,3,1,2,40.0
23,48,41,3,1,1,40.0
23,58,44,3,1,2,40.0
23,69,66,3,1,1,40.0
23,76,47,3,1,1,40.0
23,81,72,3,1,1,40.0
23,87,50,3,1,1,40.0
23,97,53,3,1,1,40.0
24,6,6,3,1,1,40.0
24,12,12,3,1,1,40.0
24,16,9,3,1,1,40.0
71,69,32,5,1,1,80.0
24,32,36,3,1,0,40.0
24,33,68,3,1,2,40.0
24,37,29,3,2,1,40.0
24,41,0,3,2,1,40.0
24,44,49,3,2,0,40.0
24,53,56,3,2,0,40.0
24,71,26,3,2,1,40.0
24,79,60,3,2,0,40.0
24,82,32,3,2,1,40.0
25,1,76,3,0,2,40.0
71,57,37,5,1,2,80.0
25,2,0,3,1,2,40.0
71,51,66,5,1,1,80.0
25,5,12,3,1,1,40.0
71,47,71,5,1,1,80.0
25,11,63,3,1,1,40.0
71,32,42,5,1,1,80.0
25,20,5,3,1,2,40.0
25,22,75,3,1,0,40.0
71,26,60,5,1,1,80.0
25,35,20,3,1,1,40.0
71,16,49,5,1,2,80.0
25,40,26,3,1,0,40.0
25,45,67,3,1,0,40.0
25,57,17,3,1,1,40.0
25,60,54,3,1,1,40.0
25,65,70,3,1,0,40.0
25,80,23,3,1,1,40.0
71,11,54,5,1,2,80.0
71,9,34,5,2,2,80.0
25,97,29,3,1,1,40.0
26,68,65,3,1,0,40.0
70,66,18,5,1,2,80.0
26,97,15,3,1,1,40.0
26,98,40,3,1,1,40.0
70,32,75,5,1,1,80.0
27,3,63,3,0,1,40.0
27,5,24,3,1,1,40.0
27,14,33,3,1,2,40.0
27,22,10,3,1,1,40.0
27,23,69,3,1,1,40.0
27,32,36,3,1,1,40.0
27,33,13,3,1,2,40.0
27,34,74,3,1,0,40.0
27,41,16,3,1,1,40.0
69,58,69,5,1,2,80.0
27,53,48,3,1,0,40.0
27,56,39,3,1,1,40.0
27,71,29,3,1,1,40.0
69,7,74,5,1,2,80.0
27,78,42,3,1,2,40.0
27,79,55,3,1,0,40.0
68,32,58,5,0,1,80.0
68,11,66,5,1,1,80.0
27,82,52,3,1,1,40.0
27,87,19,3,1,1,40.0
67,93,46,5,1,1,80.0
67,92,23,5,1,1,80.0
27,99,60,3,1,1,40.0
67,87,31,5,1,1,80.0
28,0,29,3,1,2,40.0
28,4,55,3,1,2,40.0
28,5,59,3,1,1,40.0
67,74,55,5,1,1,80.0
28,8,51,3,1,2,40.0
28,11,14,3,2,1,40.0
28,15,3,3,2,2,40.0
67,59,0,5,1,2,80.0
67,52,60,5,1,1,80.0
28,17,11,3,2,1,40.0
28,20,8,3,2,2,40.0
28,32,39,3,2,1,40.0
67,46,75,5,1,0,80.0
28,48,17,3,2,1,40.0
67,34,36,5,1,1,80.0
67,30,41,5,1,2,80.0
28,54,73,3,2,0,40.0
28,60,44,3,2,1,40.0
28,64,65,3,2,0,40.0
28,67,68,3,2,1,40.0
28,71,76,3,2,1,40.0
67,29,41,5,2,0,80.0
67,1,5,5,2,2,80.0
66,94,23,5,2,2,80.0
66,77,0,5,2,2,80.0
28,72,0,3,2,1,40.0
66,61,28,5,2,1,80.0
28,82,22,3,2,2,40.0
28,99,29,3,2,1,40.0
29,4,46,3,0,2,40.0
29,25,49,3,0,2,40.0
29,27,52,3,0,2,40.0
29,49,58,3,0,1,40.0
29,51,0,3,1,1,40.0
66,49,45,5,2,1,80.0
29,54,57,3,1,0,40.0
29,61,6,3,1,1,40.0
66,42,62,5,2,1,80.0
29,69,77,3,1,0,40.0
29,82,3,3,1,2,40.0
29,84,9,3,1,2,40.0
30,0,67,3,2,1,40.0
30,13,11,3,2,2,40.0
66,33,33,5,2,2,80.0
66,16,70,5,2,1,80.0
65,91,15,5,0,2,80.0
30,33,16,3,2,2,40.0
30,39,70,3,2,0,40.0
65,30,73,5,0,2,80.0
30,54,25,3,2,1,40.0
30,57,57,3,2,1,40.0
30,69,60,3,2,1,40.0
30,78,37,3,2,2,40.0
30,81,28,3,2,2,40.0
65,13,3,5,1,2,80.0
30,83,31,3,2,2,40.0
64,95,60,5,0,2,80.0
30,87,64,3,2,1,40.0
30,91,48,3,2,2,40.0
31,2,38,3,0,2,40.0
64,93,51,5,1,1,80.0
64,40,29,5,1,0,80.0
31,5,52,3,0,2,40.0
31,6,0,3,1,1,40.0
31,7,32,3,1,1,40.0
64,23,0,5,1,2,80.0
31,13,8,3,1,2,40.0
31,15,11,3,1,2,40.0
31,16,60,3,1,1,40.0
31,26,18,3,1,1,40.0
31,32,63,3,1,1,40.0
64,16,5,5,1,2,80.0
64,8,17,5,1,2,80.0
31,39,76,3,1,0,40.0
31,42,21,3,1,0,40.0
31,52,54,3,1,1,40.0
31,67,71,3,1,1,40.0
31,70,57,3,1,1,40.0
31,72,24,3,1,2,40.0
31,75,51,3,1,0,40.0
31,76,38,3,1,1,40.0
63,70,61,5,1,2,80.0
31,81,35,3,1,2,40.0
31,89,41,3,1,2,40.0
32,12,66,3,1,1,40.0
32,15,69,3,1,2,40.0
63,47,73,5,1,2,80.0
32,18,72,3,1,2,40.0
32,21,0,3,2,2,40.0
32,22,3,3,2,1,40.0
32,26,9,3,2,1,40.0
63,40,52,5,2,0,80.0
63,37,60,5,2,1,80.0
32,64,53,3,2,0,40.0
32,65,12,3,2,1,40.0
63,12,2,5,2,1,80.0
62,78,71,5,1,2,80.0
32,71,6,3,2,2,40.0
62,64,10,5,2,1,80.0
62,58,0,5,2,2,80.0
32,74,37,3,2,1,40.0
62,52,5,5,2,1,80.0
32,81,27,3,2,1,40.0
33,2,5,3,2,2,40.0
62,38,32,5,2,0,80.0
33,8,49,3,2,1,40.0
33,17,19,3,2,1,40.0
33,39,8,3,2,2,40.0
33,45,22,3,2,1,40.0
33,47,53,3,2,0,40.0
33,77,60,3,2,0,40.0
33,78,25,3,2,2,40.0
33,90,28,3,2,1,40.0
34,5,77,3,0,2,40.0
61,85,33,5,1,1,80.0
34,8,67,3,1,1,40.0
34,9,5,3,1,2,40.0
34,12,76,3,1,0,40.0
34,64,41,3,1,1,40.0
34,79,49,3,1,0,40.0
34,85,54,3,1,0,40.0
34,87,73,3,1,1,40.0
61,73,12,5,1,1,80.0
34,88,2,3,1,2,40.0
34,90,31,3,1,1,40.0
34,95,8,3,1,2,40.0
34,98,44,3,1,1,40.0
35,2,42,3,0,2,40.0
35,4,76,3,0,2,40.0
35,9,44,3,1,2,40.0
35,13,23,3,1,2,40.0
35,15,26,3,1,2,40.0
61,68,38,5,1,1,80.0
35,24,52,3,1,2,40.0
35,28,47,3,1,2,40.0
35,31,66,3,1,1,40.0
61,63,43,5,1,2,80.0
35,36,63,3,1,0,40.0
35,39,0,3,1,2,40.0
35,43,73,3,1,0,40.0
61,45,48,5,1,1,80.0
35,44,60,3,1,0,40.0
35,46,76,3,1,1,40.0
35,47,55,3,1,2,40.0
35,51,22,3,2,1,40.0
35,57,44,3,2,1,40.0
35,63,66,3,2,1,40.0
35,65,10,3,2,0,40.0
61,42,53,5,1,1,80.0
35,67,0,3,2,2,40.0
35,73,61,3,2,0,40.0
35,76,75,3,2,0,40.0
61,33,71,5,1,2,80.0
61,30,64,5,1,3,80.0
35,77,5,3,2,2,40.0
61,27,63,5,2,1,80.0
35,99,69,3,2,1,40.0
36,0,20,3,0,2,40.0
61,24,3,5,2,2,80.0
36,32,66,3,0,2,40.0
36,48,74,3,0,1,40.0
60,93,4,5,1,2,80.0
36,60,77,3,0,2,40.0
36,67,65,3,1,1,40.0
60,77,47,5,1,2,80.0
60,67,15,5,2,2,80.0
36,71,0,3,1,2,40.0
36,72,58,3,1,0,40.0
59,98,47,5,2,1,80.0
36,92,3,3,1,1,40.0
36,93,9,3,1,2,40.0
36,94,50,3,1,1,40.0
36,98,53,3,1,1,40.0
37,17,77,3,1,1,40.0
59,64,22,5,2,1,80.0
59,32,15,5,2,2,80.0
37,26,73,3,1,1,40.0
37,61,32,3,1,2,40.0
37,76,65,3,1,1,40.0
37,92,68,3,1,1,40.0
37,94,47,3,2,2,40.0
38,0,42,3,0,2,40.0
38,6,60,3,0,2,40.0
38,22,66,3,0,1,40.0
38,28,69,3,0,3,40.0
38,29,12,3,1,1,40.0
59,20,27,5,2,2,80.0
38,34,0,3,1,2,40.0
59,15,6,5,2,2,80.0
38,40,3,3,1,1,40.0
38,46,16,3,1,0,40.0
59,5,62,5,2,1,80.0
38,49,50,3,1,1,40.0
38,62,45,3,1,1,40.0
38,76,20,3,1,1,40.0
38,81,23,3,1,2,40.0
38,94,75,3,1,2,40.0
58,87,5,5,2,2,80.0
39,7,70,3,1,1,40.0
39,18,32,3,1,2,40.0
39,19,68,3,2,2,40.0
58,72,10,5,2,2,80.0
39,27,45,3,2,1,40.0
39,60,27,3,2,2,40.0
39,65,15,3,2,1,40.0
39,87,22,3,2,1,40.0
39,94,57,3,2,2,40.0
58,57,32,5,2,2,80.0
39,97,18,3,2,1,40.0
40,0,57,3,0,2,40.0
58,46,15,5,2,1,80.0
40,10,68,3,0,2,40.0
58,45,37,5,2,1,80.0
40,15,29,3,1,2,40.0
40,16,32,3,1,1,40.0
40,28,25,3,1,2,40.0
40,31,44,3,1,1,40.0
57,80,18,5,2,1,80.0
57,78,7,5,2,2,80.0
40,32,22,3,1,2,40.0
40,44,63,3,1,0,40.0
40,47,76,3,1,0,40.0
40,49,53,3,1,1,40.0
40,51,35,3,1,1,40.0
40,59,67,3,1,1,40.0
40,62,38,3,1,2,40.0
57,24,42,5,2,2,80.0
40,63,7,3,1,2,40.0
40,66,41,3,1,2,40.0
57,8,23,5,2,2,80.0
56,99,0,5,2,2,80.0
40,68,0,3,1,1,40.0
56,55,37,5,2,1,80.0
40,84,12,3,1,2,40.0
56,40,47,5,2,1,80.0
40,86,56,3,1,1,40.0
40,90,59,3,1,1,40.0
56,36,12,5,2,1,80.0
40,93,70,3,1,3,40.0
40,94,73,3,1,3,40.0
41,1,22,3,1,2,40.0
56,33,63,5,2,2,80.0
41,2,19,3,1,2,40.0
41,16,28,3,1,2,40.0
41,18,3,3,1,2,40.0
41,42,31,3,1,1,40.0
41,48,6,3,1,1,40.0
41,61,35,3,1,2,40.0
41,63,38,3,1,2,40.0
41,64,44,3,1,1,40.0
41,88,53,3,1,2,40.0
42,2,9,3,1,2,40.0
55,97,43,5,1,1,80.0
42,11,0,3,1,2,40.0
42,21,12,3,1,2,40.0
42,25,15,3,1,2,40.0
55,80,54,5,1,1,80.0
42,49,67,3,1,1,40.0
42,59,44,3,1,2,40.0
55,75,73,5,1,2,80.0
43,6,54,3,1,1,40.0
43,7,73,3,1,1,40.0
43,14,36,3,1,2,40.0
43,17,14,3,1,1,40.0
43,18,10,3,1,2,40.0
43,26,27,3,1,1,40.0
43,27,77,3,1,1,40.0
43,31,47,3,1,1,40.0
43,42,18,3,1,1,40.0
55,56,68,5,1,2,80.0
55,51,48,5,1,2,80.0
43,44,66,3,1,0,40.0
55,49,61,5,1,1,80.0
55,38,6,5,2,1,80.0
43,53,59,3,1,0,40.0
55,34,57,5,2,1,80.0
43,68,69,3,1,0,40.0
43,69,42,3,1,1,40.0
43,72,5,3,1,2,40.0
43,74,21,3,1,2,40.0
43,75,30,3,1,2,40.0
43,76,24,3,1,2,40.0
43,77,33,3,1,2,40.0
43,82,62,3,1,2,40.0
43,84,50,3,1,2,40.0
43,90,39,3,1,1,40.0
43,91,9,3,2,2,40.0
43,97,21,3,2,1,40.0
55,32,30,5,2,2,80.0
44,0,77,3,0,2,40.0
44,2,72,3,0,3,40.0
44,5,7,3,1,1,40.0
44,10,0,3,1,2,40.0
54,96,46,5,1,1,80.0
44,13,14,3,1,2,40.0
54,95,0,5,1,2,80.0
44,15,17,3,1,2,40.0
44,16,63,3,1,1,40.0
44,17,25,3,1,1,40.0
54,91,20,5,1,2,80.0
44,20,11,3,1,2,40.0
54,75,33,5,1,2,80.0
44,21,20,3,1,2,40.0
44,27,3,3,1,2,40.0
44,34,70,3,1,1,40.0
44,35,28,3,1,2,40.0
44,37,31,3,1,2,40.0
44,38,34,3,1,1,40.0
44,40,37,3,1,2,40.0
54,64,56,5,1,1,80.0
54,58,51,5,1,2,80.0
54,50,62,5,1,1,80.0
44,42,47,3,1,1,40.0
54,37,5,5,1,2,80.0
44,49,73,3,1,1,40.0
54,29,15,5,1,1,80.0
54,19,10,5,1,3,80.0
44,50,67,3,1,1,40.0
44,51,40,3,1,1,40.0
44,52,57,3,1,1,40.0
44,54,76,3,1,0,40.0
44,57,50,3,1,2,40.0
44,59,53,3,1,2,40.0
44,60,43,3,1,2,40.0
44,61,60,3,1,2,40.0
44,64,76,3,2,0,40.0
44,65,0,3,2,1,40.0
44,67,10,3,2,2,40.0
44,68,3,3,2,1,40.0
44,69,6,3,2,2,40.0
44,82,25,3,2,2,40.0
44,86,13,3,2,1,40.0
44,87,40,3,2,1,40.0
44,98,56,3,2,1,40.0
45,8,5,3,1,2,40.0
45,16,10,3,1,2,40.0
45,19,71,3,1,2,40.0
45,24,63,3,1,2,40.0
45,30,34,3,1,2,40.0
45,31,13,3,1,2,40.0
45,33,43,3,1,2,40.0
45,36,17,3,1,1,40.0
45,39,30,3,1,2,40.0
45,44,53,3,1,2,40.0
45,64,74,3,1,1,40.0
53,85,16,5,1,1,80.0
45,83,56,3,1,2,40.0
45,85,59,3,1,1,40.0
53,78,45,5,1,2,80.0
45,89,66,3,1,2,40.0
45,93,77,3,1,2,40.0
45,96,4,3,2,1,40.0
45,98,59,3,2,1,40.0
46,1,70,3,0,2,40.0
46,2,28,3,1,2,40.0
46,4,24,3,1,2,40.0
46,8,31,3,1,2,40.0
46,10,34,3,1,2,40.0
46,20,41,3,1,2,40.0
46,21,37,3,1,2,40.0
46,32,44,3,1,2,40.0
46,35,47,3,1,2,40.0
46,38,53,3,1,1,40.0
46,47,67,3,1,1,40.0
53,68,6,5,1,1,80.0
46,48,62,3,1,1,40.0
53,64,34,5,1,1,80.0
53,61,11,5,1,2,80.0
46,50,73,3,1,0,40.0
46,52,70,3,1,1,40.0
53,57,53,5,1,2,80.0
46,54,50,3,1,2,40.0
46,57,20,3,2,1,40.0
46,64,47,3,2,1,40.0
53,45,21,5,1,2,80.0
46,65,8,3,2,1,40.0
46,78,12,3,2,2,40.0
46,82,0,3,2,2,40.0
46,88,5,3,2,2,40.0
46,92,15,3,2,1,40.0
53,41,0,5,1,2,80.0
53,24,66,5,1,2,80.0
53,6,39,5,1,2,80.0
46,93,23,3,2,2,40.0
47,27,76,3,1,2,40.0
47,29,20,3,2,1,40.0
47,31,0,3,2,2,40.0
53,3,26,5,1,2,80.0
47,46,26,3,2,2,40.0
47,65,23,3,2,1,40.0
47,66,8,3,2,2,40.0
47,71,3,3,2,2,40.0
47,83,12,3,2,2,40.0
47,84,15,3,2,2,40.0
52,78,15,5,1,2,80.0
47,86,29,3,2,1,40.0
47,99,63,3,2,1,40.0
52,44,65,5,1,2,80.0
52,43,73,5,1,2,80.0
52,21,10,5,1,3,80.0
52,14,0,5,2,3,80.0
48,10,9,3,1,2,40.0
48,18,13,3,1,2,40.0
48,20,20,3,1,2,40.0
48,28,32,3,1,2,40.0
52,0,5,5,2,2,80.0
51,95,25,5,1,1,80.0
48,30,51,3,1,2,40.0
51,93,30,5,1,2,80.0
48,33,46,3,1,2,40.0
51,89,71,5,1,2,80.0
48,34,23,3,1,2,40.0
48,37,26,3,1,2,40.0
48,40,29,3,1,2,40.0
48,46,35,3,1,2,40.0
48,50,70,3,1,1,40.0
51,80,11,5,2,1,80.0
48,60,38,3,1,2,40.0
48,61,77,3,1,1,40.0
48,67,54,3,1,2,40.0
51,21,23,5,2,2,80.0
48,68,57,3,1,1,40.0
48,71,65,3,1,2,40.0
48,83,55,3,2,1,40.0
48,85,19,3,2,0,40.0
48,96,30,3,2,1,40.0
51,19,0,5,2,3,80.0
48,98,62,3,2,1,40.0
49,4,70,3,1,2,40.0
49,8,76,3,1,2,40.0
49,42,21,3,2,1,40.0
49,43,0,3,2,2,40.0
51,10,16,5,2,2,80.0
49,47,32,3,2,2,40.0
49,91,12,3,2,2,40.0
49,98,70,3,2,1,40.0
50,0,37,3,1,3,40.0
50,2,77,3,1,2,40.0
50,12,73,3,1,1,40.0
50,13,17,3,2,2,40.0
50,20,14,3,2,2,40.0
50,99,5,5,2,2,80.0
50,66,75,5,2,2,80.0
50,61,20,5,2,2,80.0
50,27,0,3,2,2,40.0
50,48,10,3,2,2,40.0
50,49,25,3,2,2,40.0
50,55,35,3,2,2,40.0
50,64,61,3,2,1,40.0
50,76,41,3,2,1,40.0
50,82,28,3,2,2,40.0
50,60,46,5,2,2,80.0
50,85,53,3,2,1,40.0
50,91,66,3,2,2,40.0
51,7,43,3,1,2,40.0
51,8,76,3,1,3,40.0
51,20,32,3,2,2,40.0
51,27,6,3,2,2,40.0
51,28,35,3,2,2,40.0
51,29,28,3,2,1,40.0
51,37,38,3,2,2,40.0
51,49,41,3,2,2,40.0
50,34,56,5,2,2,80.0
50,32,69,5,2,2,80.0
51,55,44,3,2,2,40.0
50,28,0,5,3,3,80.0
51,63,57,3,2,2,40.0
51,64,64,3,2,1,40.0
51,65,53,3,2,1,40.0
51,90,67,3,2,1,40.0
51,97,60,3,2,1,40.0
52,18,25,3,1,3,40.0
52,20,17,3,2,2,40.0
52,25,32,3,2,1,40.0
52,28,10,3,2,3,40.0
52,60,35,3,2,2,40.0
52,75,76,3,2,0,40.0
52,76,44,3,2,1,40.0
52,79,62,3,2,1,40.0
52,85,21,3,2,1,40.0
50,25,5,5,3,2,80.0
52,89,14,3,2,2,40.0
52,94,65,3,2,2,40.0
50,7,13,5,3,2,80.0
49,87,15,5,2,2,80.0
52,96,40,3,2,1,40.0
52,99,72,3,2,1,40.0
53,0,62,3,0,2,40.0
53,4,77,3,0,3,40.0
53,5,31,3,1,2,40.0
53,8,58,3,1,2,40.0
49,77,36,5,2,2,80.0
53,11,74,3,1,1,40.0
53,13,50,3,1,2,40.0
53,25,61,3,1,2,40.0
53,34,71,3,1,2,40.0
49,68,44,5,2,1,80.0
53,35,77,3,1,3,40.0
53,37,0,3,2,2,40.0
49,65,56,5,2,1,80.0
53,38,26,3,2,1,40.0
53,44,16,3,2,2,40.0
49,56,5,5,2,2,80.0
53,47,35,3,2,2,40.0
53,54,29,3,2,1,40.0
53,55,3,3,2,2,40.0
49,45,49,5,2,2,80.0
49,25,64,5,2,2,80.0
53,56,22,3,2,1,40.0
53,59,11,3,2,2,40.0
49,21,73,5,2,2,80.0
53,62,76,3,2,1,40.0
53,65,19,3,2,1,40.0
49,10,3,5,3,2,80.0
53,67,32,3,2,2,40.0
53,73,66,3,2,0,40.0
53,74,8,3,2,1,40.0
49,5,67,5,3,1,80.0
53,80,69,3,2,1,40.0
48,87,0,5,2,2,80.0
53,86,40,3,2,1,40.0
53,88,45,3,2,2,40.0
53,90,62,3,2,1,40.0
53,93,48,3,2,3,40.0
48,69,13,5,2,2,80.0
53,95,51,3,2,2,40.0
53,96,54,3,2,1,40.0
48,63,22,5,2,2,80.0
48,49,33,5,2,3,80.0
53,99,57,3,2,2,40.0
48,41,5,5,2,2,80.0
48,39,38,5,2,2,80.0
48,16,65,5,2,2,80.0
54,8,38,3,1,2,40.0
54,10,71,3,1,2,40.0
54,17,42,3,1,1,40.0
48,15,43,5,2,2,80.0
48,9,48,5,2,2,80.0
54,18,67,3,1,2,40.0
54,21,74,3,1,3,40.0
54,25,77,3,1,2,40.0
54,28,5,3,2,3,40.0
54,32,40,3,2,2,40.0
54,34,11,3,2,1,40.0
54,36,20,3,2,1,40.0
47,91,38,5,2,3,80.0
54,40,0,3,2,2,40.0
47,72,43,5,2,2,80.0
54,43,14,3,2,2,40.0
54,47,58,3,2,2,40.0
54,52,24,3,2,2,40.0
54,55,17,3,2,1,40.0
54,57,47,3,2,2,40.0
47,58,48,5,2,3,80.0
54,70,68,3,2,1,40.0
54,78,53,3,2,2,40.0
54,86,8,3,2,1,40.0
47,34,66,5,2,2,80.0
55,1,16,3,2,2,40.0
55,2,12,3,2,2,40.0
55,4,19,3,2,2,40.0
55,23,22,3,2,2,40.0
55,24,38,3,2,2,40.0
47,24,8,5,3,2,80.0
55,27,25,3,2,2,40.0
55,35,41,3,2,2,40.0
55,40,47,3,2,2,40.0
47,18,16,5,3,2,80.0
55,48,70,3,2,2,40.0
55,60,51,3,2,2,40.0
55,68,77,3,2,0,40.0
55,76,0,3,2,2,40.0
55,82,65,3,2,2,40.0
55,84,54,3,2,3,40.0
47,4,27,5,3,2,80.0
55,87,62,3,2,2,40.0
55,94,73,3,2,4,40.0
56,0,17,3,1,2,40.0
46,96,57,5,2,1,80.0
56,2,76,3,1,3,40.0
56,17,28,3,2,1,40.0
56,19,22,3,2,3,40.0
56,20,52,3,2,2,40.0
56,44,31,3,2,2,40.0
56,68,25,3,2,1,40.0
56,71,42,3,2,2,40.0
56,84,77,3,2,1,40.0
57,15,58,3,2,2,40.0
57,22,61,3,2,1,40.0
57,25,69,3,2,2,40.0
57,38,64,3,2,2,40.0
57,60,72,3,2,2,40.0
57,64,77,3,2,1,40.0
46,95,29,5,2,2,80.0
46,94,68,5,2,2,80.0
57,69,0,3,3,2,40.0
46,76,38,5,2,2,80.0
57,73,5,3,3,1,40.0
57,76,56,3,3,1,40.0
58,11,77,3,2,1,40.0
46,73,62,5,2,1,80.0
58,21,28,3,2,2,40.0
58,26,47,3,2,2,40.0
46,66,50,5,2,3,80.0
58,27,56,3,2,2,40.0
58,29,74,3,2,1,40.0
58,33,59,3,2,3,40.0
46,53,73,5,2,3,80.0
46,49,8,5,3,3,80.0
58,35,62,3,2,3,40.0
58,36,65,3,2,2,40.0
46,31,3,5,3,2,80.0
58,42,24,3,3,1,40.0
46,19,15,5,3,3,80.0
46,9,60,5,3,2,80.0
58,43,3,3,3,2,40.0
58,60,30,3,3,2,40.0
58,61,9,3,3,1,40.0
58,63,27,3,3,2,40.0
58,65,33,3,3,1,40.0
46,5,20,5,3,2,80.0
58,69,18,3,3,2,40.0
58,71,12,3,3,2,40.0
45,94,7,5,2,3,80.0
45,66,12,5,2,3,80.0
45,62,26,5,2,2,80.0
58,81,15,3,3,2,40.0
58,94,0,3,3,3,40.0
58,99,21,3,3,2,40.0
59,8,34,3,2,2,40.0
59,22,37,3,2,1,40.0
45,59,67,5,2,2,80.0
59,37,41,3,2,2,40.0
59,41,56,3,2,1,40.0
59,42,59,3,2,1,40.0
59,56,73,3,2,2,40.0
59,68,76,3,2,1,40.0
59,72,77,3,3,0,40.0
59,73,22,3,3,1,40.0
59,76,68,3,3,1,40.0
59,85,0,3,3,1,40.0
59,86,3,3,3,1,40.0
60,4,58,3,2,2,40.0
45,28,31,5,2,3,80.0
60,21,54,3,2,2,40.0
45,13,36,5,2,2,80.0
60,30,61,3,2,3,40.0
45,12,54,5,2,1,80.0
45,1,41,5,2,2,80.0
44,99,34,5,2,2,80.0
60,41,64,3,2,2,40.0
44,91,19,5,2,3,80.0
44,84,59,5,2,2,80.0
60,62,67,3,2,2,40.0
60,99,10,3,3,2,40.0
61,0,0,3,2,2,40.0
61,4,41,3,2,2,40.0
61,5,27,3,2,1,40.0
61,6,44,3,2,2,40.0
61,11,8,3,2,2,40.0
44,66,43,5,2,3,80.0
61,12,16,3,2,1,40.0
61,15,38,3,2,2,40.0
44,39,48,5,2,2,80.0
44,36,70,5,2,1,80.0
61,35,50,3,2,2,40.0
44,7,0,5,3,2,80.0
61,44,47,3,2,3,40.0
61,51,70,3,2,2,40.0
61,52,53,3,2,2,40.0
61,53,73,3,2,2,40.0
61,56,56,3,2,2,40.0
61,62,76,3,2,2,40.0
61,64,0,3,3,2,40.0
61,72,69,3,3,1,40.0
61,74,60,3,3,1,40.0
61,75,22,3,3,1,40.0
44,6,18,5,3,2,80.0
61,86,25,3,3,1,40.0
62,32,47,3,2,2,40.0
43,95,24,5,2,2,80.0
62,66,50,3,2,2,40.0
62,81,18,3,2,2,40.0
62,97,70,3,2,1,40.0
63,18,35,3,2,2,40.0
63,79,75,3,2,0,40.0
63,84,30,3,2,3,40.0
43,88,29,5,2,2,80.0
63,85,65,3,2,1,40.0
43,83,34,5,2,2,80.0
63,98,48,3,2,2,40.0
64,2,15,3,2,2,40.0
64,5,41,3,2,1,40.0
64,53,3,3,2,3,40.0
64,87,25,3,2,1,40.0
64,92,28,3,2,1,40.0
64,94,12,3,2,3,40.0
43,64,44,5,2,2,80.0
43,46,39,5,2,3,80.0
65,7,26,3,1,2,40.0
65,26,36,3,1,1,40.0
65,51,73,3,1,2,40.0
43,34,62,5,2,1,80.0
43,29,49,5,2,1,80.0
65,82,43,3,1,2,40.0
65,89,46,3,1,2,40.0
66,8,67,3,2,2,40.0
66,23,38,3,2,2,40.0
66,27,9,3,3,2,40.0
66,28,17,3,3,3,40.0
66,29,23,3,3,1,40.0
66,39,3,3,3,2,40.0
66,47,0,3,3,3,40.0
66,53,6,3,3,3,40.0
66,62,59,3,3,2,40.0
66,69,26,3,3,2,40.0
66,71,20,3,3,2,40.0
66,72,29,3,3,2,40.0
43,25,54,5,2,2,80.0
66,84,33,3,3,3,40.0
66,89,55,3,3,2,40.0
67,0,23,3,2,2,40.0
67,4,35,3,2,2,40.0
67,11,20,3,2,2,40.0
67,13,26,3,2,2,40.0
43,23,67,5,2,2,80.0
67,19,29,3,2,3,40.0
67,23,46,3,2,2,40.0
42,99,13,5,2,2,80.0
41,68,11,5,2,1,80.0
67,33,57,3,2,2,40.0
67,36,38,3,2,1,40.0
67,39,60,3,2,2,40.0
67,40,50,3,2,2,40.0
67,41,67,3,2,2,40.0
67,42,70,3,2,1,40.0
41,65,16,5,2,2,80.0
41,59,25,5,2,3,80.0
67,69,63,3,2,2,40.0
67,72,73,3,2,2,40.0
41,56,30,5,2,3,80.0
41,53,35,5,2,3,80.0
41,20,59,5,2,2,80.0
67,82,76,3,2,2,40.0
41,19,40,5,2,3,80.0
67,83,15,3,3,2,40.0
67,89,7,3,3,2,40.0
40,89,17,5,2,2,80.0
67,96,19,3,3,1,40.0
40,81,10,5,2,2,80.0
40,75,40,5,2,2,80.0
67,99,24,3,3,2,40.0
68,21,31,3,1,2,40.0
68,27,18,3,1,2,40.0
40,60,3,5,2,3,80.0
68,28,21,3,1,3,40.0
40,57,22,5,2,3,80.0
40,39,63,5,2,2,80.0
40,38,32,5,2,2,80.0
68,35,34,3,1,2,40.0
68,43,28,3,1,3,40.0
68,58,60,3,1,3,40.0
68,60,49,3,1,3,40.0
68,82,71,3,1,2,40.0
69,1,30,3,2,2,40.0
69,4,49,3,2,2,40.0
69,16,21,3,2,2,40.0
69,20,66,3,2,2,40.0
69,21,9,3,2,2,40.0
69,46,44,3,2,2,40.0
69,47,3,3,2,3,40.0
70,25,35,3,2,1,40.0
70,40,53,3,2,2,40.0
70,58,6,3,2,3,40.0
70,64,9,3,2,2,40.0
70,75,0,3,2,2,40.0
40,30,56,5,2,3,80.0
40,25,72,5,2,2,80.0
70,91,74,3,2,2,40.0
40,22,13,5,3,1,80.0
71,4,61,3,2,2,40.0
71,6,23,3,2,2,40.0
40,18,38,5,3,2,80.0
40,12,19,5,3,1,80.0
71,8,9,3,2,2,40.0
71,12,26,3,2,1,40.0
71,15,54,3,2,2,40.0
71,23,15,3,2,2,40.0
71,37,50,3,2,2,40.0
40,11,3,5,3,2,80.0
71,44,29,3,2,3,40.0
40,9,65,5,3,2,80.0
71,54,71,3,2,2,40.0
40,7,29,5,3,2,80.0
71,85,68,3,2,1,40.0
40,6,47,5,3,2,80.0
71,89,58,3,2,2,40.0
72,1,33,3,2,2,40.0
39,95,71,5,2,2,80.0
72,5,0,3,2,2,40.0
38,73,29,5,1,1,80.0
72,16,15,3,2,2,40.0
38,66,37,5,1,3,80.0
72,17,36,3,2,1,40.0
72,19,48,3,2,3,40.0
72,21,40,3,2,2,40.0
72,31,18,3,2,2,40.0
72,41,59,3,2,1,40.0
72,43,21,3,2,3,40.0
38,20,0,5,2,3,80.0
72,50,51,3,2,3,40.0
38,11,11,5,2,2,80.0
38,1,46,5,2,2,80.0
72,61,54,3,2,3,40.0
72,62,62,3,2,2,40.0
72,63,68,3,2,2,40.0
72,64,65,3,2,2,40.0
72,66,76,3,2,3,40.0
72,73,25,3,3,1,40.0
37,19,57,5,2,3,80.0
36,87,23,5,1,2,80.0
36,20,28,5,1,3,80.0
35,56,13,5,2,3,80.0
72,81,31,3,3,2,40.0
72,84,0,3,3,2,40.0
72,88,8,3,3,2,40.0
72,92,34,3,3,1,40.0
35,48,53,5,2,3,80.0
72,95,5,3,3,2,40.0
72,99,18,3,3,2,40.0
73,0,34,3,1,2,40.0
73,13,41,3,1,2,40.0
73,23,55,3,1,2,40.0
73,29,37,3,1,1,40.0
73,41,45,3,1,2,40.0
73,49,58,3,1,3,40.0
74,0,0,3,1,3,40.0
74,6,76,3,1,3,40.0
74,8,0,3,2,2,40.0
74,9,12,3,2,2,40.0
35,45,72,5,3,2,80.0
74,20,24,3,2,2,40.0
35,32,56,5,3,2,80.0
74,25,57,3,2,1,40.0
74,30,54,3,2,2,40.0
74,33,76,3,2,2,40.0
35,29,31,5,3,1,80.0
74,34,3,3,2,2,40.0
74,44,28,3,2,2,40.0
35,19,5,5,3,3,80.0
34,78,61,5,2,2,80.0
74,61,6,3,2,3,40.0
74,65,39,3,2,1,40.0
74,70,15,3,2,2,40.0
74,72,42,3,2,3,40.0
34,56,6,5,2,3,80.0
74,75,51,3,2,2,40.0
34,48,74,5,2,2,80.0
74,79,65,3,2,1,40.0
74,85,62,3,2,1,40.0
74,92,71,3,2,1,40.0
74,98,9,3,2,2,40.0
75,0,13,3,2,2,40.0
75,1,54,3,2,2,40.0
34,47,32,5,2,3,80.0
75,20,57,3,2,3,40.0
75,32,27,3,2,3,40.0
75,33,0,3,3,3,40.0
34,46,26,5,2,3,80.0
34,39,11,5,2,3,80.0
75,38,42,3,3,1,40.0
75,39,11,3,3,2,40.0
75,48,27,3,3,2,40.0
75,53,14,3,3,3,40.0
75,54,30,3,3,2,40.0
75,55,3,3,3,3,40.0
75,64,6,3,3,2,40.0
75,70,18,3,3,2,40.0
75,71,39,3,3,2,40.0
75,72,21,3,3,3,40.0
34,27,37,5,2,2,80.0
75,73,67,3,3,1,40.0
34,17,16,5,2,2,80.0
75,87,76,3,3,1,40.0
33,75,33,5,3,3,80.0
75,89,24,3,3,2,40.0
75,94,45,3,3,3,40.0
75,99,48,3,3,2,40.0
76,7,71,3,1,2,40.0
76,11,16,3,2,2,40.0
76,20,49,3,2,2,40.0
33,56,18,5,3,3,80.0
76,24,20,3,2,2,40.0
76,27,12,3,2,2,40.0
76,31,8,3,2,2,40.0
33,40,8,5,3,3,80.0
76,35,31,3,2,2,40.0
76,44,5,3,2,3,40.0
33,38,23,5,3,2,80.0
76,52,27,3,2,2,40.0
76,53,43,3,2,3,40.0
33,24,71,5,3,2,80.0
76,55,34,3,2,3,40.0
33,18,43,5,3,2,80.0
76,57,46,3,2,3,40.0
76,59,52,3,2,3,40.0
76,64,55,3,2,2,40.0
76,66,62,3,2,3,40.0
32,72,61,5,2,3,80.0
76,67,58,3,2,3,40.0
76,69,69,3,2,2,40.0
32,63,74,5,2,3,80.0
32,61,9,5,3,3,80.0
32,53,17,5,3,3,80.0
76,73,72,3,2,1,40.0
76,75,65,3,2,4,40.0
76,79,77,3,2,1,40.0
32,38,37,5,3,2,80.0
76,82,37,3,3,2,40.0
76,87,10,3,3,2,40.0
76,97,24,3,3,1,40.0
32,37,62,5,3,2,80.0
32,33,3,5,3,3,80.0
32,31,22,5,3,2,80.0
32,11,42,5,3,2,80.0
76,99,27,3,3,2,40.0
31,94,27,5,2,3,80.0
77,3,22,3,1,2,40.0
77,9,70,3,2,2,40.0
31,91,32,5,2,3,80.0
31,65,61,5,2,1,80.0
77,16,18,3,2,2,40.0
77,18,21,3,2,2,40.0
31,60,37,5,2,3,80.0
77,23,8,3,2,2,40.0
31,49,42,5,2,3,80.0
77,29,41,3,2,1,40.0
77,30,11,3,2,3,40.0
31,45,47,5,2,3,80.0
77,32,14,3,2,3,40.0
31,40,52,5,2,3,80.0
31,36,75,5,2,1,80.0
77,37,44,3,2,2,40.0
77,38,28,3,2,2,40.0
31,33,66,5,2,3,80.0
77,41,52,3,2,2,40.0
77,44,24,3,2,3,40.0
77,46,55,3,2,3,40.0
77,48,58,3,2,2,40.0
77,50,61,3,2,3,40.0
77,58,64,3,2,3,40.0
77,59,73,3,2,3,40.0
77,60,67,3,2,3,40.0
77,63,76,3,2,4,40.0
77,65,29,3,3,1,40.0
77,68,63,3,3,1,40.0
31,29,44,5,3,1,80.0
77,74,18,3,3,2,40.0
77,80,26,3,3,0,40.0
31,10,28,5,3,2,80.0
30,71,45,5,3,2,80.0
77,83,21,3,3,2,40.0
77,84,3,3,3,2,40.0
30,56,0,5,3,3,80.0
77,91,77,3,3,2,40.0
77,96,51,3,3,1,40.0
78,5,56,3,2,2,40.0
78,10,50,3,2,2,40.0
78,63,66,3,2,3,40.0
78,68,76,3,2,2,40.0
78,80,0,3,3,1,40.0
30,49,14,5,3,3,80.0
78,95,11,3,3,2,40.0
79,0,15,3,1,3,40.0
79,6,0,3,2,2,40.0
79,12,7,3,2,1,40.0
79,13,20,3,2,2,40.0
79,14,43,3,2,2,40.0
79,18,28,3,2,2,40.0
79,25,10,3,2,2,40.0
79,36,33,3,2,1,40.0
30,47,21,5,3,3,80.0
79,38,16,3,2,2,40.0
79,46,36,3,2,3,40.0
79,50,23,3,2,3,40.0
79,51,76,3,2,2,40.0
79,57,13,3,2,3,40.0
79,64,49,3,2,2,40.0
79,66,65,3,2,3,40.0
79,72,39,3,2,3,40.0
79,80,3,3,2,2,40.0
30,45,5,5,3,3,80.0
79,82,46,3,2,2,40.0
79,83,52,3,2,2,40.0
79,84,57,3,2,3,40.0
79,85,60,3,2,2,40.0
79,91,68,3,2,3,40.0
79,97,73,3,2,1,40.0
79,98,73,3,3,1,40.0
80,13,29,3,1,2,40.0
30,24,26,5,3,3,80.0
80,27,32,3,1,2,40.0
29,83,67,5,1,2,80.0
28,83,24,5,3,2,80.0
28,81,38,5,3,2,80.0
28,70,43,5,3,2,80.0
80,28,26,3,1,4,40.0
28,50,54,5,3,3,80.0
28,45,62,5,3,2,80.0
80,40,35,3,1,3,40.0
80,43,6,3,2,2,40.0
80,52,47,3,2,2,40.0
80,53,0,3,2,3,40.0
28,41,72,5,3,2,80.0
80,58,36,3,2,3,40.0
80,65,50,3,2,1,40.0
80,74,31,3,2,2,40.0
28,39,48,5,3,3,80.0
28,36,41,5,4,1,80.0
28,35,0,5,4,3,80.0
80,79,9,3,2,3,40.0
80,81,53,3,2,2,40.0
80,82,56,3,2,2,40.0
80,89,61,3,2,2,40.0
80,91,12,3,2,3,40.0
28,7,18,5,4,2,80.0
80,92,39,3,2,1,40.0
80,95,15,3,2,2,40.0
80,96,69,3,2,1,40.0
81,5,48,3,2,2,40.0
81,12,59,3,2,1,40.0
27,94,59,5,2,3,80.0
27,70,66,5,2,2,80.0
81,24,76,3,2,2,40.0
81,29,56,3,2,2,40.0
81,32,67,3,2,3,40.0
81,40,62,3,2,3,40.0
27,63,42,5,2,3,80.0
81,44,70,3,2,3,40.0
81,52,73,3,2,3,40.0
81,80,18,3,3,2,40.0
27,36,47,5,2,2,80.0
27,30,71,5,2,3,80.0
81,96,72,3,3,1,40.0
27,26,0,5,3,1,80.0
82,1,59,3,2,2,40.0
27,24,5,5,3,3,80.0
27,11,23,5,3,2,80.0
82,5,68,3,2,2,40.0
82,19,25,3,3,3,40.0
26,99,39,5,2,2,80.0
82,23,5,3,3,2,40.0
82,26,12,3,3,1,40.0
82,30,31,3,3,3,40.0
82,32,50,3,3,2,40.0
82,49,28,3,3,2,40.0
82,55,0,3,3,3,40.0
26,93,12,5,2,2,80.0
82,61,15,3,3,3,40.0
82,64,18,3,3,2,40.0
26,87,28,5,2,2,80.0
82,67,34,3,3,3,40.0
82,71,74,3,3,2,40.0
82,72,45,3,3,3,40.0
82,74,68,3,3,2,40.0
82,76,21,3,3,3,40.0
82,78,8,3,3,3,40.0
26,40,57,5,2,3,80.0
82,94,37,3,3,3,40.0
83,6,18,3,2,3,40.0
83,8,46,3,2,2,40.0
83,15,61,3,2,2,40.0
83,20,76,3,2,2,40.0
83,22,40,3,2,1,40.0
83,31,72,3,2,2,40.0
83,35,43,3,2,3,40.0
83,56,49,3,2,3,40.0
83,59,6,3,3,3,40.0
83,69,33,3,3,2,40.0
83,70,3,3,3,2,40.0
26,18,50,5,2,2,80.0
83,73,75,3,3,1,40.0
83,76,0,3,3,3,40.0
83,79,12,3,3,3,40.0
25,94,18,5,2,3,80.0
83,84,18,3,3,2,40.0
83,91,9,3,3,3,40.0
83,98,15,3,3,2,40.0
83,99,30,3,3,2,40.0
84,8,6,3,2,3,40.0
84,10,21,3,2,2,40.0
84,11,24,3,2,3,40.0
84,17,45,3,3,1,40.0
25,92,0,5,2,2,80.0
84,19,36,3,3,3,40.0
25,88,23,5,2,2,80.0
84,44,8,3,3,3,40.0
84,50,18,3,3,3,40.0
84,53,11,3,3,3,40.0
84,55,14,3,3,3,40.0
84,65,66,3,3,1,40.0
25,78,28,5,2,3,80.0
25,75,33,5,2,4,80.0
84,70,21,3,3,2,40.0
84,71,77,3,3,2,40.0
84,77,0,3,3,3,40.0
85,3,56,3,1,2,40.0
85,5,24,3,1,3,40.0
85,9,77,3,1,2,40.0
85,11,30,3,1,3,40.0
85,32,0,3,2,3,40.0
85,43,17,3,2,2,40.0
85,47,13,3,2,3,40.0
85,49,20,3,2,3,40.0
85,50,31,3,2,2,40.0
85,52,50,3,2,2,40.0
25,53,38,5,2,4,80.0
85,55,6,3,2,3,40.0
25,39,43,5,2,3,80.0
85,64,34,3,2,2,40.0
25,36,0,5,3,2,80.0
85,65,69,3,2,1,40.0
85,69,53,3,2,2,40.0
25,34,42,5,3,2,80.0
25,28,5,5,3,4,80.0
85,70,24,3,2,2,40.0
85,75,56,3,2,3,40.0
85,84,3,3,2,3,40.0
25,26,17,5,3,2,80.0
85,86,43,3,2,1,40.0
85,89,76,3,2,2,40.0
85,90,73,3,2,1,40.0
85,95,37,3,2,2,40.0
85,98,27,3,2,2,40.0
86,1,51,3,1,2,40.0
86,3,60,3,1,1,40.0
86,22,0,3,1,1,40.0
86,44,32,3,1,3,40.0
86,56,46,3,1,3,40.0
86,59,63,3,1,3,40.0
86,61,72,3,1,3,40.0
86,82,77,3,1,3,40.0
86,95,68,3,1,2,40.0
87,14,50,3,2,2,40.0
87,33,38,3,2,3,40.0
87,44,35,3,2,3,40.0
25,14,10,5,3,3,80.0
24,96,75,5,3,1,80.0
87,60,20,3,2,3,40.0
24,80,21,5,3,2,80.0
88,25,34,3,2,3,40.0
88,33,13,3,2,3,40.0
24,28,10,5,3,4,80.0
88,36,61,3,2,1,40.0
24,26,0,5,3,2,80.0
24,22,31,5,3,1,80.0
24,17,36,5,3,2,80.0
88,39,76,3,2,2,40.0
88,41,48,3,2,2,40.0
23,68,25,5,2,2,80.0
88,43,16,3,2,3,40.0
88,46,65,3,2,3,40.0
88,51,19,3,2,3,40.0
88,55,37,3,2,3,40.0
88,58,56,3,2,3,40.0
88,68,68,3,2,2,40.0
88,70,71,3,2,2,40.0
88,76,3,3,3,3,40.0
88,82,40,3,3,3,40.0
23,62,41,5,2,2,80.0
88,89,32,3,3,2,40.0
23,35,49,5,2,3,80.0
88,91,0,3,3,3,40.0
89,2,49,3,2,2,40.0
89,3,38,3,3,1,40.0
23,7,58,5,2,2,80.0
89,6,3,3,3,2,40.0
89,11,33,3,3,2,40.0
22,48,18,5,1,3,80.0
89,16,0,3,3,2,40.0
89,23,11,3,3,2,40.0
22,25,23,5,1,3,80.0
89,24,23,3,3,2,40.0
89,25,28,3,3,3,40.0
22,23,72,5,1,2,80.0
89,30,41,3,3,3,40.0
22,17,43,5,1,2,80.0
89,45,17,3,3,2,40.0
89,54,44,3,3,2,40.0
89,62,73,3,3,2,40.0
89,69,56,3,3,2,40.0
89,71,6,3,3,3,40.0
89,76,14,3,3,3,40.0
21,69,15,5,2,3,80.0
21,66,68,5,2,3,80.0
21,63,47,5,2,3,80.0
89,77,47,3,3,3,40.0
89,78,20,3,3,3,40.0
89,80,64,3,3,2,40.0
89,81,50,3,3,3,40.0
89,86,53,3,3,2,40.0
89,95,76,3,3,2,40.0
89,98,59,3,3,2,40.0
89,99,67,3,3,2,40.0
21,54,61,5,2,2,80.0
90,3,34,3,1,3,40.0
90,6,11,3,2,2,40.0
90,12,29,3,2,1,40.0
90,13,32,3,2,2,40.0
90,15,35,3,2,2,40.0
90,24,15,3,2,3,40.0
90,41,41,3,2,1,40.0
21,22,48,5,3,1,80.0
90,59,18,3,2,3,40.0
90,60,0,3,2,3,40.0
90,74,3,3,2,3,40.0
90,78,23,3,2,3,40.0
90,87,53,3,2,2,40.0
91,29,54,3,3,1,40.0
91,59,15,3,3,3,40.0
91,66,73,3,3,3,40.0
21,18,55,5,3,2,80.0
91,75,51,3,3,3,40.0
91,78,3,3,3,3,40.0
91,82,57,3,3,3,40.0
21,15,64,5,3,2,80.0
92,4,64,3,1,2,40.0
92,5,42,3,1,2,40.0
21,11,36,5,3,2,80.0
92,11,49,3,1,2,40.0
92,29,52,3,1,2,40.0
92,30,76,3,1,3,40.0
92,32,55,3,1,3,40.0
92,33,58,3,1,4,40.0
92,38,61,3,1,2,40.0
92,41,21,3,2,2,40.0
92,54,27,3,2,2,40.0
92,55,9,3,2,3,40.0
92,57,16,3,2,3,40.0
21,4,0,5,3,3,80.0
92,58,39,3,2,3,40.0
21,0,5,5,3,3,80.0
92,62,5,3,2,3,40.0
20,33,48,5,3,3,80.0
20,18,60,5,3,2,80.0
20,14,5,5,3,3,80.0
92,75,59,3,2,3,40.0
92,80,42,3,2,2,40.0
92,82,53,3,2,3,40.0
92,83,24,3,2,3,40.0
92,85,46,3,2,2,40.0
92,90,56,3,2,2,40.0
92,93,35,3,2,2,40.0
92,95,65,3,2,2,40.0
92,98,76,3,2,1,40.0
92,99,62,3,2,2,40.0
19,79,62,5,3,3,80.0
19,71,67,5,3,3,80.0
93,3,17,3,2,2,40.0
93,17,26,3,2,2,40.0
93,21,20,3,2,3,40.0
93,28,38,3,2,4,40.0
93,31,60,3,2,3,40.0
93,34,63,3,2,3,40.0
19,70,72,5,3,3,80.0
93,35,66,3,2,3,40.0
93,39,74,3,2,3,40.0
93,47,37,3,3,3,40.0
19,18,75,5,4,2,80.0
19,12,32,5,4,1,80.0
93,48,0,3,3,3,40.0
93,66,3,3,3,4,40.0
93,67,10,3,3,3,40.0
93,71,13,3,3,3,40.0
93,73,6,3,3,2,40.0
93,82,60,3,3,3,40.0
93,90,26,3,3,2,40.0
93,92,30,3,3,2,40.0
93,98,18,3,3,2,40.0
94,3,3,3,3,2,40.0
19,5,3,5,4,2,80.0
18,96,0,5,3,2,80.0
94,10,53,3,3,2,40.0
94,11,64,3,3,2,40.0
18,66,6,5,3,4,80.0
18,65,11,5,3,2,80.0
94,15,32,3,3,2,40.0
94,18,40,3,3,3,40.0
94,23,77,3,3,2,40.0
94,25,48,3,3,3,40.0
94,34,15,3,3,3,40.0
94,35,23,3,3,3,40.0
94,40,68,3,3,2,40.0
94,50,56,3,3,4,40.0
18,63,16,5,3,3,80.0
94,63,0,3,4,3,40.0
94,66,11,3,4,4,40.0
94,98,3,3,4,2,40.0
95,13,44,3,2,2,40.0
96,2,31,3,2,2,40.0
18,60,28,5,3,3,80.0
96,16,24,3,2,2,40.0
96,19,45,3,2,3,40.0
17,63,3,5,2,3,80.0
96,24,35,3,2,2,40.0
96,32,48,3,2,3,40.0
17,22,53,5,2,1,80.0
17,15,75,5,2,2,80.0
96,36,6,3,2,1,40.0
96,39,53,3,2,2,40.0
96,40,77,3,2,2,40.0
16,93,40,5,2,3,80.0
16,88,35,5,2,3,80.0
16,59,55,5,2,3,80.0
96,48,9,3,2,3,40.0
96,53,27,3,2,3,40.0
96,54,74,3,2,2,40.0
96,66,14,3,2,4,40.0
96,69,59,3,2,2,40.0
16,49,72,5,2,3,80.0
96,70,38,3,2,2,40.0
96,74,17,3,2,3,40.0
96,75,70,3,2,3,40.0
96,79,20,3,2,3,40.0
96,80,41,3,2,3,40.0
16,42,60,5,2,2,80.0
16,37,10,5,3,2,80.0
96,82,56,3,2,4,40.0
16,30,34,5,3,3,80.0
16,19,15,5,3,4,80.0
16,5,25,5,3,2,80.0
96,84,24,3,3,3,40.0
96,85,9,3,3,2,40.0
16,0,45,5,3,2,80.0
96,86,0,3,3,2,40.0
96,87,41,3,3,2,40.0
96,91,6,3,3,3,40.0
96,99,44,3,3,2,40.0
97,3,32,3,1,2,40.0
97,8,35,3,1,3,40.0
97,14,77,3,1,2,40.0
97,15,48,3,1,3,40.0
97,16,56,3,1,3,40.0
97,22,67,3,1,2,40.0
97,30,50,3,2,3,40.0
97,32,30,3,2,3,40.0
97,34,47,3,2,2,40.0
97,40,0,3,2,3,40.0
97,43,59,3,2,2,40.0
97,51,3,3,2,3,40.0
15,90,6,5,3,2,80.0
97,52,56,3,2,2,40.0
97,61,18,3,2,3,40.0
97,64,21,3,2,2,40.0
97,67,27,3,2,3,40.0
15,86,11,5,3,2,80.0
97,69,36,3,2,2,40.0
15,71,0,5,3,3,80.0
15,62,21,5,3,2,80.0
97,72,11,3,2,3,40.0
15,56,35,5,3,3,80.0
97,84,39,3,2,3,40.0
15,48,26,5,3,3,80.0
97,85,63,3,2,2,40.0
97,89,70,3,2,3,40.0
15,47,40,5,3,3,80.0
15,38,51,5,3,2,80.0
97,95,6,3,2,3,40.0
97,96,14,3,2,3,40.0
97,98,24,3,2,2,40.0
98,2,34,3,2,2,40.0
15,37,16,5,3,2,80.0
98,5,12,3,2,2,40.0
98,7,37,3,2,2,40.0
98,14,71,3,2,2,40.0
98,15,31,3,2,3,40.0
98,16,77,3,2,2,40.0
98,17,21,3,2,2,40.0
15,21,69,5,3,3,80.0
98,23,63,3,2,2,40.0
98,25,51,3,2,3,40.0
98,27,40,3,2,3,40.0
15,7,63,5,3,2,80.0
98,30,0,3,2,4,40.0
98,31,6,3,2,3,40.0
98,45,43,3,2,3,40.0
98,48,66,3,2,3,40.0
98,49,54,3,2,3,40.0
98,54,74,3,2,3,40.0
14,91,24,5,3,3,80.0
98,62,15,3,3,2,40.0
98,63,71,3,3,2,40.0
14,74,34,5,3,2,80.0
98,66,0,3,3,4,40.0
98,68,3,3,3,2,40.0
14,67,39,5,3,3,80.0
98,70,12,3,3,2,40.0
98,72,28,3,3,3,40.0
98,73,9,3,3,2,40.0
98,74,45,3,3,2,40.0
98,78,33,3,3,3,40.0
98,80,74,3,3,2,40.0
98,83,21,3,3,3,40.0
98,92,49,3,3,2,40.0
99,52,51,3,2,3,40.0
0,4,50,4,2,3,60.0
0,13,65,4,2,2,60.0
14,63,29,5,3,3,80.0
0,17,10,4,3,2,60.0
0,33,28,4,3,3,60.0
0,43,24,4,3,3,60.0
0,55,18,4,3,3,60.0
0,72,48,4,3,3,60.0
0,79,32,4,3,3,60.0
14,33,53,5,3,3,80.0
0,91,43,4,3,3,60.0
14,20,15,5,3,3,80.0
0,97,66,4,3,2,60.0
1,6,36,4,2,3,60.0
1,26,76,4,3,1,60.0
1,30,3,4,3,4,60.0
1,58,42,4,3,3,60.0
13,95,59,5,2,3,80.0
13,68,71,5,2,2,80.0
1,80,26,4,3,2,60.0
2,1,52,4,2,3,60.0
2,6,56,4,2,2,60.0
2,17,45,4,2,3,60.0
2,24,60,4,2,3,60.0
2,25,64,4,2,3,60.0
13,65,0,5,3,2,80.0
13,45,10,5,3,3,80.0
2,26,68,4,2,2,60.0
2,41,55,4,3,2,60.0
12,98,37,5,1,3,80.0
2,42,27,4,3,1,60.0
12,6,31,5,2,2,80.0
11,93,73,5,2,3,80.0
2,58,67,4,3,3,60.0
2,59,9,4,3,3,60.0
2,62,0,4,3,3,60.0
2,75,62,4,3,3,60.0
2,77,13,4,3,3,60.0
2,81,4,4,3,3,60.0
11,78,59,5,2,3,80.0
2,84,48,4,3,3,60.0
3,7,46,4,2,2,60.0
11,71,67,5,2,4,80.0
3,54,6,4,2,3,60.0
3,78,38,4,2,3,60.0
3,97,42,4,2,2,60.0
4,2,17,4,3,3,60.0
4,8,54,4,3,2,60.0
4,13,5,4,3,3,60.0
11,61,33,5,3,3,80.0
4,17,29,4,3,2,60.0
4,20,69,4,3,2,60.0
4,22,9,4,3,2,60.0
11,54,0,5,3,3,80.0
4,27,21,4,3,2,60.0
4,39,25,4,3,3,60.0
11,39,5,5,3,3,80.0
4,56,59,4,3,2,60.0
11,27,10,5,3,3,80.0
11,25,54,5,3,3,80.0
4,64,37,4,3,2,60.0
4,66,33,4,3,4,60.0
4,71,41,4,3,3,60.0
4,74,13,4,3,3,60.0
11,17,48,5,3,2,80.0
4,91,63,4,3,3,60.0
4,95,45,4,3,3,60.0
11,8,61,5,3,2,80.0
10,81,44,5,2,3,80.0
5,1,8,4,2,3,60.0
5,9,15,4,2,3,60.0
5,10,37,4,2,2,60.0
5,12,62,4,2,1,60.0
5,14,71,4,2,3,60.0
5,17,0,4,3,3,60.0
10,41,74,5,2,3,80.0
5,24,41,4,3,3,60.0
5,25,37,4,3,3,60.0
5,26,5,4,3,2,60.0
5,35,18,4,3,2,60.0
5,38,56,4,3,2,60.0
5,41,9,4,3,3,60.0
5,53,30,4,3,3,60.0
5,55,45,4,3,3,60.0
5,57,49,4,3,3,60.0
5,59,13,4,3,4,60.0
5,60,60,4,3,3,60.0
5,61,64,4,3,3,60.0
5,63,69,4,3,3,60.0
5,64,73,4,3,2,60.0
10,34,50,5,3,2,80.0
5,67,0,4,4,3,60.0
10,22,0,5,3,2,80.0
5,71,9,4,4,3,60.0
5,74,20,4,4,3,60.0
5,81,13,4,4,3,60.0
5,84,60,4,4,3,60.0
10,4,5,5,3,4,80.0
5,89,4,4,4,4,60.0
9,99,70,5,3,2,80.0
5,90,64,4,4,2,60.0
6,23,52,4,2,3,60.0
6,27,63,4,2,3,60.0
9,87,44,5,3,2,80.0
6,30,67,4,2,4,60.0
6,42,0,4,3,2,60.0
6,53,22,4,3,3,60.0
6,56,26,4,3,3,60.0
6,77,6,4,3,3,60.0
6,81,30,4,3,3,60.0
6,88,10,4,3,3,60.0
6,93,51,4,3,3,60.0
7,4,50,4,2,4,60.0
9,79,0,5,3,3,80.0
7,11,54,4,2,4,60.0
7,29,0,4,3,2,60.0
7,34,4,4,3,3,60.0
9,70,27,5,3,2,80.0
7,42,8,4,3,2,60.0
7,45,15,4,3,3,60.0
7,46,31,4,3,3,60.0
7,51,22,4,3,3,60.0
7,63,35,4,3,3,60.0
7,70,48,4,3,2,60.0
7,79,26,4,3,3,60.0
7,92,68,4,3,2,60.0
8,0,70,4,2,3,60.0
8,6,14,4,3,3,60.0
8,18,21,4,3,3,60.0
8,26,62,4,3,2,60.0
8,41,0,4,3,3,60.0
8,42,25,4,3,2,60.0
9,68,6,5,3,2,80.0
8,43,9,4,3,3,60.0
9,64,58,5,3,2,80.0
8,49,29,4,3,3,60.0
8,50,38,4,3,3,60.0
8,54,45,4,3,3,60.0
9,53,49,5,3,3,80.0
8,56,52,4,3,3,60.0
8,58,71,4,3,3,60.0
8,60,56,4,3,3,60.0
8,62,66,4,3,3,60.0
8,64,68,4,4,2,60.0
8,67,30,4,4,3,60.0
8,76,6,4,4,3,60.0
8,78,14,4,4,3,60.0
8,82,63,4,4,3,60.0
8,88,18,4,4,3,60.0
9,52,19,5,3,3,80.0
8,99,75,4,4,2,60.0
9,2,32,4,3,3,60.0
9,7,39,4,3,3,60.0
9,8,54,4,3,4,60.0
9,11,66,4,3,3,60.0
9,12,76,4,3,1,60.0
9,16,11,4,3,4,60.0
9,21,43,4,4,2,60.0
9,30,7,4,4,4,60.0
9,36,11,4,4,2,60.0
9,37,21,4,4,2,60.0
9,40,25,4,4,3,60.0
9,41,15,4,4,3,60.0
9,59,30,4,4,3,60.0
9,86,3,4,4,2,60.0
9,91,47,4,4,3,60.0
9,51,34,5,4,3,80.0
9,50,64,5,4,3,80.0
10,1,12,4,2,3,60.0
10,2,64,4,2,4,60.0
10,6,40,4,3,3,60.0
10,12,69,4,3,1,60.0
10,15,56,4,3,3,60.0
9,47,51,5,4,3,80.0
10,16,31,4,3,2,60.0
10,26,22,4,3,2,60.0
10,29,10,4,3,2,60.0
10,35,14,4,3,3,60.0
9,45,56,5,4,3,80.0
10,37,73,4,3,2,60.0
9,31,69,5,4,3,80.0
9,10,74,5,4,4,80.0
10,40,18,4,3,4,60.0
10,42,35,4,3,2,60.0
10,43,44,4,3,3,60.0
10,51,26,4,3,3,60.0
10,55,60,4,3,3,60.0
10,59,64,4,3,4,60.0
10,60,13,4,4,3,60.0
8,90,0,5,4,3,80.0
10,62,8,4,4,3,60.0
8,73,22,5,4,2,80.0
10,64,0,4,4,3,60.0
10,69,4,4,4,3,60.0
8,65,34,5,4,2,80.0
10,72,52,4,4,3,60.0
10,75,17,4,4,4,60.0
10,77,32,4,4,3,60.0
10,78,42,4,4,3,60.0
8,63,58,5,4,3,80.0
10,80,21,4,4,3,60.0
10,89,25,4,4,4,60.0
10,90,59,4,4,2,60.0
8,57,39,5,4,3,80.0
10,92,36,4,4,3,60.0
10,94,46,4,4,4,60.0
10,95,64,4,4,3,60.0
8,52,44,5,4,3,80.0
10,98,68,4,4,4,60.0
11,2,38,4,3,3,60.0
11,7,43,4,3,3,60.0
8,34,49,5,4,3,80.0
11,15,74,4,3,3,60.0
11,24,70,4,3,3,60.0
11,26,15,4,3,3,60.0
11,29,19,4,3,2,60.0
11,35,37,4,4,2,60.0
11,56,41,4,4,3,60.0
11,57,8,4,4,3,60.0
11,68,12,4,4,2,60.0
11,72,66,4,4,3,60.0
7,89,52,5,3,4,80.0
11,77,58,4,4,3,60.0
12,5,50,4,1,4,60.0
7,80,57,5,3,3,80.0
12,17,4,4,2,3,60.0
12,45,0,4,2,2,60.0
12,55,22,4,2,3,60.0
12,67,44,4,2,3,60.0
12,97,73,4,2,2,60.0
12,99,8,4,2,3,60.0
13,3,76,4,2,2,60.0
13,7,62,4,3,3,60.0
13,24,45,4,3,3,60.0
13,29,15,4,3,2,60.0
13,64,19,4,3,3,60.0
7,72,72,5,3,3,80.0
13,74,24,4,3,3,60.0
13,78,49,4,3,3,60.0
13,87,56,4,3,2,60.0
13,88,28,4,3,3,60.0
13,96,32,4,3,3,60.0
7,65,5,5,4,2,80.0
7,61,28,5,4,3,80.0
14,2,44,4,3,3,60.0
14,6,58,4,3,3,60.0
14,17,20,4,3,3,60.0
14,26,75,4,3,2,60.0
14,65,48,4,3,2,60.0
7,58,75,5,4,3,80.0
14,89,62,4,3,4,60.0
14,93,66,4,3,3,60.0
14,97,0,4,4,3,60.0
15,2,21,4,4,3,60.0
15,6,44,4,4,3,60.0
15,13,36,4,4,3,60.0
7,54,33,5,4,2,80.0
15,18,48,4,4,3,60.0
15,20,10,4,4,3,60.0
15,27,28,4,4,2,60.0
7,23,0,5,4,3,80.0
15,39,0,4,4,3,60.0
15,42,4,4,4,2,60.0
15,57,32,4,4,3,60.0
15,58,14,4,4,4,60.0
15,60,52,4,4,3,60.0
15,63,40,4,4,4,60.0
15,64,56,4,4,3,60.0
15,68,60,4,4,2,60.0
15,82,64,4,4,4,60.0
15,93,68,4,4,4,60.0
15,99,72,4,4,3,60.0
16,2,0,4,3,4,60.0
16,3,50,4,3,2,60.0
16,21,30,4,3,3,60.0
16,25,59,4,3,3,60.0
16,35,39,4,3,3,60.0
7,19,10,5,4,4,80.0
16,45,20,4,3,3,60.0
16,61,75,4,3,3,60.0
16,67,63,4,3,3,60.0
16,71,4,4,3,4,60.0
16,72,67,4,3,4,60.0
16,74,71,4,3,3,60.0
16,80,0,4,4,3,60.0
16,90,68,4,4,2,60.0
17,6,62,4,3,3,60.0
18,1,33,4,3,3,60.0
7,12,15,5,4,2,80.0
18,2,43,4,3,4,60.0
18,11,62,4,3,4,60.0
6,97,66,5,3,3,80.0
6,94,6,5,4,4,80.0
18,15,76,4,3,4,60.0
6,43,71,5,3,3,80.0
18,16,52,4,3,4,60.0
18,20,66,4,3,3,60.0
6,18,56,5,4,3,80.0
18,24,70,4,3,4,60.0
18,30,11,4,4,4,60.0
5,91,24,5,4,4,80.0
18,44,38,4,4,3,60.0
18,45,0,4,4,3,60.0
18,48,4,4,4,3,60.0
5,80,29,5,4,3,80.0
18,54,15,4,4,3,60.0
18,56,56,4,4,3,60.0
18,58,19,4,4,4,60.0
18,61,42,4,4,3,60.0
18,64,23,4,4,3,60.0
18,71,27,4,4,3,60.0
18,77,66,4,4,3,60.0
5,69,72,5,4,2,80.0
5,56,34,5,4,4,80.0
18,79,46,4,4,3,60.0
5,50,42,5,4,3,80.0
5,34,54,5,4,3,80.0
19,23,32,4,3,2,60.0
19,40,43,4,4,3,60.0
19,46,47,4,4,3,60.0
19,51,39,4,4,3,60.0
19,86,20,4,4,2,60.0
19,92,24,4,4,3,60.0
20,0,53,4,3,3,60.0
20,3,20,4,3,3,60.0
20,25,70,4,3,3,60.0
20,43,33,4,3,3,60.0
20,54,24,4,3,3,60.0
20,56,74,4,3,3,60.0
20,60,42,4,3,3,60.0
4,86,24,5,4,2,80.0
20,67,37,4,3,4,60.0
20,75,0,4,4,4,60.0
20,77,36,4,4,3,60.0
20,90,72,4,4,2,60.0
20,99,4,4,4,3,60.0
21,1,57,4,2,3,60.0
21,2,15,4,3,4,60.0
21,12,26,4,3,2,60.0
21,14,41,4,3,4,60.0
21,20,60,4,3,4,60.0
21,23,18,4,4,2,60.0
21,26,33,4,4,2,60.0
21,30,22,4,4,4,60.0
4,80,10,5,4,3,80.0
21,32,51,4,4,3,60.0
21,34,0,4,4,3,60.0
21,39,29,4,4,3,60.0
21,47,45,4,4,3,60.0
21,48,12,4,4,3,60.0
21,49,38,4,4,3,60.0
21,51,6,4,4,3,60.0
21,52,68,4,4,2,60.0
21,57,59,4,4,3,60.0
21,72,55,4,4,4,60.0
21,80,63,4,4,3,60.0
21,81,75,4,4,3,60.0
4,76,30,5,4,3,80.0
4,69,35,5,4,3,80.0
4,68,16,5,4,2,80.0
22,36,6,4,1,2,60.0
22,37,34,4,2,2,60.0
22,42,18,4,2,2,60.0
4,60,70,5,4,3,80.0
4,55,40,5,4,3,80.0
22,84,70,4,2,3,60.0
4,45,61,5,4,3,80.0
23,8,10,4,3,4,60.0
23,13,40,4,3,3,60.0
23,26,5,4,3,3,60.0
4,38,75,5,4,2,80.0
4,32,0,5,4,4,80.0
23,42,29,4,3,2,60.0
4,19,54,5,4,4,80.0
23,44,14,4,3,3,60.0
23,64,33,4,3,3,60.0
23,73,18,4,3,2,60.0
24,4,66,4,3,4,60.0
3,94,59,5,2,4,80.0
24,18,50,4,3,4,60.0
24,23,56,4,3,3,60.0
3,14,10,5,2,4,80.0
2,82,4,5,4,4,80.0
24,31,57,4,4,2,60.0
24,42,39,4,4,2,60.0
24,54,10,4,4,3,60.0
24,58,0,4,4,4,60.0
24,68,21,4,4,2,60.0
2,52,9,5,4,3,80.0
24,70,4,4,4,3,60.0
24,85,14,4,4,3,60.0
2,38,68,5,4,2,80.0
2,20,19,5,4,4,80.0
2,12,36,5,4,2,80.0
1,96,17,5,3,3,80.0
24,91,76,4,4,3,60.0
25,3,74,4,3,3,60.0
25,4,73,4,4,3,60.0
25,12,48,4,4,2,60.0
25,27,15,4,4,3,60.0
1,92,46,5,3,3,80.0
25,30,26,4,4,4,60.0
1,88,61,5,3,3,80.0
25,33,62,4,4,3,60.0
25,37,53,4,4,2,60.0
25,42,43,4,4,2,60.0
25,64,4,4,4,3,60.0
25,70,57,4,4,2,60.0
25,79,36,4,4,3,60.0
25,85,0,4,4,3,60.0
1,81,37,5,3,3,80.0
25,99,19,4,4,3,60.0
26,9,39,4,3,4,60.0
1,70,66,5,3,3,80.0
26,11,0,4,3,4,60.0
26,16,19,4,3,4,60.0
1,49,71,5,3,4,80.0
26,20,9,4,3,4,60.0
26,24,25,4,3,4,60.0
26,47,56,4,3,3,60.0
26,53,60,4,3,3,60.0
1,41,4,5,4,3,80.0
26,54,29,4,3,3,60.0
1,2,24,5,4,4,80.0
26,55,49,4,3,3,60.0
26,64,43,4,3,3,60.0
26,80,34,4,3,3,60.0
1,0,57,5,4,3,80.0
0,78,74,5,3,3,80.0
26,85,64,4,3,3,60.0
27,0,19,4,3,4,60.0
0,74,6,5,4,3,80.0
0,70,11,5,4,3,80.0
27,1,29,4,3,4,60.0
27,7,43,4,3,4,60.0
0,63,23,5,4,3,80.0
0,54,33,5,4,3,80.0
0,51,43,5,4,3,80.0
27,17,33,4,3,3,60.0
27,18,70,4,3,4,60.0
27,19,59,4,3,4,60.0
27,20,47,4,3,4,60.0
27,25,8,4,4,4,60.0
0,35,0,5,4,4,80.0
27,29,74,4,3,2,60.0
27,35,51,4,3,4,60.0
0,27,28,5,4,4,80.0
27,46,55,4,3,4,60.0
99,62,12,4,3,3,60.0
27,47,60,4,4,3,60.0
99,56,60,4,3,3,60.0
99,40,76,4,3,3,60.0
99,16,23,4,3,4,60.0
27,50,33,4,4,3,60.0
27,54,19,4,4,3,60.0
27,55,53,4,4,3,60.0
27,62,23,4,4,3,60.0
27,65,76,4,4,1,60.0
27,66,37,4,4,4,60.0
27,67,48,4,4,3,60.0
27,74,41,4,4,3,60.0
27,92,12,4,4,2,60.0
27,93,0,4,4,4,60.0
27,96,64,4,4,3,60.0
27,98,4,4,4,4,60.0
28,1,13,4,3,4,60.0
28,2,29,4,4,4,60.0
98,90,24,4,3,3,60.0
28,19,63,4,4,4,60.0
28,29,33,4,4,2,60.0
98,87,65,4,3,2,60.0
28,34,59,4,4,3,60.0
28,49,47,4,4,3,60.0
98,82,52,4,3,4,60.0
98,71,56,4,3,3,60.0
98,69,60,4,3,3,60.0
28,55,67,4,4,3,60.0
28,59,51,4,4,4,60.0
28,66,55,4,4,4,60.0
28,73,71,4,4,2,60.0
28,78,75,4,4,4,60.0
29,37,67,4,2,2,60.0
98,64,8,4,4,3,60.0
29,44,42,4,2,3,60.0
29,55,26,4,2,3,60.0
29,71,37,4,2,3,60.0
29,89,46,4,2,4,60.0
29,96,59,4,2,3,60.0
98,61,38,4,4,3,60.0
30,18,31,4,4,4,60.0
98,60,23,4,4,3,60.0
30,34,18,4,4,3,60.0
30,41,35,4,4,3,60.0
30,43,39,4,4,3,60.0
30,61,46,4,4,3,60.0
30,72,56,4,4,3,60.0
30,75,50,4,4,4,60.0
30,84,60,4,4,4,60.0
98,59,34,4,4,3,60.0
98,58,27,4,4,4,60.0
30,94,76,4,4,4,60.0
31,1,22,4,3,3,60.0
98,52,0,4,4,3,60.0
98,51,12,4,4,3,60.0
31,3,0,4,3,3,60.0
31,11,16,4,3,4,60.0
31,19,28,4,4,4,60.0
98,50,47,4,4,3,60.0
31,20,40,4,3,4,60.0
98,47,64,4,4,3,60.0
98,42,51,4,4,2,60.0
31,25,32,4,4,4,60.0
31,30,71,4,4,4,60.0
31,34,9,4,3,3,60.0
31,38,33,4,3,3,60.0
31,41,49,4,3,3,60.0
31,48,74,4,3,3,60.0
31,53,54,4,3,3,60.0
31,55,63,4,3,4,60.0
31,58,4,4,4,4,60.0
31,59,38,4,4,3,60.0
31,61,50,4,4,3,60.0
31,64,12,4,4,3,60.0
98,37,16,4,4,3,60.0
98,36,42,4,4,2,60.0
98,34,72,4,4,3,60.0
31,69,0,4,4,3,60.0
31,73,42,4,4,2,60.0
31,79,16,4,4,3,60.0
31,80,46,4,4,3,60.0
31,82,20,4,4,4,60.0
31,85,8,4,4,3,60.0
98,26,76,4,4,3,60.0
31,86,56,4,4,2,60.0
98,22,55,4,4,2,60.0
31,88,24,4,4,3,60.0
31,92,60,4,4,3,60.0
98,18,60,4,4,4,60.0
31,95,75,4,4,3,60.0
31,97,64,4,4,4,60.0
32,2,58,4,3,4,60.0
32,6,33,4,3,4,60.0
32,16,72,4,3,4,60.0
32,27,68,4,4,4,60.0
32,35,76,4,3,4,60.0
32,40,72,4,4,3,60.0
32,43,5,4,4,3,60.0
32,44,50,4,4,3,60.0
32,48,31,4,4,3,60.0
97,99,27,4,3,3,60.0
97,93,21,4,3,3,60.0
97,91,4,4,3,4,60.0
97,87,74,4,3,2,60.0
32,55,76,4,4,3,60.0
32,77,40,4,4,3,60.0
32,80,15,4,4,3,60.0
32,82,9,4,4,4,60.0
32,96,27,4,4,3,60.0
32,97,35,4,4,3,60.0
33,23,76,4,3,3,60.0
33,37,0,4,4,3,60.0
33,43,48,4,4,3,60.0
97,81,8,4,3,3,60.0
33,57,27,4,4,3,60.0
33,61,4,4,4,4,60.0
33,64,37,4,4,3,60.0
97,71,16,4,3,3,60.0
33,93,33,4,4,3,60.0
33,97,12,4,4,3,60.0
34,4,45,4,3,4,60.0
97,66,41,4,3,4,60.0
34,11,22,4,3,4,60.0
97,62,31,4,3,3,60.0
97,60,45,4,3,4,60.0
34,14,26,4,3,4,60.0
34,19,67,4,3,4,60.0
97,58,49,4,3,4,60.0
34,20,30,4,3,4,60.0
34,26,34,4,3,4,60.0
97,56,53,4,3,4,60.0
34,32,19,4,4,4,60.0
34,40,38,4,3,4,60.0
34,42,76,4,3,2,60.0
34,45,24,4,4,3,60.0
97,55,57,4,3,4,60.0
97,48,61,4,3,3,60.0
34,49,61,4,4,3,60.0
34,50,28,4,4,3,60.0
34,52,4,4,4,3,60.0
97,47,68,4,4,3,60.0
97,46,51,4,4,3,60.0
34,60,33,4,4,3,60.0
34,63,8,4,4,3,60.0
34,70,0,4,4,3,60.0
97,41,19,4,4,3,60.0
34,71,45,4,4,3,60.0
34,72,14,4,4,3,60.0
34,81,53,4,4,3,60.0
34,86,37,4,4,2,60.0
34,91,41,4,4,4,60.0
34,92,72,4,4,2,60.0
34,94,65,4,4,4,60.0
35,0,62,4,4,3,60.0
35,5,68,4,4,4,60.0
35,7,20,4,4,4,60.0
35,14,18,4,3,4,60.0
35,20,26,4,3,4,60.0
35,22,10,4,3,3,60.0
35,26,72,4,4,3,60.0
97,36,46,4,4,1,60.0
35,33,8,4,4,4,60.0
97,33,23,4,4,4,60.0
35,34,57,4,4,4,60.0
35,37,12,4,4,3,60.0
35,50,16,4,4,4,60.0
35,52,24,4,4,3,60.0
35,62,35,4,4,3,60.0
97,29,4,4,4,2,60.0
35,66,28,4,4,4,60.0
35,74,45,4,4,3,60.0
35,79,40,4,4,3,60.0
97,26,0,4,4,4,60.0
97,24,29,4,4,4,60.0
97,23,60,4,4,3,60.0
36,2,52,4,2,4,60.0
36,3,15,4,2,3,60.0
36,11,26,4,2,4,60.0
36,17,37,4,2,3,60.0
97,11,33,4,4,4,60.0
36,52,30,4,2,3,60.0
36,75,21,4,2,4,60.0
37,1,20,4,3,4,60.0
97,6,11,4,4,4,60.0
37,11,4,4,3,4,60.0
37,42,47,4,3,2,60.0
97,2,73,4,4,4,60.0
37,72,8,4,3,4,60.0
37,95,40,4,3,2,60.0
97,1,37,4,4,4,60.0
96,90,76,4,3,2,60.0
38,7,24,4,3,4,60.0
38,65,42,4,2,2,60.0
96,76,47,4,3,3,60.0
38,70,19,4,2,3,60.0
38,77,5,4,2,4,60.0
38,78,53,4,3,3,60.0
38,86,7,4,3,2,60.0
96,72,36,4,3,4,60.0
96,71,51,4,3,3,60.0
39,12,53,4,3,2,60.0
39,29,63,4,3,2,60.0
39,64,67,4,3,3,60.0
39,76,17,4,3,3,60.0
96,67,68,4,3,3,60.0
39,80,21,4,3,4,60.0
39,86,33,4,3,2,60.0
39,96,37,4,3,4,60.0
96,63,55,4,3,4,60.0
40,2,47,4,4,4,60.0
96,61,72,4,3,4,60.0
40,13,66,4,4,3,60.0
40,20,13,4,4,4,60.0
40,23,22,4,4,3,60.0
96,56,64,4,4,3,60.0
40,26,4,4,4,4,60.0
40,29,0,4,4,3,60.0
96,55,30,4,4,3,60.0
40,36,56,4,4,2,60.0
40,45,28,4,4,3,60.0
96,49,23,4,4,3,60.0
40,46,70,4,4,3,60.0
40,50,74,4,4,3,60.0
40,53,8,4,4,4,60.0
40,55,32,4,4,4,60.0
96,47,72,4,4,3,60.0
40,56,42,4,4,4,60.0
40,70,51,4,4,3,60.0
40,71,60,4,4,3,60.0
96,44,54,4,4,3,60.0
96,42,68,4,4,2,60.0
96,34,49,4,4,4,60.0
41,0,39,4,3,4,60.0
41,22,23,4,3,2,60.0
41,25,66,4,3,4,60.0
41,32,44,4,3,4,60.0
96,26,8,4,4,4,60.0
41,37,27,4,3,3,60.0
41,39,57,4,3,3,60.0
41,45,70,4,3,3,60.0
96,13,76,4,4,3,60.0
41,54,53,4,3,3,60.0
41,80,31,4,3,4,60.0
41,94,14,4,4,4,60.0
41,99,61,4,3,4,60.0
96,6,0,4,4,4,60.0
42,18,74,4,3,4,60.0
96,3,4,4,4,3,60.0
42,33,72,4,2,4,60.0
96,1,41,4,4,4,60.0
42,36,55,4,2,3,60.0
42,70,23,4,3,3,60.0
95,58,54,4,2,4,60.0
95,36,18,4,2,3,60.0
43,11,76,4,3,4,60.0
94,97,41,4,4,4,60.0
43,16,56,4,3,4,60.0
43,20,52,4,3,4,60.0
43,33,61,4,3,4,60.0
43,38,0,4,3,3,60.0
43,41,65,4,3,4,60.0
43,45,32,4,4,3,60.0
43,48,36,4,4,3,60.0
43,50,69,4,4,3,60.0
94,75,25,4,4,4,60.0
43,54,40,4,4,3,60.0
43,56,0,4,4,4,60.0
43,57,63,4,4,3,60.0
43,58,8,4,4,4,60.0
93,89,8,4,4,4,60.0
43,62,16,4,4,3,60.0
43,63,52,4,4,3,60.0
43,66,20,4,4,4,60.0
43,70,27,4,4,3,60.0
93,88,55,4,3,3,60.0
43,79,56,4,4,3,60.0
93,74,28,4,4,3,60.0
93,68,32,4,4,2,60.0
43,81,4,4,4,4,60.0
43,85,44,4,4,3,60.0
93,65,21,4,4,2,60.0
43,86,48,4,4,2,60.0
43,92,12,4,4,3,60.0
44,1,62,4,3,4,60.0
44,11,45,4,4,4,60.0
44,12,58,4,3,2,60.0
44,14,66,4,3,4,60.0
93,64,47,4,4,3,60.0
93,45,36,4,4,3,60.0
44,19,71,4,4,4,60.0
44,23,73,4,3,4,60.0
44,24,33,4,4,4,60.0
93,33,16,4,4,4,60.0
44,33,41,4,4,4,60.0
44,41,0,4,4,4,60.0
44,47,76,4,4,3,60.0
93,23,64,4,4,3,60.0
44,55,4,4,4,4,60.0
44,58,23,4,4,4,60.0
44,62,27,4,4,3,60.0
44,70,37,4,4,3,60.0
44,71,8,4,4,4,60.0
44,79,50,4,4,3,60.0
93,14,4,4,4,4,60.0
93,12,12,4,4,3,60.0
44,83,54,4,4,3,60.0
44,89,12,4,4,4,60.0
44,92,16,4,4,3,60.0
44,95,58,4,4,4,60.0
45,27,72,4,4,4,60.0
93,11,72,4,4,4,60.0
45,32,23,4,4,4,60.0
45,51,52,4,3,3,60.0
45,52,66,4,3,3,60.0
92,96,12,4,4,4,60.0
45,55,74,4,3,4,60.0
92,94,20,4,3,4,60.0
45,68,36,4,4,2,60.0
92,88,6,4,3,3,60.0
45,79,5,4,4,3,60.0
45,87,0,4,4,3,60.0
45,88,14,4,4,3,60.0
45,90,9,4,4,3,60.0
46,0,74,4,3,4,60.0
46,11,49,4,4,4,60.0
46,12,62,4,4,2,60.0
46,14,22,4,4,4,60.0
46,29,4,4,4,3,60.0
92,86,29,4,3,2,60.0
92,81,0,4,3,3,60.0
46,33,66,4,4,4,60.0
46,36,70,4,4,2,60.0
46,37,31,4,4,3,60.0
92,79,67,4,3,3,60.0
46,41,8,4,4,4,60.0
46,45,18,4,4,4,60.0
46,51,74,4,4,3,60.0
46,60,0,4,4,4,60.0
46,63,12,4,4,4,60.0
46,71,26,4,4,4,60.0
46,72,40,4,4,4,60.0
46,74,35,4,4,3,60.0
46,75,44,4,4,4,60.0
92,76,40,4,3,3,60.0
47,32,54,4,4,4,60.0
92,74,51,4,3,3,60.0
92,70,55,4,3,3,60.0
47,36,60,4,4,2,60.0
47,48,40,4,4,3,60.0
47,50,0,4,4,4,60.0
92,68,71,4,3,3,60.0
92,67,75,4,3,3,60.0
47,51,30,4,4,3,60.0
47,55,71,4,4,3,60.0
47,62,44,4,4,3,60.0
47,63,4,4,4,4,60.0
47,67,8,4,4,4,60.0
47,77,12,4,4,4,60.0
92,53,64,4,4,3,60.0
47,78,64,4,4,3,60.0
47,79,76,4,4,3,60.0
47,88,48,4,4,3,60.0
92,50,4,4,4,4,60.0
92,49,0,4,4,4,60.0
47,90,16,4,4,3,60.0
92,45,27,4,4,4,60.0
92,36,74,4,4,2,60.0
47,94,34,4,4,4,60.0
48,1,45,4,3,4,60.0
92,23,44,4,4,3,60.0
92,22,38,4,4,2,60.0
48,7,49,4,3,4,60.0
48,12,69,4,3,2,60.0
48,13,70,4,4,3,60.0
92,17,8,4,4,3,60.0
48,22,5,4,4,2,60.0
48,23,48,4,4,3,60.0
92,16,31,4,4,4,60.0
48,38,11,4,4,3,60.0
48,42,0,4,4,3,60.0
48,43,74,4,4,4,60.0
92,14,48,4,4,4,60.0
92,12,16,4,4,3,60.0
48,52,15,4,4,3,60.0
48,54,57,4,4,3,60.0
48,56,19,4,4,4,60.0
48,57,23,4,4,4,60.0
91,97,15,4,4,4,60.0
48,59,42,4,4,3,60.0
91,95,47,4,4,2,60.0
48,62,52,4,4,3,60.0
48,64,27,4,4,3,60.0
48,65,61,4,4,2,60.0
48,70,31,4,4,3,60.0
48,81,65,4,4,3,60.0
48,82,35,4,4,4,60.0
49,3,8,4,4,3,60.0
91,92,20,4,4,4,60.0
49,26,12,4,4,4,60.0
49,41,4,4,4,4,60.0
49,58,31,4,4,4,60.0
49,59,46,4,4,3,60.0
49,80,25,4,4,3,60.0
49,89,16,4,4,4,60.0
91,88,66,4,4,3,60.0
50,1,9,4,4,4,60.0
91,81,57,4,4,3,60.0
50,37,35,4,4,3,60.0
91,77,70,4,4,3,60.0
50,39,20,4,4,4,60.0
50,54,49,4,4,3,60.0
50,65,25,4,4,2,60.0
50,67,29,4,4,4,60.0
50,71,72,4,4,3,60.0
50,73,59,4,4,2,60.0
50,74,63,4,4,3,60.0
91,20,76,4,4,4,60.0
50,77,39,4,4,4,60.0
50,83,43,4,4,3,60.0
50,84,67,4,4,4,60.0
91,13,0,4,4,4,60.0
51,14,56,4,3,4,60.0
51,16,48,4,3,4,60.0
51,36,60,4,3,3,60.0
51,44,64,4,3,4,60.0
51,58,68,4,3,4,60.0
51,59,0,4,4,4,60.0
51,62,39,4,4,3,60.0
91,0,51,4,4,4,60.0
51,67,52,4,4,3,60.0
51,68,43,4,4,2,60.0
90,91,29,4,3,4,60.0
90,89,20,4,3,4,60.0
51,69,8,4,4,3,60.0
51,71,20,4,4,3,60.0
90,38,37,4,3,3,60.0
51,94,29,4,4,4,60.0
52,7,38,4,3,4,60.0
52,32,58,4,3,4,60.0
52,36,34,4,3,3,60.0
52,58,62,4,3,4,60.0
90,23,68,4,3,3,60.0
52,62,76,4,3,3,60.0
90,20,56,4,3,4,60.0
52,64,54,4,3,4,60.0
52,68,47,4,4,2,60.0
52,73,0,4,4,2,60.0
52,90,5,4,4,3,60.0
52,92,52,4,4,4,60.0
53,12,68,4,3,3,60.0
90,7,60,4,3,4,60.0
53,16,4,4,4,4,60.0
53,17,12,4,4,3,60.0
53,20,64,4,4,4,60.0
53,22,27,4,4,2,60.0
53,26,68,4,4,3,60.0
53,50,76,4,4,4,60.0
53,70,43,4,4,3,60.0
53,71,31,4,4,3,60.0
53,72,0,4,4,4,60.0
90,1,33,4,3,4,60.0
53,79,16,4,4,4,60.0
53,81,21,4,4,3,60.0
53,83,47,4,4,3,60.0
53,87,51,4,4,3,60.0
53,92,56,4,4,4,60.0
89,87,29,4,4,3,60.0
54,6,61,4,3,4,60.0
54,13,65,4,3,4,60.0
54,14,70,4,3,4,60.0
89,65,57,4,4,2,60.0
54,16,15,4,4,4,60.0
54,20,68,4,4,4,60.0
54,26,19,4,4,4,60.0
89,60,75,4,4,3,60.0
54,33,52,4,4,4,60.0
54,39,0,4,4,4,60.0
54,59,4,4,4,4,60.0
54,62,48,4,4,3,60.0
54,65,29,4,4,2,60.0
54,69,23,4,4,3,60.0
89,57,67,4,4,3,60.0
54,74,56,4,4,3,60.0
54,77,33,4,4,4,60.0
54,92,60,4,4,4,60.0
55,6,15,4,4,4,60.0
55,14,36,4,4,4,60.0
89,22,42,4,4,2,60.0
55,57,0,4,4,4,60.0
55,59,8,4,4,4,60.0
55,69,27,4,4,3,60.0
55,86,41,4,4,2,60.0
89,12,0,4,4,3,60.0
55,90,45,4,4,3,60.0
55,95,19,4,4,3,60.0
89,1,71,4,4,4,60.0
56,13,69,4,3,4,60.0
56,34,76,4,4,4,60.0
56,47,23,4,4,4,60.0
56,59,27,4,4,4,60.0
56,64,60,4,4,3,60.0
56,70,47,4,4,3,60.0
56,80,4,4,4,3,60.0
56,85,68,4,4,3,60.0
56,88,72,4,4,3,60.0
88,96,16,4,4,4,60.0
57,7,71,4,3,4,60.0
57,14,75,4,3,4,60.0
57,26,27,4,4,4,60.0
57,39,4,4,4,4,60.0
88,93,43,4,3,4,60.0
57,96,45,4,4,4,60.0
88,84,76,4,3,4,60.0
88,77,54,4,4,3,60.0
88,61,0,4,4,4,60.0
58,12,35,4,4,3,60.0
58,24,43,4,4,4,60.0
58,38,58,4,4,3,60.0
88,60,4,4,4,4,60.0
88,37,58,4,4,3,60.0
59,6,19,4,4,4,60.0
59,14,31,4,4,4,60.0
59,29,23,4,4,3,60.0
59,58,39,4,4,4,60.0
59,69,43,4,4,3,60.0
59,74,75,4,4,3,60.0
59,79,35,4,4,4,60.0
59,87,47,4,4,3,60.0
87,95,9,4,3,3,60.0
59,88,68,4,4,4,60.0
87,54,37,4,3,4,60.0
86,84,16,4,2,4,60.0
59,95,55,4,4,3,60.0
60,1,49,4,4,4,60.0
60,36,8,4,4,3,60.0
86,71,76,4,2,3,60.0
60,63,16,4,4,4,60.0
60,69,31,4,4,3,60.0
60,89,35,4,4,4,60.0
86,45,60,4,2,4,60.0
61,17,16,4,4,3,60.0
61,26,23,4,4,4,60.0
61,29,8,4,4,3,60.0
61,32,62,4,4,4,60.0
61,39,12,4,4,4,60.0
61,49,35,4,4,4,60.0
61,60,27,4,4,4,60.0
61,65,52,4,4,2,60.0
61,76,56,4,4,3,60.0
86,7,64,4,2,4,60.0
61,78,68,4,4,3,60.0
61,80,76,4,4,3,60.0
61,87,41,4,4,3,60.0
61,88,31,4,4,4,60.0
62,0,56,4,3,4,60.0
62,13,60,4,3,4,60.0
85,76,51,4,3,3,60.0
85,73,27,4,3,2,60.0
85,66,59,4,3,4,60.0
62,59,59,4,4,4,60.0
62,61,45,4,4,4,60.0
62,71,72,4,3,4,60.0
85,58,72,4,3,4,60.0
63,49,20,4,4,4,60.0
63,77,0,4,4,4,60.0
63,81,25,4,4,3,60.0
63,86,68,4,4,2,60.0
64,6,51,4,3,4,60.0
85,56,8,4,4,4,60.0
66,3,24,4,4,3,60.0
66,36,45,4,4,3,60.0
66,56,64,4,4,4,60.0
66,76,68,4,4,3,60.0
85,54,76,4,3,4,60.0
66,78,49,4,4,4,60.0
67,6,23,4,4,4,60.0
67,7,53,4,4,4,60.0
67,14,60,4,4,4,60.0
67,17,41,4,4,3,60.0
85,45,31,4,3,4,60.0
67,24,47,4,4,4,60.0
85,39,35,4,3,4,60.0
85,37,4,4,3,4,60.0
85,36,22,4,3,3,60.0
85,33,76,4,4,4,60.0
67,45,64,4,4,4,60.0
67,51,4,4,4,4,60.0
67,54,72,4,4,4,60.0
67,55,68,4,4,4,60.0
67,58,76,4,4,4,60.0
67,68,0,4,4,3,60.0
67,70,12,4,4,4,60.0
67,76,16,4,4,4,60.0
67,81,33,4,4,4,60.0
68,39,51,4,2,4,60.0
85,6,39,4,3,4,60.0
69,29,47,4,3,3,60.0
69,80,51,4,3,3,60.0
69,82,68,4,3,4,60.0
70,17,59,4,3,4,60.0
84,90,41,4,4,3,60.0
84,86,72,4,4,2,60.0
84,85,55,4,4,3,60.0
84,83,36,4,4,3,60.0
84,80,0,4,4,4,60.0
70,49,39,4,4,4,60.0
84,78,4,4,4,4,60.0
70,55,23,4,4,4,60.0
84,73,12,4,4,2,60.0
70,72,4,4,4,4,60.0
84,72,20,4,4,4,60.0
70,93,51,4,4,4,60.0
84,68,8,4,4,3,60.0
71,17,49,4,4,3,60.0
71,29,12,4,4,3,60.0
84,63,29,4,4,4,60.0
71,36,0,4,4,3,60.0
71,42,16,4,4,3,60.0
84,52,24,4,4,4,60.0
71,52,20,4,4,4,60.0
71,55,53,4,4,4,60.0
71,60,39,4,4,4,60.0
71,62,30,4,4,4,60.0
71,65,76,4,4,2,60.0
71,76,60,4,4,3,60.0
71,79,43,4,4,4,60.0
84,51,47,4,4,4,60.0
84,49,51,4,4,4,60.0
72,38,15,4,4,3,60.0
72,51,24,4,4,4,60.0
72,54,44,4,4,4,60.0
72,57,31,4,4,4,60.0
72,68,48,4,4,3,60.0
72,78,59,4,4,4,60.0
72,79,63,4,4,4,60.0
83,96,58,4,3,4,60.0
83,95,68,4,3,3,60.0
72,86,71,4,4,3,60.0
72,87,75,4,4,3,60.0
83,94,50,4,4,4,60.0
83,92,68,4,4,4,60.0
73,82,31,4,2,4,60.0
74,1,67,4,3,4,60.0
74,22,13,4,4,2,60.0
74,26,38,4,4,4,60.0
83,90,64,4,3,3,60.0
83,87,4,4,4,3,60.0
83,82,0,4,4,4,60.0
74,36,4,4,4,3,60.0
74,38,19,4,4,3,60.0
83,74,8,4,4,4,60.0
83,65,72,4,4,2,60.0
74,45,42,4,4,4,60.0
74,54,64,4,4,4,60.0
83,60,12,4,4,4,60.0
74,62,0,4,4,4,60.0
74,64,71,4,4,3,60.0
74,66,75,4,4,4,60.0
74,73,46,4,4,2,60.0
83,53,60,4,4,4,60.0
74,76,23,4,4,4,60.0
74,88,27,4,4,4,60.0
74,90,50,4,4,3,60.0
74,91,33,4,4,4,60.0
75,3,29,4,4,3,60.0
75,13,4,4,4,4,60.0
75,26,54,4,4,4,60.0
75,29,38,4,4,3,60.0
83,52,16,4,4,4,60.0
83,51,33,4,4,4,60.0
75,36,12,4,4,3,60.0
75,41,58,4,4,4,60.0
75,51,68,4,4,4,60.0
75,78,8,4,4,4,60.0
75,80,72,4,4,3,60.0
75,82,76,4,4,4,60.0
83,45,46,4,4,4,60.0
83,38,28,4,4,3,60.0
83,37,54,4,4,3,60.0
83,36,38,4,4,3,60.0
76,0,64,4,3,4,60.0
76,13,73,4,3,4,60.0
83,23,20,4,4,4,60.0
76,22,46,4,4,2,60.0
76,23,72,4,4,3,60.0
76,26,42,4,4,4,60.0
76,29,27,4,4,3,60.0
83,1,76,4,4,4,60.0
76,36,50,4,4,3,60.0
76,38,62,4,4,3,60.0
76,41,31,4,4,4,60.0
76,54,8,4,4,4,60.0
76,60,54,4,4,4,60.0
76,71,35,4,4,4,60.0
76,74,58,4,4,4,60.0
76,80,67,4,4,3,60.0
82,93,59,4,4,4,60.0
76,90,76,4,4,3,60.0
77,1,53,4,4,4,60.0
77,17,24,4,4,3,60.0
77,22,59,4,4,2,60.0
77,45,68,4,4,4,60.0
77,53,72,4,4,4,60.0
77,55,49,4,4,4,60.0
82,79,24,4,4,4,60.0
77,57,16,4,4,4,60.0
77,62,20,4,4,4,60.0
77,73,63,4,4,2,60.0
77,79,28,4,4,4,60.0
77,88,43,4,4,4,60.0
82,69,72,4,4,3,60.0
77,93,76,4,4,4,60.0
78,51,12,4,4,4,60.0
78,65,65,4,4,2,60.0
82,38,41,4,4,3,60.0
78,69,55,4,4,3,60.0
78,79,0,4,4,4,60.0
78,86,16,4,4,3,60.0
79,22,50,4,4,2,60.0
79,42,4,4,4,3,60.0
79,63,8,4,4,4,60.0
79,68,55,4,4,2,60.0
79,76,12,4,4,4,60.0
82,12,45,4,4,3,60.0
79,78,20,4,4,4,60.0
79,81,39,4,4,4,60.0
79,94,69,4,4,4,60.0
79,95,73,4,4,4,60.0
81,91,61,4,3,4,60.0
80,6,27,4,4,4,60.0
81,78,24,4,4,4,60.0
80,12,4,4,4,3,60.0
80,45,50,4,4,4,60.0
80,51,16,4,4,4,60.0
81,41,18,4,4,4,60.0
80,57,8,4,4,4,60.0
81,36,28,4,4,3,60.0
80,64,75,4,4,3,60.0
80,68,64,4,4,2,60.0
80,70,35,4,4,4,60.0
80,73,54,4,4,2,60.0
80,83,42,4,4,4,60.0
80,85,12,4,4,4,60.0
80,90,46,4,4,4,60.0
