src,dst,spec,slots_used,core_src,core_dst,cores_used,tfk_slot
99,96,0,17,0,0,1,400.0
99,78,17,17,0,0,1,400.0
99,68,34,17,0,0,1,400.0
99,49,51,17,0,0,1,400.0
99,29,0,17,1,0,1,400.0
99,21,17,17,1,0,1,400.0
99,15,34,17,1,0,1,400.0
99,14,51,17,1,0,1,400.0
0,1,77,3,0,0,1,50.0
99,2,0,17,2,0,1,400.0
98,71,0,17,0,0,1,400.0
98,47,17,17,0,0,1,400.0
97,83,0,17,0,0,1,400.0
97,64,17,17,0,0,1,400.0
0,2,74,3,0,0,1,50.0
97,63,34,17,0,0,1,400.0
97,58,51,17,0,0,1,400.0
97,43,0,17,1,0,1,400.0
97,33,17,17,1,0,1,400.0
97,31,34,17,1,0,1,400.0
97,30,51,17,1,0,1,400.0
97,21,0,17,2,0,1,400.0
97,14,17,17,2,0,1,400.0
97,2,34,17,2,0,1,400.0
96,85,17,17,0,0,1,400.0
96,83,34,17,0,0,1,400.0
96,62,51,17,0,0,1,400.0
96,21,34,17,1,0,1,400.0
96,14,0,17,1,0,1,400.0
95,86,0,17,0,0,1,400.0
95,74,17,17,0,0,1,400.0
0,3,71,3,0,0,1,50.0
95,73,34,17,0,0,1,400.0
0,4,68,3,0,0,1,50.0
95,50,51,17,0,0,1,400.0
95,48,0,17,1,0,1,400.0
95,41,17,17,1,0,1,400.0
95,37,34,17,1,0,1,400.0
0,8,65,3,0,0,1,50.0
95,14,51,17,1,1,1,400.0
95,2,17,17,2,0,1,400.0
94,82,0,17,0,0,1,400.0
0,11,62,3,0,0,1,50.0
94,81,17,17,0,0,1,400.0
0,12,59,3,0,0,1,50.0
0,13,56,3,0,0,1,50.0
94,60,34,17,0,0,1,400.0
0,17,53,3,0,0,1,50.0
94,58,51,17,0,1,1,400.0
94,51,0,17,1,0,1,400.0
0,18,50,3,0,0,1,50.0
94,29,17,17,1,0,1,400.0
94,9,34,17,1,0,1,400.0
0,22,47,3,0,0,1,50.0
94,7,51,17,1,0,1,400.0
94,0,0,17,2,0,1,400.0
93,85,0,17,0,0,1,400.0
93,73,17,17,0,0,1,400.0
0,29,44,3,0,0,1,50.0
93,36,34,17,0,0,1,400.0
93,30,51,17,0,1,1,400.0
93,28,0,17,1,0,1,400.0
92,87,0,17,0,0,1,400.0
92,81,34,17,0,0,1,400.0
92,65,17,17,0,0,1,400.0
92,64,51,17,0,0,1,400.0
92,59,0,17,1,0,1,400.0
92,58,17,17,1,0,1,400.0
92,52,34,17,1,0,1,400.0
92,41,51,17,1,0,1,400.0
91,96,17,17,0,1,1,400.0
91,90,0,17,0,0,1,400.0
91,79,34,17,0,0,1,400.0
91,63,51,17,0,0,1,400.0
91,49,0,17,1,0,1,400.0
91,29,47,17,1,0,1,400.0
91,24,17,17,1,0,1,400.0
91,23,0,17,2,0,1,400.0
91,17,17,17,2,0,1,400.0
90,95,34,17,0,2,1,400.0
90,89,17,17,0,0,1,400.0
90,87,51,17,0,0,1,400.0
90,79,0,17,1,0,1,400.0
90,75,17,17,1,0,1,400.0
0,31,31,3,0,0,1,50.0
90,61,34,17,1,0,1,400.0
90,55,51,17,1,0,1,400.0
90,54,0,17,2,0,1,400.0
90,46,17,17,2,0,1,400.0
90,32,34,17,2,0,1,400.0
0,32,28,3,0,0,1,50.0
90,19,51,17,2,0,1,400.0
90,14,34,17,3,0,1,400.0
89,96,51,17,0,1,1,400.0
89,92,0,17,0,2,1,400.0
89,79,34,17,0,1,1,400.0
89,77,0,17,1,0,1,400.0
89,69,17,17,1,0,1,400.0
89,56,34,17,1,0,1,400.0
89,52,51,17,1,0,1,400.0
89,29,0,17,2,1,1,400.0
89,24,34,17,2,0,1,400.0
89,10,17,17,2,0,1,400.0
88,94,17,17,0,2,1,400.0
88,83,51,17,0,0,1,400.0
88,75,0,17,0,0,1,400.0
88,70,34,17,0,0,1,400.0
88,68,0,17,1,0,1,400.0
88,46,34,17,1,0,1,400.0
88,44,17,17,1,0,1,400.0
88,36,51,17,1,0,1,400.0
88,9,0,17,2,0,1,400.0
88,7,17,17,2,0,1,400.0
87,72,17,17,0,0,1,400.0
87,57,34,17,0,0,1,400.0
87,36,0,17,1,0,1,400.0
87,19,17,17,1,0,1,400.0
86,87,34,17,0,1,1,400.0
86,80,17,17,0,0,1,400.0
86,61,51,17,0,0,1,400.0
86,58,0,17,1,0,1,400.0
0,34,41,3,0,0,1,50.0
86,49,17,17,1,0,1,400.0
86,45,34,17,1,0,1,400.0
86,36,51,17,1,1,1,400.0
86,33,0,17,2,0,1,400.0
85,89,51,17,0,2,1,400.0
85,67,34,17,0,0,1,400.0
85,63,0,17,1,0,1,400.0
85,54,17,17,1,0,1,400.0
85,49,34,17,1,0,1,400.0
85,47,51,17,1,0,1,400.0
85,46,0,17,2,0,1,400.0
85,35,17,17,2,0,1,400.0
85,20,34,17,2,0,1,400.0
84,59,17,17,0,0,1,400.0
84,45,0,17,0,0,1,400.0
84,34,44,17,0,0,1,400.0
84,22,61,17,0,0,1,400.0
84,17,0,17,1,0,1,400.0
84,13,17,17,1,0,1,400.0
83,77,17,17,0,0,1,400.0
83,56,0,17,1,0,1,400.0
83,41,34,17,1,0,1,400.0
83,28,17,17,1,0,1,400.0
83,23,51,17,1,0,1,400.0
83,11,0,17,2,0,1,400.0
0,35,38,3,0,0,1,50.0
83,10,34,17,2,0,1,400.0
82,56,17,17,0,0,1,400.0
82,46,51,17,0,0,1,400.0
82,40,34,17,0,0,1,400.0
81,93,51,17,0,1,1,400.0
81,52,0,17,0,0,1,400.0
81,37,0,17,1,0,1,400.0
81,24,51,17,1,0,1,400.0
81,23,17,17,1,0,1,400.0
0,36,25,3,0,0,1,50.0
81,11,34,17,1,0,1,400.0
81,3,0,17,2,0,1,400.0
81,2,51,17,2,0,1,400.0
80,92,34,17,0,2,1,400.0
80,90,0,17,0,3,1,400.0
80,66,51,17,0,0,1,400.0
80,55,0,17,1,0,1,400.0
80,42,17,17,1,0,1,400.0
80,37,51,17,1,0,1,400.0
80,32,34,17,1,1,1,400.0
80,2,0,17,2,1,1,400.0
80,0,17,17,2,1,1,400.0
79,90,17,17,0,3,1,400.0
79,74,51,17,0,0,1,400.0
79,40,0,17,1,0,1,400.0
79,25,17,17,1,0,1,400.0
79,15,51,17,1,0,1,400.0
78,96,0,17,0,2,1,400.0
0,37,22,3,0,0,1,50.0
78,94,34,17,0,2,1,400.0
78,82,51,17,0,1,1,400.0
78,80,34,17,1,2,1,400.0
0,38,35,3,0,0,1,50.0
78,75,51,17,1,0,1,400.0
78,70,0,17,1,0,1,400.0
78,33,17,17,1,1,1,400.0
78,5,0,17,2,0,1,400.0
77,97,51,17,0,2,1,400.0
77,78,34,17,0,2,1,400.0
77,63,17,17,1,0,1,400.0
77,41,0,17,1,0,1,400.0
77,36,34,17,1,1,1,400.0
77,35,51,17,1,0,1,400.0
77,20,0,17,2,0,1,400.0
0,41,19,3,0,1,1,50.0
77,14,17,17,2,1,1,400.0
0,43,77,3,1,0,1,50.0
76,93,17,17,0,1,1,400.0
76,89,0,17,0,3,1,400.0
76,85,51,17,0,2,1,400.0
76,84,34,17,0,1,1,400.0
76,74,0,17,1,0,1,400.0
76,72,34,17,1,0,1,400.0
76,71,17,17,1,0,1,400.0
76,60,51,17,1,0,1,400.0
76,39,0,17,2,0,1,400.0
76,33,34,17,2,0,1,400.0
76,29,17,17,2,1,1,400.0
0,44,74,3,1,0,1,50.0
76,18,53,17,2,0,1,400.0
76,14,0,17,3,1,1,400.0
0,45,71,3,1,0,1,50.0
76,8,17,17,3,0,1,400.0
76,6,34,17,3,0,1,400.0
75,97,34,17,0,3,1,400.0
75,89,17,17,1,3,1,400.0
75,79,0,17,1,2,1,400.0
75,73,51,17,1,0,1,400.0
75,72,34,17,1,1,1,400.0
75,54,34,17,2,0,1,400.0
75,49,0,17,2,1,1,400.0
75,43,17,17,2,0,1,400.0
75,37,51,17,2,1,1,400.0
75,19,0,17,3,0,1,400.0
75,0,34,17,3,1,1,400.0
74,97,34,17,0,4,1,400.0
74,93,34,17,1,1,1,400.0
74,81,17,17,1,2,1,400.0
74,73,0,17,1,0,1,400.0
74,67,51,17,1,0,1,400.0
74,59,34,17,2,0,1,400.0
74,53,0,17,2,0,1,400.0
74,23,17,17,2,1,1,400.0
73,88,34,17,1,2,1,400.0
73,80,51,17,1,2,1,400.0
73,74,0,17,1,3,1,400.0
73,34,17,17,1,0,1,400.0
73,33,51,17,2,0,1,400.0
73,32,0,17,2,0,1,400.0
73,31,17,17,2,1,1,400.0
73,28,34,17,2,0,1,400.0
72,91,51,17,0,2,1,400.0
72,89,0,17,0,4,1,400.0
72,71,51,17,1,0,1,400.0
0,47,68,3,1,0,1,50.0
72,68,17,17,1,0,1,400.0
72,67,0,17,1,0,1,400.0
0,48,65,3,1,0,1,50.0
72,66,0,17,2,0,1,400.0
72,42,34,17,2,0,1,400.0
72,40,17,17,2,0,1,400.0
0,49,62,3,1,1,1,50.0
72,30,51,17,2,2,1,400.0
0,50,14,3,1,0,1,50.0
72,29,34,17,3,1,1,400.0
72,27,0,17,3,0,1,400.0
0,55,59,3,1,1,1,50.0
72,22,17,17,3,0,1,400.0
0,60,11,3,1,0,1,50.0
72,21,51,17,3,0,1,400.0
0,62,8,3,1,0,1,50.0
72,4,0,17,4,0,1,400.0
0,63,56,3,1,1,1,50.0
71,98,34,17,0,0,1,400.0
71,92,17,17,1,2,1,400.0
71,84,51,17,1,1,1,400.0
71,81,34,17,1,2,1,400.0
71,59,0,17,1,1,1,400.0
71,38,0,17,2,0,1,400.0
71,34,61,17,2,0,1,400.0
71,30,17,17,2,0,1,400.0
71,28,34,17,2,1,1,400.0
71,25,0,17,3,0,1,400.0
71,24,17,17,3,1,1,400.0
71,21,34,17,3,1,1,400.0
0,65,53,3,1,0,1,50.0
71,14,51,17,3,2,1,400.0
71,12,0,17,4,0,1,400.0
71,10,51,17,4,0,1,400.0
0,67,5,3,1,1,1,50.0
71,4,17,17,4,0,1,400.0
70,85,17,17,0,3,1,400.0
70,66,51,17,0,1,1,400.0
0,69,2,3,1,0,1,50.0
70,60,14,17,1,0,1,400.0
70,52,31,17,1,1,1,400.0
70,50,48,17,1,1,1,400.0
70,40,51,17,2,0,1,400.0
70,28,0,17,2,1,1,400.0
70,23,34,17,2,0,1,400.0
70,16,17,17,2,0,1,400.0
69,99,34,17,0,2,1,400.0
69,90,51,17,0,3,1,400.0
69,82,0,17,1,1,1,400.0
69,57,17,17,1,0,1,400.0
69,47,34,17,1,0,1,400.0
69,46,51,17,1,1,1,400.0
69,22,0,17,2,0,1,400.0
69,12,17,17,2,0,1,400.0
68,91,51,17,0,3,1,400.0
68,87,51,17,1,1,1,400.0
68,72,17,17,1,4,1,400.0
68,70,0,17,1,3,1,400.0
0,76,77,3,2,0,1,50.0
68,66,34,17,1,0,1,400.0
68,61,0,17,2,0,1,400.0
68,57,51,17,2,0,1,400.0
68,51,17,17,2,0,1,400.0
68,49,34,17,2,1,1,400.0
67,25,17,17,0,1,1,400.0
0,79,74,3,2,0,1,50.0
67,24,34,17,1,1,1,400.0
0,82,71,3,2,0,1,50.0
0,84,41,3,2,0,1,50.0
0,86,68,3,2,0,1,50.0
67,5,17,17,1,0,1,400.0
0,87,65,3,2,2,1,50.0
66,80,17,17,0,3,1,400.0
0,88,62,3,2,2,1,50.0
66,44,0,17,1,0,1,400.0
66,35,17,17,1,1,1,400.0
66,33,34,17,1,1,1,400.0
66,28,51,17,2,0,1,400.0
66,7,0,17,2,0,1,400.0
66,4,34,17,2,0,1,400.0
65,96,34,17,0,2,1,400.0
65,74,56,17,0,2,1,400.0
65,64,0,17,0,0,1,400.0
65,56,51,17,1,0,1,400.0
65,49,17,17,1,1,1,400.0
0,91,44,3,2,1,1,50.0
65,44,34,17,1,0,1,400.0
65,29,0,17,1,2,1,400.0
65,0,0,17,2,2,1,400.0
64,79,34,17,0,2,1,400.0
0,93,59,3,2,2,1,50.0
64,76,51,17,1,3,1,400.0
64,75,17,17,1,3,1,400.0
64,68,0,17,1,3,1,400.0
64,56,34,17,1,1,1,400.0
64,55,17,17,2,0,1,400.0
64,39,34,17,2,0,1,400.0
64,38,51,17,2,0,1,400.0
0,94,56,3,2,2,1,50.0
64,35,0,17,2,0,1,400.0
64,30,0,17,3,0,1,400.0
0,96,53,3,2,2,1,50.0
64,17,34,17,3,0,1,400.0
64,4,51,17,3,0,1,400.0
63,82,17,17,1,1,1,400.0
0,97,31,3,2,3,1,50.0
63,71,34,17,1,4,1,400.0
63,55,0,17,1,1,1,400.0
63,14,59,17,1,3,1,400.0
63,11,17,17,2,0,1,400.0
62,85,34,17,0,3,1,400.0
62,76,11,17,0,4,1,400.0
62,75,51,17,1,3,1,400.0
62,60,0,17,1,1,1,400.0
62,54,17,17,1,1,1,400.0
62,51,34,17,1,0,1,400.0
62,37,0,17,2,1,1,400.0
62,31,51,17,2,0,1,400.0
61,97,17,17,0,4,1,400.0
61,94,59,17,1,2,1,400.0
61,90,0,17,1,4,1,400.0
61,47,17,17,1,1,1,400.0
0,98,50,3,2,1,1,50.0
1,0,47,3,0,2,1,50.0
61,37,34,17,1,1,1,400.0
61,29,51,17,2,1,1,400.0
61,10,0,17,2,0,1,400.0
61,8,34,17,2,0,1,400.0
61,4,17,17,2,1,1,400.0
1,2,71,3,0,0,1,50.0
61,1,0,17,3,0,1,400.0
60,98,51,17,1,0,1,400.0
60,66,17,17,1,2,1,400.0
60,52,34,17,1,2,1,400.0
60,49,0,17,2,2,1,400.0
60,15,17,17,2,0,1,400.0
60,2,34,17,2,1,1,400.0
59,93,62,17,0,2,1,400.0
59,67,51,17,1,1,1,400.0
59,52,17,17,1,0,1,400.0
59,45,34,17,1,1,1,400.0
59,12,34,17,2,0,1,400.0
1,3,74,3,0,0,1,50.0
58,92,34,17,0,3,1,400.0
58,70,17,17,1,3,1,400.0
58,66,0,17,1,3,1,400.0
58,51,34,17,1,1,1,400.0
58,44,51,17,2,0,1,400.0
58,35,0,17,2,1,1,400.0
58,17,17,17,2,1,1,400.0
57,99,0,17,0,3,1,400.0
57,88,0,17,1,3,1,400.0
57,87,17,17,1,2,1,400.0
57,73,34,17,1,3,1,400.0
57,55,62,17,1,1,1,400.0
57,29,17,17,2,2,1,400.0
57,6,0,17,2,0,1,400.0
57,3,34,17,2,0,1,400.0
57,2,51,17,2,1,1,400.0
56,75,0,17,1,4,1,400.0
56,73,17,17,1,3,1,400.0
56,11,51,17,1,1,1,400.0
55,94,34,17,0,3,1,400.0
1,4,68,3,0,1,1,50.0
55,78,17,17,1,2,1,400.0
55,77,34,17,1,2,1,400.0
55,57,0,17,2,3,1,400.0
55,44,17,17,2,1,1,400.0
55,42,51,17,2,0,1,400.0
55,26,34,17,2,0,1,400.0
55,19,34,17,3,0,1,400.0
55,0,0,17,3,3,1,400.0
54,95,51,17,0,2,1,400.0
54,86,34,17,1,2,1,400.0
54,72,51,17,1,4,1,400.0
54,71,0,17,1,5,1,400.0
54,67,0,17,2,2,1,400.0
1,5,65,3,0,0,1,50.0
54,64,17,17,2,3,1,400.0
54,30,34,17,2,0,1,400.0
54,27,51,17,2,0,1,400.0
54,7,34,17,3,0,1,400.0
54,5,0,17,3,1,1,400.0
54,4,51,17,3,1,1,400.0
53,81,17,17,0,3,1,400.0
53,79,51,17,0,2,1,400.0
53,67,34,17,0,2,1,400.0
53,65,17,17,1,2,1,400.0
53,64,0,17,1,4,1,400.0
53,40,34,17,1,1,1,400.0
53,33,51,17,1,1,1,400.0
1,8,62,3,0,0,1,50.0
53,25,34,17,2,0,1,400.0
53,23,0,17,2,1,1,400.0
53,7,17,17,2,1,1,400.0
1,11,59,3,0,0,1,50.0
1,13,53,3,0,0,1,50.0
52,53,51,17,1,2,1,400.0
52,43,0,17,1,1,1,400.0
52,28,17,17,2,1,1,400.0
52,17,56,17,2,0,1,400.0
52,15,0,17,2,0,1,400.0
51,94,51,17,0,3,1,400.0
51,76,51,17,1,4,1,400.0
51,50,17,17,1,0,1,400.0
51,19,0,17,1,1,1,400.0
51,3,17,17,2,0,1,400.0
50,79,34,17,0,3,1,400.0
50,71,17,17,1,5,1,400.0
50,56,0,17,1,2,1,400.0
50,23,34,17,2,1,1,400.0
50,22,0,17,2,1,1,400.0
50,19,17,17,2,1,1,400.0
50,7,51,17,2,1,1,400.0
49,89,34,17,2,3,1,400.0
49,54,17,17,2,3,1,400.0
49,43,51,17,2,0,1,400.0
49,3,51,17,3,0,1,400.0
1,15,56,3,0,1,1,50.0
48,96,17,17,0,2,1,400.0
48,85,34,17,0,4,1,400.0
48,84,0,17,1,2,1,400.0
48,68,17,17,1,3,1,400.0
48,44,34,17,1,1,1,400.0
48,38,51,17,1,1,1,400.0
48,18,0,17,2,0,1,400.0
47,78,0,17,0,3,1,400.0
47,75,34,17,1,4,1,400.0
47,71,51,17,1,5,1,400.0
47,45,0,17,1,1,1,400.0
47,44,0,17,2,1,1,400.0
47,40,17,17,2,1,1,400.0
47,32,51,17,2,0,1,400.0
47,9,34,17,2,1,1,400.0
46,78,17,17,1,3,1,400.0
46,72,34,17,1,4,1,400.0
46,71,0,17,1,6,1,400.0
46,66,17,17,2,3,1,400.0
46,65,34,17,2,2,1,400.0
46,60,51,17,2,2,1,400.0
46,29,0,17,2,3,1,400.0
46,28,51,17,3,1,1,400.0
46,22,17,17,3,1,1,400.0
46,17,0,17,3,1,1,400.0
45,91,17,17,0,3,1,400.0
45,81,51,17,0,3,1,400.0
1,16,50,3,0,0,1,50.0
1,17,44,3,0,1,1,50.0
45,74,17,17,1,3,1,400.0
45,64,51,17,1,4,1,400.0
45,23,51,17,2,1,1,400.0
45,9,17,17,2,0,1,400.0
45,2,0,17,2,2,1,400.0
44,91,51,17,1,4,1,400.0
44,86,17,17,2,2,1,400.0
44,66,34,17,2,3,1,400.0
44,61,51,17,2,3,1,400.0
1,20,31,3,0,0,1,50.0
44,32,0,17,2,1,1,400.0
44,28,0,17,3,2,1,400.0
44,27,17,17,3,0,1,400.0
44,22,34,17,3,1,1,400.0
44,14,51,17,3,4,1,400.0
44,11,0,17,4,1,1,400.0
44,7,34,17,4,1,1,400.0
43,64,34,17,0,4,1,400.0
43,60,17,17,1,3,1,400.0
43,44,51,17,1,4,1,400.0
43,36,34,17,1,2,1,400.0
43,35,34,17,2,1,1,400.0
43,27,0,17,2,1,1,400.0
43,26,17,17,2,0,1,400.0
43,19,51,17,2,1,1,400.0
43,9,51,17,3,0,1,400.0
42,90,0,17,0,5,1,400.0
42,74,34,17,1,3,1,400.0
42,51,0,17,1,2,1,400.0
42,41,51,17,1,1,1,400.0
42,32,17,17,1,1,1,400.0
42,29,34,17,2,2,1,400.0
1,21,28,3,0,1,1,50.0
41,93,0,17,1,2,1,400.0
1,23,41,3,0,2,1,50.0
41,71,34,17,1,5,1,400.0
1,24,38,3,0,2,1,50.0
1,25,35,3,0,1,1,50.0
41,55,17,17,2,3,1,400.0
41,42,0,17,2,2,1,400.0
41,27,34,17,2,0,1,400.0
1,26,25,3,0,1,1,50.0
41,23,51,17,2,2,1,400.0
41,18,17,17,3,0,1,400.0
1,27,22,3,0,1,1,50.0
41,0,34,17,3,3,1,400.0
40,94,0,17,1,3,1,400.0
40,91,51,17,1,5,1,400.0
40,88,17,17,2,3,1,400.0
40,87,0,17,2,2,1,400.0
40,71,34,17,2,6,1,400.0
40,67,51,17,2,2,1,400.0
40,61,17,17,3,3,1,400.0
40,21,0,17,3,1,1,400.0
40,12,62,17,3,0,1,400.0
40,1,34,17,3,1,1,400.0
39,81,17,17,0,4,1,400.0
39,66,51,17,0,3,1,400.0
39,25,51,17,1,0,1,400.0
39,21,0,17,1,2,1,400.0
38,77,17,17,0,3,1,400.0
1,31,19,3,0,0,1,50.0
38,43,0,17,1,3,1,400.0
38,37,17,17,1,1,1,400.0
38,33,34,17,1,2,1,400.0
38,18,0,17,2,1,1,400.0
38,17,47,17,2,1,1,400.0
37,97,0,17,2,3,1,400.0
37,95,17,17,2,3,1,400.0
37,67,34,17,2,3,1,400.0
37,52,51,17,2,3,1,400.0
37,5,34,17,3,0,1,400.0
36,90,17,17,1,4,1,400.0
36,85,0,17,1,3,1,400.0
36,79,17,17,2,2,1,400.0
36,73,0,17,2,3,1,400.0
36,66,51,17,2,4,1,400.0
36,61,34,17,3,3,1,400.0
36,51,51,17,3,2,1,400.0
36,21,17,17,3,2,1,400.0
35,58,51,17,1,3,1,400.0
35,57,17,17,2,3,1,400.0
35,56,34,17,2,2,1,400.0
35,39,0,17,2,2,1,400.0
35,18,51,17,2,1,1,400.0
1,32,77,3,1,0,1,50.0
35,11,17,17,3,1,1,400.0
34,68,0,17,0,4,1,400.0
34,63,0,17,1,2,1,400.0
1,35,74,3,1,0,1,50.0
34,62,17,17,1,2,1,400.0
1,36,71,3,1,0,1,50.0
1,39,68,3,1,0,1,50.0
34,31,34,17,1,1,1,400.0
34,12,51,17,1,1,1,400.0
34,11,34,17,2,1,1,400.0
34,9,0,17,2,1,1,400.0
34,6,17,17,2,0,1,400.0
34,5,51,17,2,1,1,400.0
34,1,0,17,3,1,1,400.0
33,98,0,17,1,1,1,400.0
33,91,0,17,2,3,1,400.0
33,56,17,17,2,2,1,400.0
33,44,51,17,2,5,1,400.0
33,36,0,17,3,3,1,400.0
33,30,17,17,3,1,1,400.0
1,45,65,3,1,3,1,50.0
33,27,34,17,3,1,1,400.0
33,22,51,17,3,1,1,400.0
33,19,34,17,4,1,1,400.0
33,15,0,17,4,1,1,400.0
33,12,17,17,4,1,1,400.0
33,8,51,17,4,1,1,400.0
33,2,17,17,5,1,1,400.0
33,1,0,17,5,2,1,400.0
32,84,51,17,1,2,1,400.0
32,79,0,17,2,3,1,400.0
32,43,17,17,2,3,1,400.0
32,23,34,17,2,3,1,400.0
31,86,0,17,0,3,1,400.0
1,46,62,3,1,4,1,50.0
31,53,0,17,1,3,1,400.0
1,47,59,3,1,3,1,50.0
31,50,51,17,1,3,1,400.0
31,45,34,17,2,2,1,400.0
31,37,0,17,2,3,1,400.0
31,16,53,17,2,0,1,400.0
31,14,17,17,2,2,1,400.0
30,81,0,17,1,3,1,400.0
30,78,34,17,1,3,1,400.0
30,74,0,17,2,4,1,400.0
30,67,17,17,2,2,1,400.0
30,55,34,17,2,4,1,400.0
30,54,0,17,3,4,1,400.0
30,48,17,17,3,2,1,400.0
30,47,34,17,3,3,1,400.0
30,39,51,17,3,2,1,400.0
30,28,17,17,4,2,1,400.0
30,24,0,17,4,0,1,400.0
30,16,34,17,4,1,1,400.0
30,14,51,17,4,5,1,400.0
30,12,0,17,5,1,1,400.0
30,8,17,17,5,1,1,400.0
29,95,51,17,2,3,1,400.0
1,48,56,3,1,0,1,50.0
29,85,51,17,3,3,1,400.0
29,63,34,17,3,2,1,400.0
29,50,17,17,3,3,1,400.0
29,8,0,17,4,0,1,400.0
29,7,17,17,4,2,1,400.0
29,4,34,17,4,1,1,400.0
1,49,53,3,1,1,1,50.0
29,2,51,17,4,2,1,400.0
28,76,34,17,2,4,1,400.0
1,50,31,3,1,4,1,50.0
28,59,51,17,2,2,1,400.0
28,54,17,17,3,4,1,400.0
28,52,0,17,3,3,1,400.0
28,42,51,17,3,2,1,400.0
28,9,34,17,3,2,1,400.0
28,0,17,17,4,3,1,400.0
27,42,51,17,1,3,1,400.0
27,40,0,17,2,4,1,400.0
1,51,28,3,1,3,1,50.0
27,33,34,17,2,5,1,400.0
27,22,17,17,2,2,1,400.0
27,20,51,17,2,0,1,400.0
27,14,34,17,3,1,1,400.0
27,0,51,17,3,3,1,400.0
26,86,51,17,0,2,1,400.0
26,58,0,17,0,3,1,400.0
26,50,0,17,1,3,1,400.0
26,35,34,17,1,3,1,400.0
26,33,51,17,1,5,1,400.0
26,29,0,17,2,5,1,400.0
1,55,25,3,1,4,1,50.0
26,10,17,17,2,1,1,400.0
25,99,51,17,1,2,1,400.0
1,56,22,3,1,3,1,50.0
25,4,0,17,1,1,1,400.0
1,57,19,3,1,4,1,50.0
24,86,51,17,1,3,1,400.0
24,69,0,17,1,3,1,400.0
24,67,0,17,2,3,1,400.0
1,59,59,3,2,0,1,50.0
24,53,17,17,2,3,1,400.0
24,39,41,17,2,3,1,400.0
24,16,58,17,2,1,1,400.0
24,15,17,17,3,1,1,400.0
23,85,0,17,2,4,1,400.0
23,74,17,17,2,4,1,400.0
23,67,17,17,3,3,1,400.0
23,52,0,17,3,4,1,400.0
23,48,51,17,3,2,1,400.0
23,39,17,17,4,1,1,400.0
23,36,0,17,4,4,1,400.0
23,18,34,17,4,1,1,400.0
23,14,51,17,4,6,1,400.0
23,13,0,17,5,0,1,400.0
23,8,34,17,5,1,1,400.0
22,52,34,17,2,3,1,400.0
22,39,0,17,2,3,1,400.0
22,36,51,17,2,4,1,400.0
1,60,77,3,2,0,1,50.0
22,12,34,17,3,1,1,400.0
21,78,51,17,1,2,1,400.0
21,56,51,17,2,2,1,400.0
21,51,34,17,2,2,1,400.0
1,62,74,3,2,0,1,50.0
21,14,0,17,3,2,1,400.0
21,2,17,17,3,2,1,400.0
20,83,17,17,1,2,1,400.0
20,65,51,17,1,2,1,400.0
20,45,0,17,1,3,1,400.0
20,39,34,17,1,1,1,400.0
20,8,0,17,2,1,1,400.0
19,75,17,17,2,4,1,400.0
19,62,34,17,2,2,1,400.0
19,44,0,17,2,5,1,400.0
19,11,51,17,2,2,1,400.0
18,99,17,17,1,2,1,400.0
18,92,51,17,2,2,1,400.0
18,48,34,17,2,2,1,400.0
18,43,0,17,2,4,1,400.0
18,42,17,17,2,2,1,400.0
18,26,34,17,3,2,1,400.0
18,6,51,17,3,0,1,400.0
1,63,71,3,2,0,1,50.0
1,65,68,3,2,1,1,50.0
17,91,34,17,2,2,1,400.0
17,89,51,17,2,3,1,400.0
17,81,0,17,2,4,1,400.0
17,77,17,17,2,4,1,400.0
17,66,0,17,3,4,1,400.0
17,61,17,17,3,4,1,400.0
17,37,51,17,3,3,1,400.0
17,34,34,17,3,3,1,400.0
17,33,0,17,4,6,1,400.0
16,76,0,17,0,5,1,400.0
16,60,0,17,1,3,1,400.0
16,53,17,17,1,4,1,400.0
16,36,17,17,2,4,1,400.0
16,32,51,17,2,2,1,400.0
16,29,34,17,2,5,1,400.0
16,25,0,17,2,2,1,400.0
16,15,34,17,3,1,1,400.0
16,3,0,17,3,1,1,400.0
15,90,59,17,1,4,1,400.0
15,48,0,17,2,3,1,400.0
15,42,17,17,2,3,1,400.0
15,38,34,17,2,3,1,400.0
15,28,51,17,2,4,1,400.0
15,10,0,17,3,1,1,400.0
15,6,17,17,3,1,1,400.0
14,99,34,17,2,3,1,400.0
14,94,17,17,3,3,1,400.0
14,89,34,17,3,4,1,400.0
14,73,0,17,3,4,1,400.0
14,58,34,17,4,2,1,400.0
1,67,65,3,2,3,1,50.0
14,42,0,17,4,3,1,400.0
14,33,17,17,4,6,1,400.0
14,30,34,17,5,5,1,400.0
14,29,17,17,5,5,1,400.0
14,13,0,17,5,1,1,400.0
13,91,34,17,0,3,1,400.0
13,83,59,17,0,2,1,400.0
13,60,34,17,1,3,1,400.0
13,59,17,17,1,2,1,400.0
1,68,62,3,2,3,1,50.0
13,38,51,17,1,3,1,400.0
13,18,0,17,2,3,1,400.0
13,6,34,17,2,1,1,400.0
12,99,17,17,2,3,1,400.0
12,66,34,17,2,4,1,400.0
12,60,51,17,2,3,1,400.0
12,46,0,17,2,4,1,400.0
11,92,0,17,2,3,1,400.0
11,64,17,17,2,4,1,400.0
11,52,34,17,2,4,1,400.0
11,28,0,17,3,4,1,400.0
11,10,34,17,3,1,1,400.0
10,94,51,17,1,4,1,400.0
10,85,17,17,2,4,1,400.0
10,81,34,17,2,3,1,400.0
10,78,51,17,2,3,1,400.0
10,73,0,17,2,5,1,400.0
10,56,0,17,3,3,1,400.0
10,51,31,17,3,3,1,400.0
10,45,48,17,3,3,1,400.0
10,37,17,17,4,3,1,400.0
10,26,51,17,4,2,1,400.0
10,23,0,17,4,6,1,400.0
1,69,56,3,2,2,1,50.0
10,12,34,17,4,3,1,400.0
10,11,17,17,5,3,1,400.0
10,3,34,17,5,1,1,400.0
9,51,51,17,1,3,1,400.0
9,24,17,17,1,4,1,400.0
9,23,17,17,2,5,1,400.0
9,6,0,17,2,1,1,400.0
9,3,51,17,2,1,1,400.0
8,56,25,17,2,3,1,400.0
8,55,51,17,2,3,1,400.0
8,53,0,17,2,4,1,400.0
8,39,17,17,3,2,1,400.0
8,36,34,17,3,4,1,400.0
8,27,0,17,3,3,1,400.0
8,23,51,17,3,5,1,400.0
8,21,34,17,4,3,1,400.0
8,13,17,17,4,2,1,400.0
7,86,0,17,1,4,1,400.0
7,84,34,17,2,2,1,400.0
7,83,0,17,2,3,1,400.0
7,44,51,17,2,6,1,400.0
7,34,17,17,3,3,1,400.0
7,30,51,17,3,5,1,400.0
7,27,0,17,3,4,1,400.0
1,70,53,3,2,3,1,50.0
7,24,34,17,3,3,1,400.0
7,10,0,17,4,5,1,400.0
7,4,17,17,4,2,1,400.0
6,98,53,17,1,1,1,400.0
6,87,34,17,2,2,1,400.0
6,79,17,17,2,3,1,400.0
6,76,51,17,2,5,1,400.0
1,72,50,3,2,5,1,50.0
6,75,0,17,2,5,1,400.0
6,74,51,17,3,3,1,400.0
6,51,0,17,3,3,1,400.0
6,49,17,17,3,3,1,400.0
6,36,34,17,3,5,1,400.0
6,22,0,17,4,3,1,400.0
6,19,17,17,4,3,1,400.0
6,3,34,17,4,2,1,400.0
5,93,17,17,1,2,1,400.0
5,85,34,17,1,5,1,400.0
5,72,0,17,2,5,1,400.0
5,65,17,17,2,3,1,400.0
5,17,34,17,2,4,1,400.0
4,78,0,17,2,4,1,400.0
1,73,47,3,2,4,1,50.0
4,74,34,17,2,4,1,400.0
4,69,59,17,2,2,1,400.0
4,40,17,17,3,4,1,400.0
4,34,51,17,3,3,1,400.0
4,32,0,17,3,3,1,400.0
4,31,34,17,3,3,1,400.0
4,8,0,17,4,4,1,400.0
1,77,44,3,2,3,1,50.0
3,92,17,17,1,3,1,400.0
3,83,17,17,2,3,1,400.0
3,62,0,17,2,3,1,400.0
1,78,41,3,2,4,1,50.0
1,79,38,3,2,4,1,50.0
3,60,51,17,2,4,1,400.0
3,44,17,17,3,4,1,400.0
3,41,0,17,3,3,1,400.0
3,13,51,17,3,2,1,400.0
3,5,34,17,3,3,1,400.0
2,41,34,17,2,4,1,400.0
2,35,0,17,3,3,1,400.0
1,80,35,3,2,3,1,50.0
2,33,34,17,3,6,1,400.0
2,21,51,17,3,3,1,400.0
2,19,17,17,3,4,1,400.0
2,8,51,17,4,4,1,400.0
1,92,17,17,2,4,1,400.0
1,90,34,17,3,4,1,400.0
1,58,17,17,3,3,1,400.0
1,42,0,17,3,4,1,400.0
1,40,51,17,3,4,1,400.0
1,28,34,17,4,4,1,400.0
1,9,0,17,4,3,1,400.0
0,99,51,17,4,3,1,400.0
0,95,0,17,4,2,1,400.0
0,70,34,17,4,3,1,400.0
0,33,51,17,5,6,1,400.0
0,24,17,17,4,5,1,400.0
99,95,77,3,0,0,1,50.0
99,92,74,3,0,0,1,50.0
99,89,71,3,0,0,1,50.0
99,88,68,3,0,0,1,50.0
99,84,77,3,1,1,1,50.0
99,83,74,3,1,0,1,50.0
99,82,68,3,1,0,1,50.0
99,81,71,3,1,0,1,50.0
99,77,77,3,2,0,1,50.0
99,76,74,3,2,0,1,50.0
1,81,77,3,3,0,1,50.0
99,75,71,3,2,0,1,50.0
99,70,68,3,2,0,1,50.0
99,66,77,3,3,0,1,50.0
99,64,74,3,3,0,1,50.0
99,62,71,3,3,0,1,50.0
99,60,68,3,3,0,1,50.0
99,58,77,3,4,0,1,50.0
99,56,74,3,4,0,1,50.0
99,55,71,3,4,0,1,50.0
99,52,68,3,4,0,1,50.0
99,51,48,3,4,3,1,50.0
99,50,11,3,4,0,1,50.0
99,48,62,3,4,0,1,50.0
99,47,65,3,4,3,1,50.0
99,46,45,3,4,3,1,50.0
99,42,42,3,4,3,1,50.0
99,39,39,3,4,2,1,50.0
99,38,36,3,4,2,1,50.0
99,37,31,3,4,0,1,50.0
99,33,77,3,5,0,1,50.0
1,82,74,3,3,0,1,50.0
99,32,25,3,4,0,1,50.0
99,26,28,3,4,1,1,50.0
99,25,59,3,4,2,1,50.0
99,24,56,3,4,3,1,50.0
1,83,71,3,3,0,1,50.0
99,23,53,3,4,6,1,50.0
99,22,22,3,4,3,1,50.0
99,20,19,3,4,0,1,50.0
99,19,14,3,4,3,1,50.0
99,17,8,3,4,5,1,50.0
99,13,5,3,4,3,1,50.0
99,12,2,3,4,3,1,50.0
99,11,74,3,5,0,1,50.0
99,9,71,3,5,0,1,50.0
99,0,38,3,5,2,1,50.0
98,97,77,3,0,0,1,50.0
98,96,74,3,0,0,1,50.0
98,95,71,3,0,0,1,50.0
98,92,68,3,0,0,1,50.0
98,91,77,3,1,0,1,50.0
98,89,74,3,1,0,1,50.0
98,88,71,3,1,0,1,50.0
98,86,47,3,1,3,1,50.0
98,85,31,3,1,5,1,50.0
98,84,38,3,1,0,1,50.0
98,83,44,3,1,3,1,50.0
98,82,41,3,1,1,1,50.0
98,81,35,3,1,4,1,50.0
98,80,28,3,1,4,1,50.0
1,84,68,3,3,1,1,50.0
98,79,25,3,1,4,1,50.0
1,85,77,3,4,0,1,50.0
98,78,22,3,1,4,1,50.0
98,77,19,3,1,5,1,50.0
98,76,71,3,2,0,1,50.0
98,75,77,3,2,0,1,50.0
98,74,74,3,2,0,1,50.0
98,73,68,3,2,0,1,50.0
98,72,65,3,2,5,1,50.0
1,86,74,3,4,0,1,50.0
98,68,59,3,2,3,1,50.0
1,87,71,3,4,0,1,50.0
98,67,14,3,2,1,1,50.0
98,65,62,3,2,3,1,50.0
98,60,31,3,2,0,1,50.0
98,59,56,3,2,0,1,50.0
98,58,48,3,2,3,1,50.0
98,57,53,3,2,1,1,50.0
98,56,45,3,2,3,1,50.0
98,51,25,3,2,3,1,50.0
98,50,8,3,2,0,1,50.0
98,49,42,3,2,3,1,50.0
98,46,39,3,2,3,1,50.0
98,45,36,3,2,3,1,50.0
98,42,28,3,2,4,1,50.0
1,88,68,3,4,1,1,50.0
98,41,22,3,2,1,1,50.0
98,40,19,3,2,5,1,50.0
98,39,11,3,2,4,1,50.0
98,37,5,3,2,4,1,50.0
98,35,2,3,2,4,1,50.0
98,34,38,3,3,0,1,50.0
98,33,74,3,3,0,1,50.0
98,32,71,3,3,0,1,50.0
98,29,77,3,3,0,1,50.0
98,28,68,3,3,0,1,50.0
98,26,31,3,3,1,1,50.0
98,24,35,3,3,2,1,50.0
98,23,48,3,3,2,1,50.0
98,22,58,3,3,0,1,50.0
98,19,65,3,3,3,1,50.0
98,17,41,3,3,1,1,50.0
98,14,55,3,3,3,1,50.0
98,13,62,3,3,3,1,50.0
98,11,52,3,3,0,1,50.0
98,10,28,3,3,3,1,50.0
98,9,45,3,3,3,1,50.0
98,8,22,3,3,2,1,50.0
98,7,25,3,3,5,1,50.0
98,4,19,3,3,4,1,50.0
98,3,16,3,3,4,1,50.0
98,2,13,3,3,4,1,50.0
98,1,10,3,3,5,1,50.0
98,0,7,3,3,5,1,50.0
97,99,68,3,0,5,1,50.0
97,98,74,3,0,4,1,50.0
97,96,71,3,0,0,1,50.0
97,94,77,3,1,0,1,50.0
1,89,65,3,4,4,1,50.0
1,91,31,3,4,4,1,50.0
97,93,74,3,1,0,1,50.0
97,92,71,3,1,0,1,50.0
97,90,68,3,1,0,1,50.0
97,88,77,3,2,0,1,50.0
97,87,74,3,2,0,1,50.0
97,86,71,3,2,0,1,50.0
97,85,68,3,2,0,1,50.0
97,84,74,3,3,1,1,50.0
97,82,77,3,3,0,1,50.0
97,81,68,3,3,0,1,50.0
97,80,71,3,3,0,1,50.0
97,77,65,3,3,2,1,50.0
97,75,62,3,3,4,1,50.0
97,72,59,3,3,5,1,50.0
97,68,56,3,3,3,1,50.0
97,67,53,3,3,3,1,50.0
97,65,28,3,3,4,1,50.0
97,62,25,3,3,3,1,50.0
1,94,53,3,4,2,1,50.0
97,59,22,3,3,3,1,50.0
97,57,19,3,3,5,1,50.0
97,56,77,3,4,0,1,50.0
97,55,74,3,4,0,1,50.0
97,53,71,3,4,0,1,50.0
97,52,68,3,4,1,1,50.0
1,95,62,3,4,4,1,50.0
97,51,65,3,4,4,1,50.0
97,50,5,3,4,0,1,50.0
97,49,59,3,4,1,1,50.0
97,48,53,3,4,0,1,50.0
97,46,56,3,4,4,1,50.0
97,41,62,3,4,3,1,50.0
1,96,59,3,4,2,1,50.0
97,39,14,3,4,4,1,50.0
97,35,11,3,4,4,1,50.0
97,28,8,3,4,5,1,50.0
97,26,2,3,4,3,1,50.0
97,25,77,3,5,0,1,50.0
97,24,74,3,5,0,1,50.0
97,22,55,3,5,0,1,50.0
97,20,71,3,5,0,1,50.0
97,19,68,3,5,0,1,50.0
97,18,47,3,5,0,1,50.0
97,17,65,3,5,1,1,50.0
97,16,44,3,5,0,1,50.0
97,15,52,3,5,1,1,50.0
97,13,59,3,5,3,1,50.0
1,98,56,3,4,4,1,50.0
97,12,62,3,5,3,1,50.0
97,11,41,3,5,4,1,50.0
97,9,38,3,5,3,1,50.0
2,1,77,3,0,5,1,50.0
97,6,35,3,5,5,1,50.0
97,4,32,3,5,4,1,50.0
97,1,28,3,5,4,1,50.0
96,99,77,3,0,6,1,50.0
96,98,68,3,0,4,1,50.0
96,94,74,3,1,0,1,50.0
2,4,68,3,0,3,1,50.0
96,92,77,3,1,0,1,50.0
96,90,71,3,1,0,1,50.0
96,88,68,3,1,2,1,50.0
96,87,77,3,2,0,1,50.0
2,5,77,3,1,0,1,50.0
96,86,74,3,2,1,1,50.0
96,84,71,3,2,1,1,50.0
96,82,68,3,2,1,1,50.0
96,81,65,3,2,4,1,50.0
96,80,62,3,2,3,1,50.0
96,78,56,3,2,4,1,50.0
96,77,74,3,3,0,1,50.0
96,76,68,3,3,0,1,50.0
96,73,77,3,3,0,1,50.0
96,68,71,3,3,0,1,50.0
96,66,31,3,3,4,1,50.0
96,64,65,3,3,5,1,50.0
96,63,53,3,3,1,1,50.0
96,59,14,3,3,2,1,50.0
96,58,45,3,3,3,1,50.0
96,51,22,3,3,3,1,50.0
96,49,56,3,3,1,1,50.0
96,48,59,3,3,0,1,50.0
96,46,48,3,3,3,1,50.0
2,9,74,3,1,0,1,50.0
96,43,42,3,3,3,1,50.0
96,42,39,3,3,3,1,50.0
96,41,28,3,3,1,1,50.0
96,40,36,3,3,4,1,50.0
2,10,71,3,1,0,1,50.0
96,38,25,3,3,2,1,50.0
96,37,19,3,3,0,1,50.0
96,35,62,3,3,3,1,50.0
96,32,11,3,3,4,1,50.0
96,28,5,3,3,5,1,50.0
96,27,8,3,3,5,1,50.0
96,26,2,3,3,4,1,50.0
96,22,52,3,4,0,1,50.0
96,20,77,3,4,0,1,50.0
96,19,74,3,4,0,1,50.0
96,15,71,3,4,0,1,50.0
96,12,56,3,4,0,1,50.0
96,11,68,3,4,0,1,50.0
96,9,65,3,4,3,1,50.0
96,8,59,3,4,0,1,50.0
96,6,62,3,4,4,1,50.0
96,3,49,3,4,4,1,50.0
96,1,25,3,4,4,1,50.0
96,0,35,3,4,2,1,50.0
95,98,74,3,0,5,1,50.0
95,97,68,3,0,6,1,50.0
95,96,77,3,1,5,1,50.0
95,93,71,3,1,0,1,50.0
95,92,74,3,1,1,1,50.0
95,89,68,3,1,0,1,50.0
95,88,74,3,2,0,1,50.0
95,87,68,3,2,0,1,50.0
95,82,77,3,2,1,1,50.0
95,81,71,3,2,1,1,50.0
95,80,77,3,3,0,1,50.0
2,11,68,3,1,1,1,50.0
95,70,74,3,3,0,1,50.0
95,69,71,3,3,0,1,50.0
95,67,68,3,3,0,1,50.0
2,13,77,3,2,0,1,50.0
95,65,48,3,3,3,1,50.0
95,63,45,3,3,3,1,50.0
95,59,11,3,3,2,1,50.0
95,56,42,3,3,3,1,50.0
95,55,14,3,3,4,1,50.0
95,54,39,3,3,4,1,50.0
95,53,36,3,3,3,1,50.0
95,52,8,3,3,5,1,50.0
95,49,5,3,3,3,1,50.0
95,47,2,3,3,3,1,50.0
95,46,77,3,4,0,1,50.0
95,45,74,3,4,0,1,50.0
95,43,71,3,4,0,1,50.0
95,42,68,3,4,0,1,50.0
95,38,48,3,4,0,1,50.0
95,36,31,3,4,0,1,50.0
95,35,45,3,4,0,1,50.0
95,34,35,3,4,0,1,50.0
95,32,22,3,4,0,1,50.0
95,31,28,3,4,0,1,50.0
95,27,25,3,4,1,1,50.0
95,25,42,3,4,1,1,50.0
95,24,65,3,4,3,1,50.0
95,22,39,3,4,0,1,50.0
95,21,19,3,4,1,1,50.0
95,20,59,3,4,2,1,50.0
95,19,56,3,4,3,1,50.0
2,16,74,3,2,0,1,50.0
95,16,53,3,4,1,1,50.0
95,15,16,3,4,4,1,50.0
95,13,13,3,4,3,1,50.0
95,12,10,3,4,3,1,50.0
95,11,7,3,4,4,1,50.0
95,10,4,3,4,6,1,50.0
95,9,1,3,4,4,1,50.0
95,6,77,3,5,0,1,50.0
95,5,74,3,5,0,1,50.0
95,4,71,3,5,0,1,50.0
95,1,22,3,5,4,1,50.0
95,0,28,3,5,2,1,50.0
94,98,71,3,0,4,1,50.0
94,96,68,3,0,5,1,50.0
94,95,68,3,1,5,1,50.0
94,93,77,3,1,0,1,50.0
94,89,74,3,1,1,1,50.0
94,88,71,3,1,1,1,50.0
94,87,77,3,2,1,1,50.0
94,86,77,3,3,0,1,50.0
94,85,74,3,3,0,1,50.0
94,84,71,3,3,2,1,50.0
94,80,68,3,3,0,1,50.0
94,79,77,3,4,0,1,50.0
94,76,74,3,4,1,1,50.0
94,75,68,3,4,0,1,50.0
94,70,71,3,4,0,1,50.0
94,69,14,3,4,0,1,50.0
94,67,11,3,4,1,1,50.0
94,66,28,3,4,4,1,50.0
2,17,71,3,2,1,1,50.0
94,63,48,3,4,3,1,50.0
94,59,8,3,4,2,1,50.0
94,57,45,3,4,3,1,50.0
94,56,19,3,4,3,1,50.0
94,55,31,3,4,4,1,50.0
94,50,2,3,4,0,1,50.0
94,42,36,3,4,3,1,50.0
2,18,68,3,2,1,1,50.0
94,41,25,3,4,1,1,50.0
94,40,42,3,4,4,1,50.0
94,36,22,3,4,0,1,50.0
94,35,39,3,4,4,1,50.0
94,28,5,3,4,6,1,50.0
94,27,77,3,5,0,1,50.0
94,26,74,3,5,0,1,50.0
94,24,71,3,5,0,1,50.0
2,20,74,3,3,0,1,50.0
94,23,68,3,5,0,1,50.0
94,22,44,3,5,0,1,50.0
94,20,28,3,5,0,1,50.0
94,19,62,3,5,3,1,50.0
94,17,38,3,5,1,1,50.0
94,16,47,3,5,0,1,50.0
94,15,65,3,5,3,1,50.0
94,12,53,3,5,0,1,50.0
94,5,59,3,5,0,1,50.0
94,3,56,3,5,4,1,50.0
94,1,19,3,5,4,1,50.0
2,22,77,3,3,1,1,50.0
93,98,68,3,0,5,1,50.0
93,97,77,3,1,6,1,50.0
93,95,74,3,1,6,1,50.0
93,92,71,3,1,1,1,50.0
93,91,68,3,1,0,1,50.0
93,89,56,3,2,4,1,50.0
93,88,53,3,2,2,1,50.0
93,87,50,3,2,3,1,50.0
93,86,44,3,2,3,1,50.0
93,83,47,3,2,3,1,50.0
93,81,41,3,2,4,1,50.0
93,80,38,3,2,3,1,50.0
93,79,35,3,2,4,1,50.0
93,78,77,3,3,0,1,50.0
93,77,71,3,3,0,1,50.0
93,75,74,3,3,0,1,50.0
93,74,68,3,3,0,1,50.0
93,69,11,3,3,0,1,50.0
93,68,65,3,3,3,1,50.0
93,67,8,3,3,1,1,50.0
93,65,59,3,3,3,1,50.0
93,64,62,3,3,5,1,50.0
93,63,56,3,3,2,1,50.0
93,62,31,3,3,0,1,50.0
93,61,53,3,3,1,1,50.0
93,60,5,3,3,0,1,50.0
93,59,2,3,3,2,1,50.0
93,58,42,3,3,3,1,50.0
93,57,50,3,3,3,1,50.0
93,56,47,3,3,4,1,50.0
93,53,39,3,3,3,1,50.0
93,52,28,3,3,1,1,50.0
93,50,36,3,3,1,1,50.0
93,48,25,3,3,3,1,50.0
93,46,22,3,3,4,1,50.0
2,24,68,3,3,0,1,50.0
93,45,19,3,3,3,1,50.0
93,44,16,3,3,6,1,50.0
93,43,74,3,4,0,1,50.0
93,40,77,3,4,0,1,50.0
93,39,71,3,4,0,1,50.0
93,38,68,3,4,0,1,50.0
93,37,28,3,4,0,1,50.0
93,34,65,3,4,4,1,50.0
93,32,31,3,4,0,1,50.0
93,26,22,3,4,1,1,50.0
2,29,71,3,3,0,1,50.0
93,25,48,3,4,1,1,50.0
93,24,62,3,4,3,1,50.0
93,23,45,3,4,2,1,50.0
93,22,36,3,4,0,1,50.0
2,32,74,3,4,0,1,50.0
2,37,77,3,4,0,1,50.0
93,21,25,3,4,1,1,50.0
93,20,56,3,4,2,1,50.0
93,19,59,3,4,3,1,50.0
93,18,42,3,4,0,1,50.0
93,16,39,3,4,0,1,50.0
93,13,53,3,4,3,1,50.0
93,12,19,3,4,3,1,50.0
93,11,16,3,4,4,1,50.0
93,10,13,3,4,6,1,50.0
93,9,10,3,4,4,1,50.0
93,8,7,3,4,5,1,50.0
93,7,4,3,4,5,1,50.0
93,5,1,3,4,3,1,50.0
93,3,77,3,5,0,1,50.0
93,2,71,3,5,4,1,50.0
2,39,68,3,4,1,1,50.0
93,1,74,3,5,5,1,50.0
92,95,77,3,1,6,1,50.0
92,91,68,3,1,1,1,50.0
2,43,48,3,4,3,1,50.0
92,88,77,3,2,1,1,50.0
92,86,71,3,2,1,1,50.0
92,83,68,3,2,0,1,50.0
92,82,74,3,2,1,1,50.0
92,80,74,3,3,0,1,50.0
92,79,71,3,3,0,1,50.0
92,78,68,3,3,0,1,50.0
92,77,77,3,3,1,1,50.0
92,75,65,3,3,4,1,50.0
92,73,62,3,3,3,1,50.0
92,72,56,3,3,5,1,50.0
2,44,45,3,4,5,1,50.0
92,70,59,3,3,3,1,50.0
92,69,53,3,3,2,1,50.0
92,67,77,3,4,0,1,50.0
92,66,74,3,4,0,1,50.0
2,47,31,3,4,3,1,50.0
92,62,68,3,4,0,1,50.0
2,48,42,3,4,3,1,50.0
92,57,71,3,4,0,1,50.0
92,56,65,3,4,3,1,50.0
2,53,39,3,4,4,1,50.0
2,56,36,3,4,4,1,50.0
92,49,48,3,4,3,1,50.0
92,48,62,3,4,3,1,50.0
92,47,56,3,4,3,1,50.0
92,45,45,3,4,3,1,50.0
92,42,59,3,4,4,1,50.0
92,39,42,3,4,2,1,50.0
92,38,39,3,4,0,1,50.0
92,35,35,3,4,0,1,50.0
92,31,53,3,4,3,1,50.0
92,26,14,3,4,3,1,50.0
92,25,11,3,4,3,1,50.0
92,23,77,3,5,0,1,50.0
92,19,8,3,4,3,1,50.0
92,17,5,3,4,5,1,50.0
92,15,2,3,4,4,1,50.0
92,12,74,3,5,1,1,50.0
92,9,68,3,5,0,1,50.0
92,8,71,3,5,0,1,50.0
92,7,65,3,5,4,1,50.0
92,5,62,3,5,0,1,50.0
2,57,28,3,4,4,1,50.0
92,3,59,3,5,4,1,50.0
92,0,25,3,5,2,1,50.0
91,99,74,3,0,6,1,50.0
91,95,71,3,0,6,1,50.0
91,93,65,3,1,5,1,50.0
91,88,74,3,1,1,1,50.0
91,87,71,3,1,1,1,50.0
2,62,5,3,4,0,1,50.0
91,86,77,3,1,1,1,50.0
91,85,41,3,1,6,1,50.0
91,82,38,3,1,1,1,50.0
91,80,35,3,1,4,1,50.0
91,77,68,3,2,0,1,50.0
2,63,25,3,4,3,1,50.0
91,76,77,3,2,1,1,50.0
2,65,10,3,4,3,1,50.0
91,69,74,3,2,0,1,50.0
91,56,71,3,2,0,1,50.0
2,69,22,3,4,3,1,50.0
2,70,2,3,4,1,1,50.0
2,71,19,3,4,6,1,50.0
91,53,77,3,3,0,1,50.0
91,52,74,3,3,0,1,50.0
91,51,71,3,3,0,1,50.0
91,50,68,3,3,0,1,50.0
2,73,16,3,4,6,1,50.0
91,48,77,3,4,0,1,50.0
91,47,74,3,4,0,1,50.0
91,46,71,3,4,0,1,50.0
91,43,68,3,4,0,1,50.0
91,38,45,3,4,0,1,50.0
91,37,25,3,4,0,1,50.0
91,34,48,3,4,4,1,50.0
91,28,42,3,4,5,1,50.0
91,26,19,3,4,1,1,50.0
91,22,28,3,4,3,1,50.0
91,20,22,3,4,0,1,50.0
91,19,39,3,4,3,1,50.0
91,16,36,3,4,0,1,50.0
2,76,71,3,5,1,1,50.0
91,15,13,3,4,4,1,50.0
91,12,16,3,4,3,1,50.0
2,77,74,3,5,1,1,50.0
91,11,10,3,4,4,1,50.0
91,9,7,3,4,4,1,50.0
2,79,68,3,5,0,1,50.0
91,8,4,3,4,5,1,50.0
91,6,1,3,4,5,1,50.0
91,5,71,3,5,0,1,50.0
91,2,77,3,5,5,1,50.0
91,1,68,3,5,5,1,50.0
90,99,71,3,1,6,1,50.0
90,98,77,3,0,4,1,50.0
2,81,62,3,5,4,1,50.0
90,94,74,3,0,6,1,50.0
90,92,77,3,1,6,1,50.0
2,83,56,3,5,2,1,50.0
90,88,74,3,1,2,1,50.0
90,84,68,3,1,2,1,50.0
90,81,74,3,2,0,1,50.0
90,76,68,3,2,1,1,50.0
2,84,35,3,5,0,1,50.0
90,73,71,3,2,0,1,50.0
90,72,77,3,2,0,1,50.0
90,69,77,3,3,0,1,50.0
90,66,71,3,3,0,1,50.0
90,62,74,3,3,1,1,50.0
90,60,68,3,3,1,1,50.0
90,59,53,3,4,0,1,50.0
90,52,77,3,4,0,1,50.0
90,51,56,3,4,4,1,50.0
90,45,77,3,5,0,1,50.0
90,42,74,3,5,0,1,50.0
90,41,71,3,5,0,1,50.0
90,39,68,3,5,2,1,50.0
90,38,42,3,5,0,1,50.0
90,35,48,3,5,0,1,50.0
90,34,62,3,5,4,1,50.0
90,31,25,3,5,0,1,50.0
90,26,65,3,5,3,1,50.0
90,25,45,3,5,1,1,50.0
90,16,59,3,5,3,1,50.0
90,15,56,3,5,3,1,50.0
90,12,53,3,5,3,1,50.0
90,9,35,3,5,3,1,50.0
90,5,31,3,5,3,1,50.0
90,0,22,3,5,2,1,50.0
89,98,77,3,0,5,1,50.0
89,95,68,3,1,6,1,50.0
89,93,77,3,1,6,1,50.0
89,88,71,3,1,2,1,50.0
2,86,41,3,5,3,1,50.0
89,87,74,3,2,1,1,50.0
89,86,68,3,2,1,1,50.0
89,83,77,3,2,0,1,50.0
89,82,71,3,2,1,1,50.0
89,78,74,3,3,0,1,50.0
89,70,77,3,3,0,1,50.0
89,62,71,3,3,1,1,50.0
89,60,68,3,3,2,1,50.0
89,58,74,3,4,0,1,50.0
2,90,38,3,5,5,1,50.0
89,54,77,3,4,0,1,50.0
89,48,71,3,4,0,1,50.0
89,45,68,3,4,0,1,50.0
89,39,62,3,4,3,1,50.0
89,35,59,3,4,3,1,50.0
89,32,19,3,4,0,1,50.0
89,31,22,3,4,0,1,50.0
89,30,53,3,4,6,1,50.0
89,27,31,3,4,1,1,50.0
89,26,28,3,4,3,1,50.0
89,25,25,3,4,2,1,50.0
89,21,77,3,5,0,1,50.0
89,17,74,3,5,0,1,50.0
89,15,68,3,5,0,1,50.0
89,13,71,3,5,1,1,50.0
2,95,65,3,5,5,1,50.0
89,12,65,3,5,3,1,50.0
89,8,56,3,5,0,1,50.0
89,5,53,3,5,0,1,50.0
89,4,62,3,5,4,1,50.0
89,2,59,3,5,5,1,50.0
89,1,50,3,5,5,1,50.0
88,96,65,3,2,5,1,50.0
2,99,53,3,5,5,1,50.0
88,95,59,3,2,5,1,50.0
3,0,68,3,0,3,1,50.0
88,93,56,3,2,5,1,50.0
88,92,56,3,3,5,1,50.0
88,91,77,3,2,6,1,50.0
88,89,47,3,3,5,1,50.0
88,87,68,3,3,1,1,50.0
88,85,71,3,3,0,1,50.0
88,84,77,3,3,2,1,50.0
88,81,74,3,3,1,1,50.0
88,80,65,3,3,3,1,50.0
88,79,62,3,3,3,1,50.0
3,1,71,3,1,5,1,50.0
88,77,59,3,3,2,1,50.0
88,74,53,3,3,2,1,50.0
3,2,77,3,1,6,1,50.0
88,71,77,3,4,0,1,50.0
88,65,44,3,3,3,1,50.0
88,63,41,3,3,3,1,50.0
88,62,50,3,3,3,1,50.0
88,61,38,3,3,4,1,50.0
88,60,35,3,3,4,1,50.0
88,56,68,3,4,0,1,50.0
3,4,74,3,1,0,1,50.0
88,53,74,3,4,0,1,50.0
88,52,71,3,4,0,1,50.0
88,51,19,3,4,3,1,50.0
88,50,65,3,4,1,1,50.0
88,49,45,3,4,3,1,50.0
88,43,39,3,4,3,1,50.0
88,40,59,3,4,3,1,50.0
88,38,42,3,4,2,1,50.0
88,37,62,3,4,4,1,50.0
88,32,56,3,4,3,1,50.0
88,28,53,3,4,5,1,50.0
88,27,28,3,4,1,1,50.0
88,24,14,3,4,3,1,50.0
88,23,36,3,4,2,1,50.0
88,22,31,3,4,3,1,50.0
88,19,50,3,4,3,1,50.0
88,18,25,3,4,3,1,50.0
88,17,22,3,4,4,1,50.0
88,16,11,3,4,4,1,50.0
3,7,68,3,1,0,1,50.0
88,15,8,3,4,4,1,50.0
88,13,2,3,4,3,1,50.0
3,8,77,3,2,0,1,50.0
3,9,74,3,2,1,1,50.0
88,12,5,3,4,3,1,50.0
3,12,71,3,2,1,1,50.0
88,5,68,3,5,0,1,50.0
88,4,77,3,5,0,1,50.0
88,1,65,3,5,5,1,50.0
88,0,19,3,5,2,1,50.0
87,99,62,3,2,5,1,50.0
87,98,59,3,2,4,1,50.0
87,96,74,3,2,5,1,50.0
87,95,56,3,2,5,1,50.0
87,91,71,3,2,6,1,50.0
87,90,77,3,2,6,1,50.0
87,88,53,3,2,5,1,50.0
87,85,68,3,2,1,1,50.0
87,84,74,3,3,2,1,50.0
3,15,68,3,2,2,1,50.0
3,16,77,3,3,0,1,50.0
87,83,77,3,3,1,1,50.0
87,82,47,3,3,1,1,50.0
87,80,71,3,3,1,1,50.0
87,78,68,3,3,1,1,50.0
87,73,65,3,3,3,1,50.0
87,70,11,3,3,1,1,50.0
87,69,8,3,3,0,1,50.0
87,67,2,3,3,1,1,50.0
87,66,25,3,3,4,1,50.0
87,65,56,3,3,3,1,50.0
3,22,74,3,3,1,1,50.0
87,62,28,3,3,0,1,50.0
87,61,62,3,3,4,1,50.0
87,60,44,3,3,4,1,50.0
87,59,5,3,3,2,1,50.0
87,55,53,3,3,1,1,50.0
87,53,59,3,3,3,1,50.0
87,51,41,3,3,4,1,50.0
87,49,38,3,3,3,1,50.0
87,48,35,3,3,3,1,50.0
87,47,22,3,3,3,1,50.0
87,45,32,3,3,3,1,50.0
87,44,19,3,3,5,1,50.0
87,41,16,3,3,4,1,50.0
87,39,77,3,4,0,1,50.0
87,38,74,3,4,0,1,50.0
87,37,71,3,4,0,1,50.0
87,35,68,3,4,0,1,50.0
87,34,59,3,4,4,1,50.0
3,25,71,3,3,0,1,50.0
87,33,71,3,5,0,1,50.0
87,32,65,3,4,3,1,50.0
3,27,68,3,3,0,1,50.0
87,31,62,3,4,3,1,50.0
87,28,56,3,4,5,1,50.0
87,25,39,3,4,1,1,50.0
87,24,53,3,4,3,1,50.0
87,22,25,3,4,3,1,50.0
87,20,50,3,4,2,1,50.0
87,17,35,3,4,1,1,50.0
87,16,31,3,4,3,1,50.0
87,15,47,3,4,3,1,50.0
87,13,44,3,4,3,1,50.0
87,12,28,3,4,3,1,50.0
3,29,74,3,4,0,1,50.0
87,9,22,3,4,3,1,50.0
3,31,77,3,4,0,1,50.0
87,8,19,3,4,2,1,50.0
87,7,16,3,4,5,1,50.0
87,5,13,3,4,3,1,50.0
87,3,10,3,4,4,1,50.0
87,2,7,3,4,5,1,50.0
87,0,4,3,4,5,1,50.0
3,34,71,3,4,1,1,50.0
86,98,71,3,2,5,1,50.0
86,97,74,3,2,6,1,50.0
86,96,77,3,2,6,1,50.0
86,93,68,3,2,5,1,50.0
86,84,31,3,3,2,1,50.0
86,82,35,3,3,1,1,50.0
86,79,77,3,3,1,1,50.0
86,78,71,3,3,0,1,50.0
86,77,68,3,3,1,1,50.0
86,75,74,3,3,1,1,50.0
86,70,38,3,3,4,1,50.0
86,69,28,3,3,3,1,50.0
86,67,25,3,3,4,1,50.0
86,65,22,3,3,4,1,50.0
86,64,19,3,3,5,1,50.0
86,63,77,3,4,0,1,50.0
86,59,74,3,4,1,1,50.0
86,54,71,3,4,0,1,50.0
86,51,68,3,4,0,1,50.0
86,50,45,3,4,1,1,50.0
86,48,65,3,4,3,1,50.0
86,46,42,3,4,3,1,50.0
86,43,36,3,4,3,1,50.0
86,40,56,3,4,3,1,50.0
86,38,39,3,4,2,1,50.0
86,37,59,3,4,4,1,50.0
86,32,62,3,4,3,1,50.0
86,30,50,3,4,6,1,50.0
86,29,53,3,4,5,1,50.0
86,26,33,3,4,3,1,50.0
86,25,30,3,4,2,1,50.0
86,24,27,3,4,6,1,50.0
86,22,19,3,4,3,1,50.0
3,35,42,3,4,0,1,50.0
86,20,24,3,4,2,1,50.0
86,19,77,3,5,0,1,50.0
86,17,74,3,5,1,1,50.0
86,16,71,3,5,0,1,50.0
86,13,68,3,5,1,1,50.0
86,12,59,3,5,3,1,50.0
86,11,65,3,5,0,1,50.0
86,10,25,3,5,3,1,50.0
86,9,62,3,5,3,1,50.0
86,5,56,3,5,0,1,50.0
86,2,50,3,5,5,1,50.0
85,99,68,3,2,6,1,50.0
85,98,77,3,1,6,1,50.0
3,36,68,3,4,0,1,50.0
3,38,65,3,4,2,1,50.0
85,96,71,3,1,5,1,50.0
85,95,62,3,4,5,1,50.0
3,39,46,3,4,2,1,50.0
85,88,74,3,1,5,1,50.0
85,86,77,3,2,6,1,50.0
85,83,74,3,2,1,1,50.0
85,81,71,3,2,2,1,50.0
85,73,74,3,3,0,1,50.0
85,68,77,3,3,0,1,50.0
85,62,68,3,3,1,1,50.0
85,61,71,3,3,0,1,50.0
85,59,77,3,4,1,1,50.0
85,56,74,3,4,1,1,50.0
3,40,53,3,4,3,1,50.0
85,50,71,3,4,0,1,50.0
85,48,68,3,4,0,1,50.0
3,45,39,3,4,3,1,50.0
85,44,77,3,5,0,1,50.0
85,43,65,3,4,4,1,50.0
85,42,56,3,4,4,1,50.0
85,39,59,3,4,3,1,50.0
85,36,53,3,4,5,1,50.0
85,32,68,3,5,0,1,50.0
85,29,65,3,5,0,1,50.0
85,26,71,3,5,0,1,50.0
85,25,74,3,5,0,1,50.0
85,17,62,3,5,4,1,50.0
85,15,59,3,5,3,1,50.0
85,11,56,3,5,0,1,50.0
85,10,22,3,5,3,1,50.0
85,7,53,3,5,4,1,50.0
85,5,28,3,5,3,1,50.0
3,46,36,3,4,3,1,50.0
85,3,25,3,5,4,1,50.0
85,1,19,3,5,5,1,50.0
3,48,32,3,4,3,1,50.0
85,0,16,3,5,5,1,50.0
84,99,28,3,2,5,1,50.0
3,49,13,3,4,3,1,50.0
84,98,25,3,2,4,1,50.0
84,97,22,3,2,5,1,50.0
84,96,19,3,2,4,1,50.0
84,94,50,3,3,5,1,50.0
84,93,62,3,3,5,1,50.0
3,50,62,3,4,4,1,50.0
84,92,53,3,3,5,1,50.0
3,51,29,3,4,4,1,50.0
84,91,74,3,3,5,1,50.0
84,90,28,3,3,5,1,50.0
84,89,44,3,3,5,1,50.0
3,52,22,3,4,1,1,50.0
3,53,19,3,4,5,1,50.0
84,88,71,3,3,5,1,50.0
84,83,68,3,3,1,1,50.0
84,82,77,3,3,2,1,50.0
84,81,59,3,3,4,1,50.0
84,79,65,3,3,3,1,50.0
84,78,47,3,3,4,1,50.0
84,77,56,3,3,2,1,50.0
3,54,7,3,4,5,1,50.0
84,74,41,3,3,5,1,50.0
84,73,38,3,3,4,1,50.0
84,72,35,3,3,5,1,50.0
84,70,8,3,3,1,1,50.0
84,69,5,3,3,0,1,50.0
84,68,32,3,3,4,1,50.0
84,67,22,3,3,4,1,50.0
84,66,19,3,3,4,1,50.0
84,65,14,3,3,3,1,50.0
84,63,11,3,3,3,1,50.0
84,62,2,3,3,0,1,50.0
84,61,25,3,3,5,1,50.0
84,58,71,3,4,0,1,50.0
84,57,77,3,4,0,1,50.0
84,56,68,3,4,1,1,50.0
84,55,56,3,4,1,1,50.0
84,54,74,3,4,0,1,50.0
84,53,65,3,4,3,1,50.0
84,52,48,3,4,1,1,50.0
84,51,62,3,4,4,1,50.0
84,50,42,3,4,1,1,50.0
84,49,35,3,4,3,1,50.0
84,47,53,3,4,3,1,50.0
84,46,59,3,4,4,1,50.0
84,43,45,3,4,3,1,50.0
84,42,39,3,4,4,1,50.0
84,41,31,3,4,1,1,50.0
84,40,28,3,4,5,1,50.0
84,39,25,3,4,3,1,50.0
3,61,4,3,4,4,1,50.0
84,38,22,3,4,2,1,50.0
84,37,19,3,4,4,1,50.0
84,35,16,3,4,4,1,50.0
84,30,13,3,4,6,1,50.0
84,27,5,3,4,5,1,50.0
84,25,8,3,4,3,1,50.0
3,64,1,3,4,5,1,50.0
3,68,74,3,5,0,1,50.0
3,69,68,3,5,0,1,50.0
84,24,2,3,4,3,1,50.0
84,23,74,3,5,0,1,50.0
84,21,71,3,5,0,1,50.0
84,19,77,3,5,1,1,50.0
84,15,68,3,5,3,1,50.0
84,12,56,3,5,3,1,50.0
84,10,65,3,5,3,1,50.0
84,8,53,3,5,0,1,50.0
84,7,62,3,5,4,1,50.0
84,5,59,3,5,2,1,50.0
84,4,50,3,5,4,1,50.0
84,1,47,3,5,5,1,50.0
84,0,44,3,5,5,1,50.0
83,98,71,3,1,6,1,50.0
83,97,53,3,2,6,1,50.0
83,95,53,3,3,5,1,50.0
83,94,77,3,2,6,1,50.0
83,93,59,3,3,5,1,50.0
83,92,50,3,3,5,1,50.0
83,89,41,3,3,5,1,50.0
83,88,62,3,3,5,1,50.0
83,87,77,3,3,5,1,50.0
83,84,38,3,3,5,1,50.0
83,80,74,3,3,1,1,50.0
83,75,71,3,3,1,1,50.0
83,73,68,3,3,1,1,50.0
83,69,35,3,3,2,1,50.0
3,70,77,3,5,1,1,50.0
83,67,56,3,3,3,1,50.0
83,63,65,3,3,2,1,50.0
83,60,74,3,4,0,1,50.0
83,59,71,3,4,1,1,50.0
83,54,68,3,4,0,1,50.0
83,53,77,3,4,1,1,50.0
83,52,25,3,4,1,1,50.0
83,51,59,3,4,4,1,50.0
83,50,39,3,4,1,1,50.0
83,47,62,3,4,3,1,50.0
83,46,65,3,4,4,1,50.0
83,45,42,3,4,3,1,50.0
83,43,56,3,4,4,1,50.0
83,40,48,3,4,4,1,50.0
83,39,36,3,4,2,1,50.0
83,38,33,3,4,2,1,50.0
83,37,53,3,4,4,1,50.0
83,35,45,3,4,4,1,50.0
83,31,30,3,4,3,1,50.0
83,30,22,3,4,6,1,50.0
83,29,19,3,4,6,1,50.0
83,27,16,3,4,5,1,50.0
83,25,5,3,4,3,1,50.0
83,24,11,3,4,3,1,50.0
83,22,8,3,4,4,1,50.0
83,21,2,3,4,4,1,50.0
83,18,77,3,5,0,1,50.0
83,16,74,3,5,2,1,50.0
83,14,71,3,5,0,1,50.0
83,13,68,3,5,2,1,50.0
83,9,59,3,5,3,1,50.0
83,7,56,3,5,4,1,50.0
83,6,65,3,5,4,1,50.0
83,5,62,3,5,2,1,50.0
83,3,53,3,5,5,1,50.0
83,2,47,3,5,5,1,50.0
83,1,44,3,5,5,1,50.0
83,0,41,3,5,5,1,50.0
3,73,71,3,5,1,1,50.0
82,99,44,3,1,5,1,50.0
82,98,4,3,2,3,1,50.0
82,96,46,3,2,4,1,50.0
82,95,50,3,2,5,1,50.0
82,94,41,3,2,5,1,50.0
82,93,53,3,2,5,1,50.0
82,92,38,3,2,5,1,50.0
82,91,35,3,2,5,1,50.0
82,90,19,3,2,5,1,50.0
82,89,32,3,2,5,1,50.0
82,88,59,3,2,5,1,50.0
82,86,29,3,2,5,1,50.0
82,85,13,3,2,5,1,50.0
82,84,26,3,2,5,1,50.0
82,83,23,3,2,5,1,50.0
82,81,68,3,2,1,1,50.0
82,79,74,3,2,1,1,50.0
82,77,71,3,2,1,1,50.0
3,74,65,3,5,4,1,50.0
82,74,62,3,2,4,1,50.0
82,73,56,3,2,3,1,50.0
82,72,65,3,2,6,1,50.0
82,69,16,3,2,4,1,50.0
82,67,10,3,2,4,1,50.0
3,77,62,3,5,2,1,50.0
82,66,7,3,2,5,1,50.0
82,64,1,3,2,6,1,50.0
82,63,74,3,3,0,1,50.0
3,81,56,3,5,4,1,50.0
82,62,77,3,3,0,1,50.0
82,61,68,3,3,0,1,50.0
3,82,59,3,5,3,1,50.0
82,58,71,3,3,1,1,50.0
82,57,56,3,3,1,1,50.0
82,55,65,3,3,4,1,50.0
82,54,62,3,3,4,1,50.0
82,53,53,3,3,3,1,50.0
3,84,41,3,5,5,1,50.0
82,52,19,3,3,1,1,50.0
3,86,47,3,5,5,1,50.0
3,87,1,3,5,4,1,50.0
82,51,50,3,3,4,1,50.0
3,89,38,3,5,5,1,50.0
82,49,10,3,3,3,1,50.0
82,48,47,3,3,3,1,50.0
82,47,28,3,3,3,1,50.0
82,43,44,3,3,4,1,50.0
82,42,36,3,3,4,1,50.0
82,39,33,3,3,3,1,50.0
82,38,25,3,3,3,1,50.0
82,36,22,3,3,5,1,50.0
82,35,7,3,3,4,1,50.0
3,91,44,3,5,5,1,50.0
82,34,41,3,3,4,1,50.0
82,33,68,3,4,0,1,50.0
82,32,16,3,3,4,1,50.0
82,31,13,3,3,3,1,50.0
82,30,4,3,3,6,1,50.0
82,29,1,3,3,6,1,50.0
82,28,77,3,4,0,1,50.0
82,27,74,3,4,0,1,50.0
82,26,71,3,4,1,1,50.0
82,25,65,3,4,2,1,50.0
82,24,59,3,4,3,1,50.0
82,21,31,3,4,1,1,50.0
3,95,35,3,5,5,1,50.0
82,20,25,3,4,0,1,50.0
82,19,53,3,4,3,1,50.0
3,97,25,3,5,5,1,50.0
3,98,50,3,5,4,1,50.0
82,18,39,3,4,0,1,50.0
82,17,56,3,4,4,1,50.0
82,16,62,3,4,3,1,50.0
82,15,50,3,4,3,1,50.0
82,14,47,3,4,6,1,50.0
82,12,22,3,4,3,1,50.0
82,11,44,3,4,4,1,50.0
82,10,19,3,4,3,1,50.0
82,9,28,3,4,3,1,50.0
82,7,36,3,4,4,1,50.0
82,6,16,3,4,5,1,50.0
82,5,10,3,4,3,1,50.0
82,0,13,3,4,5,1,50.0
81,98,74,3,2,6,1,50.0
81,96,68,3,2,6,1,50.0
81,95,47,3,4,5,1,50.0
81,91,74,3,3,6,1,50.0
81,90,71,3,3,6,1,50.0
81,87,77,3,1,6,1,50.0
3,99,32,3,5,5,1,50.0
81,83,77,3,2,6,1,50.0
81,78,77,3,3,1,1,50.0
81,77,68,3,3,2,1,50.0
81,75,77,3,4,1,1,50.0
81,67,74,3,4,0,1,50.0
81,66,68,3,4,0,1,50.0
4,1,77,3,1,6,1,50.0
81,65,71,3,4,1,1,50.0
81,64,53,3,4,5,1,50.0
81,61,50,3,4,4,1,50.0
81,58,38,3,4,3,1,50.0
81,57,44,3,4,4,1,50.0
81,56,77,3,5,1,1,50.0
81,51,74,3,5,0,1,50.0
4,5,74,3,1,1,1,50.0
4,7,71,3,1,0,1,50.0
81,50,71,3,5,1,1,50.0
81,49,68,3,5,0,1,50.0
81,48,59,3,5,3,1,50.0
81,47,25,3,5,3,1,50.0
4,9,77,3,2,0,1,50.0
81,45,29,3,5,3,1,50.0
81,43,62,3,5,4,1,50.0
81,40,45,3,5,4,1,50.0
81,36,19,3,5,0,1,50.0
81,35,65,3,5,3,1,50.0
81,32,53,3,5,3,1,50.0
81,25,56,3,5,2,1,50.0
81,22,50,3,5,4,1,50.0
81,21,22,3,5,1,1,50.0
81,20,42,3,5,2,1,50.0
81,19,36,3,5,3,1,50.0
81,16,39,3,5,4,1,50.0
81,14,33,3,5,6,1,50.0
81,12,13,3,5,3,1,50.0
4,13,56,3,2,3,1,50.0
81,9,16,3,5,4,1,50.0
81,8,10,3,5,5,1,50.0
81,5,7,3,5,3,1,50.0
81,4,4,3,5,5,1,50.0
81,1,1,3,5,5,1,50.0
81,0,77,3,6,3,1,50.0
80,99,59,3,3,5,1,50.0
80,98,68,3,1,6,1,50.0
80,96,74,3,2,6,1,50.0
4,14,52,3,2,3,1,50.0
80,95,44,3,3,5,1,50.0
80,94,71,3,2,6,1,50.0
80,93,68,3,2,6,1,50.0
80,91,48,3,3,5,1,50.0
4,15,77,3,3,0,1,50.0
80,88,77,3,1,6,1,50.0
80,87,74,3,3,5,1,50.0
80,86,53,3,3,5,1,50.0
80,85,77,3,2,6,1,50.0
80,82,7,3,3,4,1,50.0
80,81,71,3,3,6,1,50.0
80,79,68,3,3,1,1,50.0
80,77,77,3,3,2,1,50.0
80,75,56,3,3,4,1,50.0
80,73,41,3,3,4,1,50.0
4,16,71,3,3,2,1,50.0
80,72,14,3,3,6,1,50.0
80,70,11,3,3,4,1,50.0
80,68,4,3,3,5,1,50.0
80,65,1,3,3,3,1,50.0
80,64,77,3,4,0,1,50.0
80,63,68,3,4,0,1,50.0
80,61,74,3,4,0,1,50.0
80,60,71,3,4,0,1,50.0
80,59,65,3,4,3,1,50.0
4,20,74,3,3,1,1,50.0
80,58,62,3,4,4,1,50.0
80,57,59,3,4,1,1,50.0
80,56,56,3,4,3,1,50.0
80,52,53,3,4,2,1,50.0
80,51,47,3,4,4,1,50.0
80,49,2,3,4,3,1,50.0
80,48,50,3,4,3,1,50.0
80,46,44,3,4,4,1,50.0
80,45,25,3,4,3,1,50.0
80,44,41,3,4,5,1,50.0
80,43,38,3,4,4,1,50.0
80,41,31,3,4,4,1,50.0
80,39,22,3,4,3,1,50.0
80,34,19,3,4,4,1,50.0
80,31,16,3,4,3,1,50.0
80,26,11,3,4,3,1,50.0
80,25,8,3,4,4,1,50.0
80,22,5,3,4,4,1,50.0
80,20,68,3,5,0,1,50.0
80,19,71,3,5,0,1,50.0
4,21,74,3,4,0,1,50.0
80,18,74,3,5,0,1,50.0
80,16,77,3,5,1,1,50.0
80,13,65,3,5,3,1,50.0
80,12,31,3,5,3,1,50.0
80,11,62,3,5,3,1,50.0
80,6,59,3,5,4,1,50.0
4,25,68,3,4,0,1,50.0
80,5,56,3,5,2,1,50.0
80,3,28,3,5,5,1,50.0
79,99,56,3,3,5,1,50.0
79,98,53,3,3,4,1,50.0
79,96,71,3,1,6,1,50.0
79,95,59,3,3,6,1,50.0
79,93,74,3,2,6,1,50.0
79,92,71,3,2,6,1,50.0
4,27,71,3,4,0,1,50.0
79,91,68,3,2,6,1,50.0
79,89,77,3,2,6,1,50.0
79,88,74,3,3,6,1,50.0
79,87,68,3,3,5,1,50.0
79,86,71,3,3,6,1,50.0
79,84,77,3,3,6,1,50.0
79,83,50,3,4,5,1,50.0
79,82,4,3,4,4,1,50.0
79,73,77,3,4,1,1,50.0
79,69,74,3,4,1,1,50.0
79,68,68,3,4,0,1,50.0
79,65,71,3,4,2,1,50.0
79,64,59,3,4,5,1,50.0
79,63,62,3,4,2,1,50.0
79,62,65,3,4,3,1,50.0
79,59,56,3,4,3,1,50.0
79,57,53,3,4,3,1,50.0
79,55,28,3,4,4,1,50.0
79,54,47,3,4,4,1,50.0
79,53,44,3,4,3,1,50.0
79,49,41,3,4,4,1,50.0
79,48,22,3,4,3,1,50.0
79,47,19,3,4,3,1,50.0
79,42,32,3,4,4,1,50.0
4,30,77,3,4,0,1,50.0
79,41,13,3,4,4,1,50.0
79,39,8,3,4,4,1,50.0
79,38,16,3,4,3,1,50.0
79,37,1,3,4,4,1,50.0
79,35,77,3,5,0,1,50.0
79,32,74,3,5,1,1,50.0
79,31,71,3,5,0,1,50.0
79,28,68,3,5,1,1,50.0
79,27,19,3,5,1,1,50.0
79,26,62,3,5,3,1,50.0
79,22,65,3,5,3,1,50.0
79,11,59,3,5,3,1,50.0
79,9,56,3,5,3,1,50.0
79,8,48,3,5,2,1,50.0
79,7,45,3,5,4,1,50.0
79,6,53,3,5,4,1,50.0
79,2,32,3,5,5,1,50.0
79,1,41,3,5,5,1,50.0
79,0,38,3,5,5,1,50.0
78,99,65,3,4,5,1,50.0
78,98,62,3,4,4,1,50.0
78,97,71,3,1,6,1,50.0
78,93,71,3,2,6,1,50.0
4,35,56,3,4,3,1,50.0
4,37,65,3,4,4,1,50.0
78,92,74,3,1,6,1,50.0
4,39,38,3,4,3,1,50.0
78,91,38,3,4,5,1,50.0
4,45,22,3,4,3,1,50.0
4,46,53,3,4,4,1,50.0
78,79,77,3,2,6,1,50.0
78,77,74,3,2,2,1,50.0
78,71,68,3,2,0,1,50.0
78,69,77,3,3,1,1,50.0
4,48,29,3,4,3,1,50.0
78,67,71,3,3,0,1,50.0
4,49,59,3,4,4,1,50.0
78,66,74,3,3,1,1,50.0
78,65,68,3,3,2,1,50.0
78,64,71,3,4,0,1,50.0
78,63,77,3,4,1,1,50.0
78,62,74,3,4,2,1,50.0
78,61,68,3,4,2,1,50.0
78,60,32,3,4,4,1,50.0
78,59,59,3,4,3,1,50.0
78,57,35,3,4,3,1,50.0
78,56,53,3,4,3,1,50.0
78,54,50,3,4,4,1,50.0
78,51,44,3,4,4,1,50.0
78,49,29,3,4,4,1,50.0
78,46,26,3,4,4,1,50.0
4,51,35,3,4,4,1,50.0
78,45,19,3,4,4,1,50.0
78,43,77,3,5,1,1,50.0
78,42,71,3,5,0,1,50.0
78,40,74,3,5,0,1,50.0
78,38,68,3,5,1,1,50.0
78,35,53,3,5,3,1,50.0
4,52,26,3,4,3,1,50.0
78,32,59,3,5,3,1,50.0
78,31,65,3,5,3,1,50.0
78,27,31,3,5,3,1,50.0
78,26,56,3,5,3,1,50.0
78,25,62,3,5,2,1,50.0
78,24,8,3,5,3,1,50.0
78,20,47,3,5,2,1,50.0
4,55,47,3,4,5,1,50.0
78,16,28,3,5,3,1,50.0
78,15,44,3,5,3,1,50.0
78,13,50,3,5,3,1,50.0
78,12,25,3,5,3,1,50.0
78,9,41,3,5,3,1,50.0
78,4,38,3,5,5,1,50.0
78,2,22,3,5,5,1,50.0
78,1,35,3,5,5,1,50.0
4,57,42,3,4,3,1,50.0
78,0,19,3,5,5,1,50.0
77,99,53,3,2,6,1,50.0
77,98,1,3,3,3,1,50.0
4,58,68,3,5,0,1,50.0
77,96,41,3,3,4,1,50.0
4,62,77,3,5,1,1,50.0
77,95,38,3,3,5,1,50.0
77,94,35,3,3,5,1,50.0
4,63,74,3,5,2,1,50.0
77,93,50,3,3,5,1,50.0
4,70,71,3,5,1,1,50.0
77,87,71,3,2,6,1,50.0
77,85,10,3,3,5,1,50.0
77,83,14,3,3,5,1,50.0
77,82,77,3,3,5,1,50.0
77,80,53,3,3,5,1,50.0
77,79,7,3,3,5,1,50.0
77,76,74,3,3,2,1,50.0
77,71,71,3,3,0,1,50.0
77,70,68,3,3,1,1,50.0
77,69,47,3,3,2,1,50.0
77,68,65,3,3,4,1,50.0
77,67,62,3,3,3,1,50.0
4,79,35,3,5,5,1,50.0
77,65,4,3,3,3,1,50.0
77,61,56,3,3,1,1,50.0
77,60,59,3,3,5,1,50.0
77,58,77,3,4,1,1,50.0
77,57,74,3,4,0,1,50.0
77,53,68,3,4,0,1,50.0
77,50,71,3,4,2,1,50.0
77,49,65,3,4,1,1,50.0
4,84,32,3,5,5,1,50.0
77,45,62,3,4,4,1,50.0
77,44,48,3,4,5,1,50.0
77,43,59,3,4,4,1,50.0
77,42,45,3,4,3,1,50.0
77,39,56,3,4,4,1,50.0
77,38,13,3,4,3,1,50.0
77,31,10,3,4,3,1,50.0
77,29,41,3,4,0,1,50.0
77,25,53,3,4,2,1,50.0
77,24,5,3,4,3,1,50.0
77,22,38,3,4,4,1,50.0
77,21,35,3,4,4,1,50.0
77,19,2,3,4,3,1,50.0
77,18,71,3,5,0,1,50.0
77,15,74,3,5,0,1,50.0
77,13,77,3,5,1,1,50.0
77,11,68,3,5,2,1,50.0
77,9,53,3,5,3,1,50.0
4,86,44,3,5,5,1,50.0
77,6,56,3,5,4,1,50.0
77,5,65,3,5,2,1,50.0
77,2,44,3,5,5,1,50.0
77,1,62,3,5,5,1,50.0
4,87,65,3,5,5,1,50.0
77,0,48,3,5,5,1,50.0
76,98,31,3,4,4,1,50.0
76,95,8,3,4,5,1,50.0
76,87,74,3,3,6,1,50.0
76,86,68,3,3,6,1,50.0
76,82,71,3,2,5,1,50.0
76,80,77,3,2,6,1,50.0
76,79,71,3,3,6,1,50.0
76,69,77,3,3,2,1,50.0
76,65,77,3,4,0,1,50.0
76,63,71,3,4,2,1,50.0
76,62,68,3,4,2,1,50.0
76,59,74,3,4,2,1,50.0
76,54,28,3,4,5,1,50.0
76,52,5,3,4,5,1,50.0
76,51,2,3,4,4,1,50.0
76,47,77,3,5,0,1,50.0
76,42,74,3,5,1,1,50.0
76,40,71,3,5,0,1,50.0
76,38,68,3,5,2,1,50.0
76,36,28,3,5,0,1,50.0
76,35,48,3,5,4,1,50.0
76,32,45,3,5,3,1,50.0
76,31,25,3,5,3,1,50.0
76,30,42,3,5,6,1,50.0
76,27,22,3,5,3,1,50.0
76,25,39,3,5,2,1,50.0
76,21,32,3,5,4,1,50.0
76,20,36,3,5,2,1,50.0
76,19,19,3,5,5,1,50.0
76,12,77,3,6,1,1,50.0
76,11,71,3,6,0,1,50.0
76,10,74,3,6,0,1,50.0
76,9,68,3,6,1,1,50.0
76,4,62,3,6,5,1,50.0
75,98,59,3,4,5,1,50.0
75,96,53,3,4,5,1,50.0
75,93,47,3,5,5,1,50.0
75,90,68,3,1,6,1,50.0
75,88,71,3,2,6,1,50.0
75,87,68,3,2,6,1,50.0
4,91,41,3,5,5,1,50.0
75,84,74,3,2,6,1,50.0
75,83,74,3,3,6,1,50.0
75,78,77,3,2,6,1,50.0
75,77,77,3,3,6,1,50.0
75,74,71,3,3,0,1,50.0
75,70,68,3,3,2,1,50.0
75,69,71,3,4,1,1,50.0
75,65,74,3,4,0,1,50.0
75,64,68,3,4,0,1,50.0
75,61,77,3,4,0,1,50.0
75,57,68,3,5,0,1,50.0
75,53,74,3,5,1,1,50.0
75,50,77,3,5,0,1,50.0
75,46,71,3,5,1,1,50.0
75,45,65,3,5,4,1,50.0
75,41,59,3,5,3,1,50.0
75,38,30,3,5,2,1,50.0
75,36,62,3,5,5,1,50.0
75,27,27,3,5,3,1,50.0
75,26,53,3,5,3,1,50.0
75,20,39,3,5,2,1,50.0
4,93,29,3,5,5,1,50.0
75,18,36,3,5,0,1,50.0
75,15,56,3,5,4,1,50.0
75,13,33,3,5,3,1,50.0
75,11,50,3,5,4,1,50.0
75,9,19,3,5,3,1,50.0
75,8,44,3,5,2,1,50.0
75,7,22,3,5,5,1,50.0
75,5,77,3,6,1,1,50.0
75,3,22,3,6,5,1,50.0
4,94,25,3,5,5,1,50.0
75,1,59,3,6,5,1,50.0
74,98,56,3,4,5,1,50.0
4,96,22,3,5,4,1,50.0
74,96,59,3,4,5,1,50.0
74,92,68,3,1,6,1,50.0
74,91,53,3,4,6,1,50.0
74,88,68,3,3,6,1,50.0
74,87,62,3,5,5,1,50.0
74,84,71,3,1,6,1,50.0
74,83,71,3,3,6,1,50.0
74,79,74,3,1,6,1,50.0
74,77,74,3,2,6,1,50.0
74,76,65,3,5,6,1,50.0
74,70,77,3,0,2,1,50.0
74,69,77,3,1,3,1,50.0
74,63,77,3,2,2,1,50.0
74,62,77,3,3,2,1,50.0
74,61,74,3,3,2,1,50.0
74,58,74,3,4,1,1,50.0
74,49,77,3,4,0,1,50.0
74,48,71,3,4,1,1,50.0
74,36,68,3,4,1,1,50.0
74,35,71,3,5,0,1,50.0
74,32,77,3,5,1,1,50.0
74,28,74,3,5,0,1,50.0
74,25,68,3,5,1,1,50.0
74,24,59,3,5,4,1,50.0
74,22,56,3,5,3,1,50.0
74,21,53,3,5,4,1,50.0
74,20,33,3,5,2,1,50.0
74,18,30,3,5,3,1,50.0
74,17,27,3,5,4,1,50.0
74,15,38,3,5,3,1,50.0
74,9,50,3,5,3,1,50.0
74,8,47,3,5,5,1,50.0
4,98,47,3,5,4,1,50.0
74,5,24,3,5,3,1,50.0
74,4,19,3,5,5,1,50.0
74,0,10,3,5,5,1,50.0
73,99,59,3,3,6,1,50.0
73,98,53,3,3,5,1,50.0
73,96,32,3,4,4,1,50.0
73,94,68,3,2,6,1,50.0
73,91,29,3,4,5,1,50.0
73,87,59,3,4,5,1,50.0
4,99,50,3,5,5,1,50.0
73,86,74,3,1,6,1,50.0
73,82,74,3,2,5,1,50.0
73,78,71,3,2,6,1,50.0
73,77,71,3,3,6,1,50.0
73,69,77,3,2,4,1,50.0
73,67,77,3,3,1,1,50.0
5,0,71,3,1,3,1,50.0
73,59,68,3,3,1,1,50.0
73,57,74,3,3,2,1,50.0
73,56,71,3,4,1,1,50.0
73,54,77,3,4,1,1,50.0
73,53,68,3,4,1,1,50.0
73,51,74,3,4,1,1,50.0
73,49,65,3,4,4,1,50.0
73,46,50,3,4,4,1,50.0
73,45,56,3,4,4,1,50.0
73,43,53,3,4,4,1,50.0
73,37,44,3,4,4,1,50.0
73,30,62,3,4,6,1,50.0
73,26,25,3,4,3,1,50.0
73,25,35,3,4,2,1,50.0
73,22,22,3,4,4,1,50.0
73,19,19,3,4,6,1,50.0
73,17,77,3,5,0,1,50.0
73,16,68,3,5,2,1,50.0
73,15,74,3,5,2,1,50.0
73,13,71,3,5,2,1,50.0
73,12,65,3,5,4,1,50.0
73,10,62,3,5,5,1,50.0
73,9,32,3,5,3,1,50.0
73,5,53,3,5,2,1,50.0
73,4,59,3,5,5,1,50.0
5,1,68,3,1,6,1,50.0
73,0,35,3,5,5,1,50.0
72,98,44,3,5,4,1,50.0
72,96,38,3,5,4,1,50.0
72,94,32,3,5,5,1,50.0
72,93,41,3,5,5,1,50.0
5,2,74,3,2,6,1,50.0
72,92,47,3,5,5,1,50.0
72,90,74,3,0,6,1,50.0
72,82,68,3,0,5,1,50.0
72,79,68,3,1,6,1,50.0
5,3,77,3,2,6,1,50.0
72,76,53,3,5,6,1,50.0
72,74,71,3,0,6,1,50.0
5,4,71,3,2,6,1,50.0
5,9,68,3,2,2,1,50.0
72,73,77,3,1,6,1,50.0
72,64,74,3,1,1,1,50.0
72,58,71,3,1,2,1,50.0
72,57,77,3,2,2,1,50.0
72,55,68,3,2,0,1,50.0
72,52,74,3,2,1,1,50.0
72,49,71,3,2,0,1,50.0
72,48,74,3,3,0,1,50.0
72,46,68,3,3,0,1,50.0
72,45,77,3,3,1,1,50.0
72,43,71,3,3,1,1,50.0
72,41,77,3,4,0,1,50.0
72,39,74,3,4,0,1,50.0
72,38,71,3,4,0,1,50.0
72,37,68,3,4,0,1,50.0
72,36,77,3,5,0,1,50.0
5,10,77,3,3,0,1,50.0
72,34,74,3,5,1,1,50.0
72,32,71,3,5,1,1,50.0
72,26,68,3,5,0,1,50.0
72,25,22,3,5,2,1,50.0
72,24,62,3,5,4,1,50.0
72,23,29,3,5,6,1,50.0
72,20,19,3,5,2,1,50.0
72,16,25,3,5,3,1,50.0
72,15,77,3,6,1,1,50.0
72,13,74,3,6,1,1,50.0
72,12,68,3,6,1,1,50.0
72,3,19,3,6,5,1,50.0
72,1,56,3,6,5,1,50.0
71,95,56,3,2,6,1,50.0
71,94,53,3,2,6,1,50.0
71,90,65,3,6,6,1,50.0
71,82,74,3,0,6,1,50.0
71,69,68,3,1,1,1,50.0
5,11,74,3,3,1,1,50.0
71,67,74,3,1,1,1,50.0
71,65,77,3,1,1,1,50.0
71,58,71,3,1,3,1,50.0
71,57,71,3,3,2,1,50.0
71,56,77,3,3,2,1,50.0
71,52,74,3,3,2,1,50.0
71,47,68,3,3,1,1,50.0
5,12,71,3,3,2,1,50.0
71,29,68,3,4,0,1,50.0
71,18,77,3,4,1,1,50.0
5,13,68,3,3,3,1,50.0
5,15,62,3,3,3,1,50.0
5,16,65,3,3,3,1,50.0
71,17,74,3,4,2,1,50.0
71,16,71,3,4,3,1,50.0
71,11,77,3,5,0,1,50.0
71,9,71,3,5,1,1,50.0
71,7,74,3,5,0,1,50.0
71,0,68,3,5,4,1,50.0
70,98,65,3,1,4,1,50.0
70,96,5,3,1,4,1,50.0
70,95,65,3,3,6,1,50.0
70,94,62,3,3,6,1,50.0
70,93,56,3,3,6,1,50.0
70,92,44,3,4,5,1,50.0
70,88,56,3,4,5,1,50.0
5,18,21,3,3,3,1,50.0
70,87,53,3,4,5,1,50.0
70,84,68,3,3,6,1,50.0
70,83,35,3,4,5,1,50.0
70,82,71,3,2,6,1,50.0
70,80,74,3,1,6,1,50.0
70,77,59,3,4,5,1,50.0
70,73,74,3,2,6,1,50.0
70,72,71,3,3,6,1,50.0
70,69,74,3,3,3,1,50.0
5,19,59,3,3,4,1,50.0
70,65,77,3,3,2,1,50.0
70,64,77,3,4,1,1,50.0
70,63,68,3,4,2,1,50.0
70,62,71,3,4,2,1,50.0
70,61,74,3,4,3,1,50.0
70,59,62,3,4,3,1,50.0
70,58,65,3,4,4,1,50.0
5,20,53,3,3,2,1,50.0
70,57,50,3,4,4,1,50.0
70,56,41,3,4,4,1,50.0
70,51,32,3,4,4,1,50.0
70,49,47,3,4,4,1,50.0
70,48,19,3,4,3,1,50.0
70,44,29,3,4,5,1,50.0
5,21,56,3,3,4,1,50.0
70,41,26,3,4,4,1,50.0
70,39,23,3,4,4,1,50.0
70,38,8,3,4,3,1,50.0
70,36,16,3,4,5,1,50.0
70,34,5,3,4,4,1,50.0
70,32,2,3,4,4,1,50.0
70,31,74,3,5,0,1,50.0
70,29,38,3,5,0,1,50.0
70,25,77,3,5,1,1,50.0
70,24,71,3,5,1,1,50.0
70,19,68,3,5,1,1,50.0
70,15,53,3,5,3,1,50.0
70,13,47,3,5,3,1,50.0
70,12,62,3,5,4,1,50.0
70,11,65,3,5,3,1,50.0
70,10,59,3,5,5,1,50.0
70,9,25,3,5,3,1,50.0
70,7,50,3,5,4,1,50.0
70,3,16,3,5,5,1,50.0
70,2,29,3,5,5,1,50.0
70,1,32,3,5,5,1,50.0
70,0,22,3,5,5,1,50.0
69,98,41,3,2,4,1,50.0
69,97,50,3,2,6,1,50.0
69,93,44,3,2,5,1,50.0
69,92,38,3,2,6,1,50.0
69,91,32,3,3,5,1,50.0
69,89,35,3,3,5,1,50.0
69,88,50,3,3,5,1,50.0
69,87,56,3,3,5,1,50.0
69,85,71,3,3,6,1,50.0
69,84,19,3,3,5,1,50.0
69,79,25,3,3,5,1,50.0
69,78,68,3,3,6,1,50.0
69,77,41,3,3,5,1,50.0
69,75,65,3,3,6,1,50.0
69,74,44,3,3,5,1,50.0
69,70,62,3,3,6,1,50.0
69,68,53,3,3,3,1,50.0
69,66,59,3,3,5,1,50.0
69,64,47,3,3,5,1,50.0
69,63,38,3,3,3,1,50.0
69,62,74,3,4,3,1,50.0
5,22,18,3,3,4,1,50.0
69,61,71,3,4,2,1,50.0
5,24,4,3,3,4,1,50.0
69,59,68,3,4,2,1,50.0
69,56,62,3,4,3,1,50.0
69,53,56,3,4,3,1,50.0
69,50,48,3,4,3,1,50.0
69,49,53,3,4,4,1,50.0
69,48,39,3,4,3,1,50.0
69,45,59,3,4,4,1,50.0
69,43,35,3,4,4,1,50.0
69,41,65,3,4,3,1,50.0
69,39,30,3,4,3,1,50.0
69,38,19,3,4,2,1,50.0
69,36,27,3,4,5,1,50.0
69,32,42,3,4,3,1,50.0
69,29,45,3,4,6,1,50.0
69,26,22,3,4,3,1,50.0
69,25,2,3,4,3,1,50.0
69,24,13,3,4,4,1,50.0
69,18,10,3,4,4,1,50.0
69,17,7,3,4,6,1,50.0
69,16,77,3,5,2,1,50.0
69,15,71,3,5,2,1,50.0
69,14,74,3,5,0,1,50.0
5,25,74,3,4,1,1,50.0
69,13,41,3,5,3,1,50.0
69,8,68,3,5,0,1,50.0
69,6,65,3,5,5,1,50.0
69,4,56,3,5,5,1,50.0
69,3,13,3,5,5,1,50.0
69,2,26,3,5,5,1,50.0
5,26,77,3,4,0,1,50.0
69,1,53,3,5,5,1,50.0
69,0,32,3,5,5,1,50.0
68,99,47,3,3,5,1,50.0
68,98,38,3,3,4,1,50.0
68,96,50,3,3,5,1,50.0
68,95,41,3,3,5,1,50.0
68,94,44,3,3,6,1,50.0
5,27,71,3,4,1,1,50.0
68,92,35,3,3,5,1,50.0
68,89,74,3,1,6,1,50.0
68,88,47,3,4,5,1,50.0
68,86,41,3,4,5,1,50.0
68,85,68,3,1,6,1,50.0
68,84,35,3,4,5,1,50.0
68,83,68,3,2,6,1,50.0
68,82,77,3,1,6,1,50.0
68,78,74,3,2,6,1,50.0
68,77,68,3,3,6,1,50.0
68,76,59,3,4,6,1,50.0
68,75,71,3,1,6,1,50.0
68,73,71,3,2,6,1,50.0
68,69,77,3,2,6,1,50.0
68,67,71,3,3,1,1,50.0
68,65,74,3,3,1,1,50.0
68,64,77,3,3,2,1,50.0
68,59,77,3,4,2,1,50.0
68,58,68,3,4,1,1,50.0
68,56,74,3,4,2,1,50.0
68,54,71,3,4,1,1,50.0
5,31,68,3,4,0,1,50.0
68,50,44,3,4,3,1,50.0
68,48,56,3,4,3,1,50.0
68,46,38,3,4,4,1,50.0
68,43,50,3,4,4,1,50.0
68,41,53,3,4,3,1,50.0
68,39,19,3,4,3,1,50.0
68,38,29,3,4,3,1,50.0
68,34,26,3,4,4,1,50.0
68,32,23,3,4,3,1,50.0
68,31,62,3,4,4,1,50.0
68,29,35,3,5,0,1,50.0
68,26,77,3,5,1,1,50.0
68,25,71,3,5,1,1,50.0
68,24,74,3,5,1,1,50.0
68,22,68,3,5,1,1,50.0
68,21,65,3,5,4,1,50.0
68,20,62,3,5,2,1,50.0
68,19,47,3,5,3,1,50.0
68,18,18,3,5,3,1,50.0
5,33,77,3,5,1,1,50.0
68,16,56,3,5,3,1,50.0
68,15,41,3,5,3,1,50.0
68,12,59,3,5,4,1,50.0
68,9,53,3,5,4,1,50.0
68,6,50,3,5,5,1,50.0
68,5,44,3,5,4,1,50.0
68,4,15,3,5,5,1,50.0
68,3,10,3,5,5,1,50.0
68,2,1,3,5,5,1,50.0
68,1,38,3,5,5,1,50.0
67,98,59,3,3,6,1,50.0
67,93,38,3,4,5,1,50.0
5,34,56,3,4,4,1,50.0
67,88,44,3,4,5,1,50.0
67,87,50,3,4,5,1,50.0
67,86,35,3,4,5,1,50.0
67,85,74,3,2,6,1,50.0
67,84,29,3,4,5,1,50.0
67,83,32,3,4,5,1,50.0
67,82,68,3,1,6,1,50.0
67,81,68,3,2,6,1,50.0
67,80,71,3,2,6,1,50.0
5,35,65,3,4,4,1,50.0
67,77,16,3,4,5,1,50.0
67,75,74,3,3,6,1,50.0
67,70,77,3,2,6,1,50.0
67,69,71,3,3,6,1,50.0
67,68,77,3,3,6,1,50.0
67,66,68,3,3,1,1,50.0
67,64,71,3,4,1,1,50.0
67,63,59,3,4,2,1,50.0
67,62,77,3,4,3,1,50.0
5,37,50,3,4,4,1,50.0
67,61,68,3,4,3,1,50.0
67,57,74,3,4,3,1,50.0
67,56,65,3,4,4,1,50.0
67,55,62,3,4,4,1,50.0
67,54,56,3,4,4,1,50.0
67,53,47,3,4,3,1,50.0
67,50,41,3,4,3,1,50.0
67,49,19,3,4,4,1,50.0
5,39,62,3,4,4,1,50.0
67,47,13,3,4,3,1,50.0
5,40,39,3,4,4,1,50.0
67,46,53,3,4,5,1,50.0
67,45,7,3,4,4,1,50.0
67,43,4,3,4,5,1,50.0
67,41,1,3,4,4,1,50.0
67,39,77,3,5,1,1,50.0
5,41,59,3,4,4,1,50.0
67,38,74,3,5,1,1,50.0
67,35,71,3,5,1,1,50.0
67,34,68,3,5,1,1,50.0
5,42,53,3,4,4,1,50.0
67,31,59,3,5,3,1,50.0
67,23,65,3,5,6,1,50.0
67,21,62,3,5,4,1,50.0
67,19,44,3,5,3,1,50.0
5,43,47,3,4,4,1,50.0
67,16,53,3,5,3,1,50.0
67,15,35,3,5,3,1,50.0
67,11,56,3,5,3,1,50.0
5,44,36,3,4,5,1,50.0
67,10,50,3,5,6,1,50.0
67,9,47,3,5,4,1,50.0
67,8,41,3,5,5,1,50.0
67,7,38,3,5,5,1,50.0
67,6,32,3,5,5,1,50.0
67,0,29,3,5,5,1,50.0
66,99,22,3,4,5,1,50.0
66,95,32,3,5,5,1,50.0
66,94,22,3,5,5,1,50.0
66,89,71,3,1,6,1,50.0
66,87,47,3,5,5,1,50.0
66,84,16,3,5,5,1,50.0
66,83,38,3,5,5,1,50.0
66,82,1,3,5,4,1,50.0
66,79,29,3,5,5,1,50.0
66,75,68,3,2,6,1,50.0
66,73,68,3,3,6,1,50.0
66,67,77,3,1,6,1,50.0
66,63,77,3,2,3,1,50.0
66,62,71,3,2,3,1,50.0
66,61,74,3,2,4,1,50.0
66,60,77,3,3,1,1,50.0
66,59,71,3,3,2,1,50.0
66,52,74,3,3,3,1,50.0
66,50,74,3,4,0,1,50.0
66,49,77,3,4,1,1,50.0
66,48,68,3,4,1,1,50.0
5,45,33,3,4,4,1,50.0
66,47,71,3,4,0,1,50.0
66,45,74,3,5,1,1,50.0
66,43,68,3,5,1,1,50.0
66,42,77,3,5,0,1,50.0
66,40,71,3,5,1,1,50.0
66,38,19,3,5,3,1,50.0
66,36,65,3,5,5,1,50.0
66,34,53,3,5,4,1,50.0
66,27,62,3,5,4,1,50.0
66,26,50,3,5,3,1,50.0
66,20,56,3,5,3,1,50.0
66,19,11,3,5,3,1,50.0
66,17,44,3,5,5,1,50.0
66,15,41,3,5,4,1,50.0
66,13,26,3,5,3,1,50.0
5,47,16,3,4,3,1,50.0
5,48,30,3,4,4,1,50.0
66,11,35,3,5,4,1,50.0
66,10,68,3,6,0,1,50.0
66,9,4,3,5,4,1,50.0
66,0,74,3,6,3,1,50.0
65,98,35,3,3,4,1,50.0
65,97,7,3,3,5,1,50.0
65,93,65,3,3,6,1,50.0
65,89,68,3,3,6,1,50.0
65,86,38,3,3,5,1,50.0
65,85,53,3,3,6,1,50.0
65,84,41,3,3,6,1,50.0
65,83,19,3,4,5,1,50.0
65,82,65,3,4,5,1,50.0
65,81,74,3,2,6,1,50.0
65,80,50,3,4,5,1,50.0
65,79,16,3,4,5,1,50.0
65,78,13,3,4,5,1,50.0
5,49,26,3,4,4,1,50.0
5,50,23,3,4,4,1,50.0
65,77,38,3,4,5,1,50.0
65,70,74,3,3,6,1,50.0
65,67,71,3,3,6,1,50.0
65,62,77,3,3,4,1,50.0
65,61,77,3,4,1,1,50.0
65,60,8,3,4,0,1,50.0
65,59,74,3,4,3,1,50.0
65,58,68,3,4,2,1,50.0
65,57,71,3,4,3,1,50.0
65,52,31,3,4,3,1,50.0
5,51,20,3,4,4,1,50.0
65,51,53,3,4,4,1,50.0
65,50,35,3,4,3,1,50.0
65,47,5,3,4,3,1,50.0
65,46,47,3,4,4,1,50.0
5,52,13,3,4,5,1,50.0
65,45,44,3,4,4,1,50.0
65,43,41,3,4,4,1,50.0
65,42,62,3,4,4,1,50.0
65,41,56,3,4,3,1,50.0
65,40,59,3,4,5,1,50.0
65,39,2,3,4,4,1,50.0
65,38,25,3,4,4,1,50.0
65,37,74,3,5,0,1,50.0
65,36,77,3,5,1,1,50.0
65,34,71,3,5,2,1,50.0
65,32,68,3,5,1,1,50.0
65,31,56,3,5,3,1,50.0
65,28,65,3,5,5,1,50.0
65,27,19,3,5,3,1,50.0
65,26,59,3,5,3,1,50.0
65,25,50,3,5,2,1,50.0
65,24,53,3,5,4,1,50.0
65,22,62,3,5,3,1,50.0
65,21,47,3,5,4,1,50.0
5,54,10,3,4,5,1,50.0
65,20,30,3,5,2,1,50.0
65,19,5,3,5,3,1,50.0
65,18,44,3,5,4,1,50.0
65,17,41,3,5,5,1,50.0
65,16,22,3,5,3,1,50.0
65,13,38,3,5,3,1,50.0
65,12,35,3,5,4,1,50.0
65,11,27,3,5,4,1,50.0
65,7,13,3,5,5,1,50.0
65,6,10,3,5,5,1,50.0
65,5,2,3,5,4,1,50.0
65,3,16,3,5,6,1,50.0
65,2,19,3,6,5,1,50.0
65,1,29,3,6,5,1,50.0
64,98,28,3,5,4,1,50.0
64,97,16,3,5,5,1,50.0
64,96,13,3,5,4,1,50.0
64,93,35,3,5,5,1,50.0
64,89,25,3,5,5,1,50.0
64,87,44,3,5,5,1,50.0
64,83,10,3,5,5,1,50.0
64,82,56,3,5,5,1,50.0
64,80,68,3,1,6,1,50.0
64,77,32,3,5,5,1,50.0
64,63,74,3,2,3,1,50.0
64,60,71,3,2,1,1,50.0
64,59,68,3,2,3,1,50.0
64,58,77,3,3,2,1,50.0
64,57,68,3,3,2,1,50.0
5,56,7,3,4,4,1,50.0
64,53,71,3,3,1,1,50.0
64,52,74,3,3,4,1,50.0
64,51,77,3,4,0,1,50.0
5,57,68,3,5,3,1,50.0
64,49,74,3,4,0,1,50.0
64,46,68,3,4,1,1,50.0
64,42,71,3,4,1,1,50.0
64,37,77,3,5,1,1,50.0
64,32,74,3,5,2,1,50.0
64,29,71,3,5,1,1,50.0
64,24,68,3,5,1,1,50.0
64,21,50,3,5,4,1,50.0
64,20,41,3,5,3,1,50.0
64,19,38,3,5,4,1,50.0
64,12,22,3,5,4,1,50.0
64,11,4,3,5,4,1,50.0
64,10,7,3,5,6,1,50.0
64,1,26,3,6,5,1,50.0
64,0,77,3,6,4,1,50.0
63,99,35,3,3,5,1,50.0
63,98,53,3,2,6,1,50.0
63,96,29,3,3,4,1,50.0
63,95,19,3,3,5,1,50.0
63,94,16,3,3,5,1,50.0
63,93,32,3,3,5,1,50.0
63,90,62,3,3,6,1,50.0
63,88,22,3,3,5,1,50.0
63,87,8,3,3,5,1,50.0
5,58,74,3,5,2,1,50.0
63,84,5,3,3,5,1,50.0
63,81,65,3,3,6,1,50.0
5,59,71,3,5,3,1,50.0
63,80,2,3,3,5,1,50.0
63,79,59,3,3,6,1,50.0
63,77,56,3,3,6,1,50.0
63,74,68,3,3,6,1,50.0
63,73,53,3,3,6,1,50.0
63,69,62,3,4,5,1,50.0
63,68,71,3,3,6,1,50.0
63,67,26,3,4,5,1,50.0
5,62,62,3,5,3,1,50.0
5,63,65,3,5,4,1,50.0
63,66,77,3,4,6,1,50.0
5,64,59,3,5,6,1,50.0
63,65,74,3,4,6,1,50.0
63,62,68,3,4,3,1,50.0
63,61,71,3,4,3,1,50.0
63,58,35,3,4,3,1,50.0
5,66,56,3,5,6,1,50.0
63,56,59,3,4,3,1,50.0
63,54,53,3,4,4,1,50.0
63,53,50,3,4,3,1,50.0
63,52,23,3,4,3,1,50.0
63,50,38,3,4,3,1,50.0
63,49,56,3,4,4,1,50.0
5,68,32,3,5,5,1,50.0
63,48,47,3,4,4,1,50.0
63,47,10,3,4,3,1,50.0
63,46,41,3,4,4,1,50.0
63,45,30,3,4,4,1,50.0
5,69,50,3,5,5,1,50.0
63,44,44,3,4,6,1,50.0
63,42,20,3,4,4,1,50.0
63,41,7,3,4,4,1,50.0
63,40,16,3,4,5,1,50.0
63,39,13,3,4,5,1,50.0
63,36,4,3,4,5,1,50.0
63,35,1,3,4,5,1,50.0
63,34,77,3,5,1,1,50.0
63,32,71,3,5,2,1,50.0
63,31,74,3,5,1,1,50.0
63,30,68,3,5,0,1,50.0
5,70,44,3,5,5,1,50.0
63,28,62,3,5,5,1,50.0
63,26,47,3,5,3,1,50.0
63,25,44,3,5,2,1,50.0
63,24,65,3,5,4,1,50.0
5,71,53,3,5,6,1,50.0
63,23,59,3,5,6,1,50.0
63,22,53,3,5,3,1,50.0
63,21,41,3,5,4,1,50.0
63,20,27,3,5,2,1,50.0
63,19,56,3,5,4,1,50.0
63,15,50,3,5,4,1,50.0
63,13,30,3,5,3,1,50.0
63,10,38,3,5,6,1,50.0
63,9,35,3,5,4,1,50.0
63,8,24,3,5,5,1,50.0
5,73,47,3,5,5,1,50.0
63,6,21,3,5,5,1,50.0
5,74,16,3,5,5,1,50.0
63,5,13,3,5,5,1,50.0
63,4,10,3,5,5,1,50.0
63,2,16,3,5,5,1,50.0
63,1,7,3,5,5,1,50.0
62,99,41,3,3,5,1,50.0
62,96,56,3,3,5,1,50.0
62,95,53,3,3,6,1,50.0
5,76,41,3,5,6,1,50.0
62,94,59,3,3,6,1,50.0
62,88,38,3,3,5,1,50.0
62,86,32,3,3,5,1,50.0
62,84,22,3,3,5,1,50.0
62,82,47,3,3,5,1,50.0
62,78,44,3,3,6,1,50.0
62,77,35,3,3,5,1,50.0
62,74,29,3,3,6,1,50.0
62,71,74,3,4,6,1,50.0
62,70,19,3,3,5,1,50.0
62,69,59,3,4,5,1,50.0
62,67,23,3,4,5,1,50.0
5,77,29,3,5,5,1,50.0
62,66,71,3,4,6,1,50.0
62,65,68,3,4,6,1,50.0
62,63,4,3,4,5,1,50.0
62,59,53,3,4,3,1,50.0
62,58,56,3,4,4,1,50.0
62,57,65,3,4,3,1,50.0
62,56,50,3,4,3,1,50.0
62,55,20,3,4,4,1,50.0
62,49,62,3,4,4,1,50.0
5,78,5,3,5,5,1,50.0
62,48,44,3,4,4,1,50.0
62,47,47,3,4,4,1,50.0
62,46,35,3,4,4,1,50.0
62,44,32,3,4,5,1,50.0
62,42,17,3,4,4,1,50.0
62,41,10,3,4,4,1,50.0
62,40,41,3,4,5,1,50.0
62,38,1,3,4,3,1,50.0
62,34,38,3,4,4,1,50.0
62,32,29,3,4,3,1,50.0
62,30,26,3,4,6,1,50.0
62,29,14,3,4,6,1,50.0
62,28,71,3,5,0,1,50.0
62,27,7,3,4,6,1,50.0
62,25,77,3,5,2,1,50.0
62,23,74,3,5,1,1,50.0
62,22,68,3,5,2,1,50.0
62,19,65,3,5,4,1,50.0
62,18,62,3,5,4,1,50.0
62,17,59,3,5,4,1,50.0
62,16,19,3,5,3,1,50.0
62,11,53,3,5,3,1,50.0
62,9,56,3,5,4,1,50.0
62,8,50,3,5,5,1,50.0
5,79,22,3,5,5,1,50.0
62,7,42,3,5,4,1,50.0
5,82,38,3,5,5,1,50.0
62,6,47,3,5,5,1,50.0
62,5,35,3,5,5,1,50.0
62,4,7,3,5,5,1,50.0
61,98,14,3,4,4,1,50.0
61,96,10,3,4,4,1,50.0
61,89,7,3,4,5,1,50.0
61,88,41,3,4,5,1,50.0
61,87,35,3,4,5,1,50.0
61,86,1,3,4,5,1,50.0
61,82,59,3,4,5,1,50.0
61,79,65,3,4,6,1,50.0
61,74,77,3,2,6,1,50.0
61,73,56,3,4,5,1,50.0
61,72,53,3,4,6,1,50.0
61,70,71,3,4,6,1,50.0
61,67,68,3,4,6,1,50.0
61,65,77,3,3,6,1,50.0
61,60,77,3,4,2,1,50.0
61,59,47,3,4,3,1,50.0
61,58,44,3,4,4,1,50.0
61,57,77,3,5,3,1,50.0
61,51,71,3,5,1,1,50.0
61,50,74,3,5,1,1,50.0
61,46,68,3,5,2,1,50.0
61,45,53,3,5,4,1,50.0
5,83,26,3,5,5,1,50.0
61,44,22,3,5,5,1,50.0
61,41,65,3,5,4,1,50.0
5,84,10,3,5,5,1,50.0
61,39,59,3,5,4,1,50.0
5,86,19,3,5,5,1,50.0
61,36,56,3,5,5,1,50.0
61,34,45,3,5,4,1,50.0
61,26,42,3,5,3,1,50.0
61,22,62,3,5,4,1,50.0
61,21,38,3,5,4,1,50.0
61,19,50,3,5,4,1,50.0
61,18,35,3,5,4,1,50.0
61,16,32,3,5,4,1,50.0
61,15,29,3,5,4,1,50.0
61,12,19,3,5,4,1,50.0
5,87,2,3,5,5,1,50.0
5,88,35,3,6,5,1,50.0
5,89,29,3,6,5,1,50.0
61,9,13,3,5,4,1,50.0
61,3,7,3,5,5,1,50.0
5,95,25,3,6,5,1,50.0
61,0,1,3,5,5,1,50.0
60,99,2,3,0,5,1,50.0
60,97,19,3,4,5,1,50.0
60,93,26,3,4,5,1,50.0
60,92,41,3,4,5,1,50.0
60,91,23,3,4,5,1,50.0
60,89,16,3,4,5,1,50.0
60,88,29,3,4,5,1,50.0
60,87,38,3,4,5,1,50.0
60,86,13,3,4,5,1,50.0
60,84,2,3,4,5,1,50.0
5,96,16,3,6,4,1,50.0
60,83,7,3,4,5,1,50.0
60,82,10,3,4,5,1,50.0
60,81,48,3,4,6,1,50.0
60,80,47,3,5,5,1,50.0
60,77,26,3,5,5,1,50.0
60,74,74,3,1,6,1,50.0
5,98,22,3,6,4,1,50.0
60,73,50,3,5,5,1,50.0
5,99,19,3,6,5,1,50.0
60,70,68,3,3,6,1,50.0
60,69,74,3,2,6,1,50.0
60,67,74,3,3,6,1,50.0
6,0,74,3,0,4,1,50.0
60,63,71,3,2,6,1,50.0
60,58,77,3,3,3,1,50.0
60,56,71,3,3,2,1,50.0
6,9,71,3,0,2,1,50.0
60,54,74,3,4,1,1,50.0
60,50,77,3,4,1,1,50.0
60,48,71,3,4,2,1,50.0
60,47,68,3,4,2,1,50.0
60,46,74,3,5,0,1,50.0
60,45,71,3,5,1,1,50.0
60,42,77,3,5,1,1,50.0
60,40,68,3,5,0,1,50.0
60,39,65,3,5,3,1,50.0
60,38,22,3,5,3,1,50.0
60,37,56,3,5,4,1,50.0
60,32,39,3,5,3,1,50.0
60,31,19,3,5,3,1,50.0
60,29,62,3,5,5,1,50.0
60,27,53,3,5,4,1,50.0
6,11,68,3,0,3,1,50.0
60,26,36,3,5,3,1,50.0
60,25,44,3,5,3,1,50.0
60,22,33,3,5,4,1,50.0
60,21,29,3,5,4,1,50.0
60,19,14,3,5,4,1,50.0
60,17,11,3,5,5,1,50.0
60,16,8,3,5,4,1,50.0
60,12,5,3,5,4,1,50.0
60,10,1,3,5,6,1,50.0
60,9,77,3,6,1,1,50.0
60,8,74,3,6,0,1,50.0
60,1,23,3,6,5,1,50.0
59,99,25,3,3,5,1,50.0
59,98,19,3,3,4,1,50.0
59,96,2,3,3,4,1,50.0
59,95,16,3,3,5,1,50.0
59,94,13,3,3,5,1,50.0
59,92,32,3,3,5,1,50.0
59,91,10,3,3,5,1,50.0
59,89,50,3,3,6,1,50.0
59,88,7,3,3,5,1,50.0
59,87,41,3,3,5,1,50.0
59,86,44,3,3,6,1,50.0
59,85,38,3,3,6,1,50.0
59,84,35,3,3,6,1,50.0
59,83,29,3,3,5,1,50.0
59,82,62,3,4,5,1,50.0
59,80,44,3,4,5,1,50.0
59,79,13,3,4,5,1,50.0
6,12,77,3,1,2,1,50.0
59,78,16,3,4,5,1,50.0
59,77,23,3,4,5,1,50.0
59,76,56,3,4,6,1,50.0
59,75,53,3,4,6,1,50.0
59,74,7,3,4,5,1,50.0
59,73,41,3,4,5,1,50.0
59,72,59,3,4,6,1,50.0
59,70,35,3,4,5,1,50.0
59,69,47,3,4,5,1,50.0
59,68,29,3,4,5,1,50.0
59,66,65,3,4,6,1,50.0
59,65,71,3,4,6,1,50.0
6,13,74,3,1,2,1,50.0
59,62,77,3,3,6,1,50.0
6,16,71,3,1,4,1,50.0
59,61,10,3,4,5,1,50.0
59,60,68,3,4,6,1,50.0
59,58,74,3,4,3,1,50.0
59,56,77,3,4,3,1,50.0
6,18,74,3,2,1,1,50.0
6,20,77,3,2,1,1,50.0
6,26,68,3,2,1,1,50.0
6,28,71,3,2,1,1,50.0
59,55,4,3,4,4,1,50.0
59,54,50,3,4,5,1,50.0
59,51,38,3,4,4,1,50.0
59,49,32,3,4,4,1,50.0
59,48,26,3,4,4,1,50.0
59,47,20,3,4,4,1,50.0
59,46,1,3,4,5,1,50.0
59,43,74,3,5,1,1,50.0
59,42,68,3,5,1,1,50.0
59,41,77,3,5,1,1,50.0
59,40,71,3,5,2,1,50.0
59,39,65,3,5,4,1,50.0
59,38,5,3,5,3,1,50.0
59,37,47,3,5,4,1,50.0
59,35,62,3,5,4,1,50.0
6,30,74,3,3,0,1,50.0
59,33,74,3,6,1,1,50.0
59,32,50,3,5,3,1,50.0
6,35,77,3,3,1,1,50.0
59,31,22,3,5,3,1,50.0
59,28,59,3,5,5,1,50.0
59,27,56,3,5,4,1,50.0
59,25,19,3,5,2,1,50.0
59,24,44,3,5,4,1,50.0
59,22,53,3,5,4,1,50.0
59,21,26,3,5,4,1,50.0
59,20,38,3,5,3,1,50.0
59,17,31,3,5,4,1,50.0
59,16,35,3,5,4,1,50.0
59,13,16,3,5,3,1,50.0
59,9,41,3,5,4,1,50.0
59,6,13,3,5,5,1,50.0
59,5,10,3,5,6,1,50.0
59,4,1,3,5,5,1,50.0
6,40,68,3,3,1,1,50.0
59,3,4,3,6,5,1,50.0
59,1,16,3,6,5,1,50.0
59,0,71,3,6,4,1,50.0
58,99,16,3,4,5,1,50.0
58,98,11,3,4,4,1,50.0
58,97,4,3,4,5,1,50.0
58,96,47,3,4,5,1,50.0
58,93,23,3,4,5,1,50.0
58,91,26,3,4,5,1,50.0
58,88,32,3,4,5,1,50.0
58,87,29,3,4,5,1,50.0
58,84,59,3,4,6,1,50.0
58,81,53,3,4,6,1,50.0
58,79,1,3,4,5,1,50.0
58,78,50,3,4,6,1,50.0
58,77,8,3,4,5,1,50.0
58,75,41,3,4,6,1,50.0
58,74,38,3,4,6,1,50.0
58,69,68,3,3,6,1,50.0
58,68,74,3,4,6,1,50.0
58,65,35,3,4,6,1,50.0
58,64,71,3,4,6,1,50.0
58,63,77,3,4,6,1,50.0
58,62,68,3,4,6,1,50.0
58,59,20,3,4,6,1,50.0
58,57,62,3,5,3,1,50.0
58,55,77,3,5,0,1,50.0
58,54,68,3,5,1,1,50.0
58,52,71,3,5,1,1,50.0
6,43,71,3,3,2,1,50.0
58,50,74,3,5,2,1,50.0
58,48,53,3,5,3,1,50.0
58,47,65,3,5,4,1,50.0
58,42,48,3,5,3,1,50.0
58,41,56,3,5,4,1,50.0
58,39,45,3,5,4,1,50.0
6,45,68,3,4,1,1,50.0
58,36,59,3,5,5,1,50.0
58,32,36,3,5,3,1,50.0
58,31,7,3,5,3,1,50.0
6,47,77,3,4,1,1,50.0
58,29,42,3,5,6,1,50.0
58,27,39,3,5,4,1,50.0
58,25,33,3,5,3,1,50.0
58,22,30,3,5,4,1,50.0
58,18,27,3,5,4,1,50.0
58,16,24,3,5,4,1,50.0
58,15,21,3,5,4,1,50.0
58,12,16,3,5,4,1,50.0
58,8,13,3,5,5,1,50.0
58,0,10,3,5,6,1,50.0
57,98,39,3,3,5,1,50.0
57,97,59,3,3,6,1,50.0
57,96,56,3,3,6,1,50.0
57,94,10,3,4,5,1,50.0
6,48,74,3,4,1,1,50.0
57,93,16,3,4,5,1,50.0
57,91,13,3,4,5,1,50.0
57,85,7,3,4,5,1,50.0
57,84,65,3,4,6,1,50.0
57,83,4,3,4,5,1,50.0
57,82,53,3,4,5,1,50.0
57,80,41,3,4,5,1,50.0
57,79,62,3,4,6,1,50.0
57,78,1,3,4,5,1,50.0
57,77,59,3,4,6,1,50.0
57,72,47,3,4,6,1,50.0
6,53,71,3,4,2,1,50.0
57,70,56,3,4,5,1,50.0
6,57,77,3,5,4,1,50.0
57,69,38,3,4,5,1,50.0
57,67,35,3,4,6,1,50.0
57,66,32,3,4,6,1,50.0
57,64,74,3,4,6,1,50.0
57,62,25,3,4,5,1,50.0
57,60,71,3,4,6,1,50.0
57,58,68,3,4,6,1,50.0
57,53,22,3,4,5,1,50.0
57,52,77,3,5,1,1,50.0
57,50,68,3,5,1,1,50.0
57,47,74,3,5,1,1,50.0
57,45,71,3,5,2,1,50.0
6,58,4,3,5,5,1,50.0
57,44,26,3,5,5,1,50.0
57,41,62,3,5,4,1,50.0
57,40,65,3,5,5,1,50.0
57,38,59,3,5,4,1,50.0
57,34,35,3,5,4,1,50.0
57,32,32,3,5,3,1,50.0
57,28,50,3,5,5,1,50.0
57,26,39,3,5,3,1,50.0
57,25,47,3,5,2,1,50.0
57,21,44,3,5,4,1,50.0
57,19,53,3,5,4,1,50.0
57,18,56,3,5,4,1,50.0
57,16,29,3,5,4,1,50.0
57,15,5,3,5,4,1,50.0
57,12,13,3,5,4,1,50.0
57,11,23,3,5,4,1,50.0
57,9,16,3,5,5,1,50.0
57,7,10,3,5,5,1,50.0
57,0,2,3,5,6,1,50.0
56,98,4,3,4,4,1,50.0
56,97,13,3,4,5,1,50.0
6,59,68,3,5,6,1,50.0
56,96,62,3,4,5,1,50.0
56,94,1,3,4,5,1,50.0
56,91,20,3,4,5,1,50.0
56,89,10,3,4,5,1,50.0
56,88,26,3,4,5,1,50.0
6,62,39,3,5,5,1,50.0
56,84,56,3,4,6,1,50.0
56,82,50,3,4,5,1,50.0
56,80,23,3,4,5,1,50.0
6,63,74,3,5,6,1,50.0
56,69,44,3,4,5,1,50.0
56,68,68,3,2,6,1,50.0
56,65,59,3,4,6,1,50.0
56,64,68,3,3,6,1,50.0
56,62,74,3,3,6,1,50.0
56,61,71,3,3,6,1,50.0
56,60,53,3,4,6,1,50.0
56,58,77,3,4,6,1,50.0
56,57,74,3,4,6,1,50.0
56,55,71,3,4,2,1,50.0
56,54,68,3,4,2,1,50.0
56,51,17,3,4,4,1,50.0
56,50,33,3,4,5,1,50.0
56,49,30,3,4,5,1,50.0
56,48,77,3,5,1,1,50.0
56,46,74,3,5,1,1,50.0
56,44,71,3,5,0,1,50.0
56,42,68,3,5,2,1,50.0
56,41,53,3,5,4,1,50.0
56,40,62,3,5,5,1,50.0
56,39,50,3,5,4,1,50.0
56,38,65,3,5,4,1,50.0
56,36,31,3,5,5,1,50.0
56,34,23,3,5,4,1,50.0
56,33,71,3,6,1,1,50.0
56,32,26,3,5,3,1,50.0
56,27,59,3,5,4,1,50.0
56,26,19,3,5,3,1,50.0
6,66,62,3,5,6,1,50.0
56,25,56,3,5,3,1,50.0
56,21,16,3,5,4,1,50.0
56,19,47,3,5,4,1,50.0
6,67,7,3,5,5,1,50.0
56,18,41,3,5,4,1,50.0
6,68,26,3,5,5,1,50.0
56,16,44,3,5,4,1,50.0
56,15,38,3,5,4,1,50.0
56,13,10,3,5,3,1,50.0
56,9,35,3,5,5,1,50.0
6,69,29,3,5,5,1,50.0
56,7,7,3,5,5,1,50.0
56,6,13,3,5,6,1,50.0
56,2,4,3,5,5,1,50.0
56,1,1,3,5,6,1,50.0
55,98,8,3,4,4,1,50.0
55,96,17,3,4,5,1,50.0
6,70,59,3,5,6,1,50.0
55,91,1,3,4,5,1,50.0
55,90,59,3,4,6,1,50.0
55,89,56,3,4,6,1,50.0
55,87,11,3,4,5,1,50.0
55,86,53,3,4,6,1,50.0
55,84,13,3,5,5,1,50.0
55,83,1,3,5,5,1,50.0
6,77,53,3,5,6,1,50.0
55,82,44,3,5,5,1,50.0
55,79,10,3,5,5,1,50.0
55,75,62,3,5,6,1,50.0
55,74,4,3,5,5,1,50.0
55,73,38,3,5,5,1,50.0
55,70,41,3,5,5,1,50.0
55,69,35,3,5,5,1,50.0
55,68,23,3,5,5,1,50.0
55,67,20,3,5,5,1,50.0
55,65,65,3,5,6,1,50.0
55,61,77,3,2,6,1,50.0
55,60,59,3,5,6,1,50.0
55,59,77,3,3,6,1,50.0
55,56,74,3,2,6,1,50.0
55,53,68,3,2,2,1,50.0
55,52,71,3,3,3,1,50.0
6,78,56,3,5,6,1,50.0
55,48,74,3,3,2,1,50.0
6,81,44,3,5,6,1,50.0
6,82,41,3,6,5,1,50.0
6,83,65,3,6,6,1,50.0
55,47,68,3,3,3,1,50.0
55,45,77,3,4,2,1,50.0
55,43,74,3,4,2,1,50.0
6,88,16,3,6,5,1,50.0
55,41,68,3,4,0,1,50.0
55,39,71,3,4,1,1,50.0
6,89,22,3,6,5,1,50.0
55,37,74,3,5,1,1,50.0
55,32,77,3,5,2,1,50.0
6,91,7,3,6,5,1,50.0
55,30,71,3,5,0,1,50.0
55,29,68,3,5,1,1,50.0
55,27,50,3,5,4,1,50.0
55,25,53,3,5,3,1,50.0
55,22,56,3,5,4,1,50.0
55,18,32,3,5,4,1,50.0
55,17,17,3,5,4,1,50.0
55,16,29,3,5,5,1,50.0
55,15,26,3,5,4,1,50.0
55,13,7,3,5,4,1,50.0
55,12,74,3,6,2,1,50.0
55,10,77,3,6,1,1,50.0
55,8,71,3,6,1,1,50.0
55,6,68,3,6,6,1,50.0
54,98,65,3,4,5,1,50.0
54,96,44,3,4,5,1,50.0
54,93,59,3,4,6,1,50.0
54,92,35,3,4,6,1,50.0
54,88,13,3,5,5,1,50.0
54,87,32,3,5,5,1,50.0
54,84,62,3,5,6,1,50.0
54,82,35,3,5,5,1,50.0
54,78,65,3,5,6,1,50.0
54,77,4,3,5,5,1,50.0
54,74,1,3,5,5,1,50.0
54,70,56,3,5,6,1,50.0
54,68,59,3,5,6,1,50.0
54,63,68,3,3,6,1,50.0
54,61,74,3,2,6,1,50.0
6,93,19,3,6,5,1,50.0
6,96,38,3,6,5,1,50.0
54,56,77,3,2,6,1,50.0
54,52,71,3,2,4,1,50.0
54,48,77,3,3,2,1,50.0
54,45,74,3,3,2,1,50.0
6,97,10,3,6,5,1,50.0
7,0,77,3,0,5,1,50.0
54,41,71,3,3,1,1,50.0
54,40,77,3,4,1,1,50.0
54,39,74,3,4,1,1,50.0
54,38,71,3,4,1,1,50.0
54,37,68,3,4,1,1,50.0
54,34,77,3,5,2,1,50.0
54,32,68,3,5,2,1,50.0
54,31,71,3,5,1,1,50.0
54,29,74,3,5,1,1,50.0
7,1,74,3,1,6,1,50.0
54,25,47,3,5,3,1,50.0
7,2,71,3,1,6,1,50.0
54,23,44,3,5,6,1,50.0
54,21,23,3,5,4,1,50.0
54,20,53,3,5,3,1,50.0
54,17,38,3,5,5,1,50.0
54,16,20,3,5,4,1,50.0
54,15,41,3,5,5,1,50.0
7,12,68,3,1,2,1,50.0
54,13,17,3,5,4,1,50.0
54,12,77,3,6,3,1,50.0
54,10,74,3,6,1,1,50.0
54,6,71,3,6,5,1,50.0
54,2,13,3,6,5,1,50.0
54,0,68,3,6,5,1,50.0
53,97,62,3,3,6,1,50.0
53,96,35,3,4,5,1,50.0
53,92,65,3,4,6,1,50.0
7,16,77,3,1,3,1,50.0
53,90,56,3,4,6,1,50.0
53,89,62,3,4,6,1,50.0
53,87,59,3,4,6,1,50.0
53,86,50,3,4,6,1,50.0
53,85,47,3,4,6,1,50.0
53,83,53,3,4,6,1,50.0
53,82,44,3,4,6,1,50.0
53,78,62,3,5,6,1,50.0
53,77,13,3,5,5,1,50.0
53,73,44,3,5,5,1,50.0
53,69,16,3,5,5,1,50.0
53,68,7,3,5,5,1,50.0
53,62,71,3,3,6,1,50.0
53,61,68,3,3,6,1,50.0
53,60,65,3,5,6,1,50.0
53,59,59,3,5,6,1,50.0
53,58,74,3,2,6,1,50.0
53,55,56,3,5,6,1,50.0
53,51,77,3,2,1,1,50.0
7,21,68,3,2,0,1,50.0
7,22,71,3,2,1,1,50.0
7,25,74,3,2,2,1,50.0
53,50,77,3,3,2,1,50.0
53,49,74,3,3,1,1,50.0
7,26,77,3,2,2,1,50.0
53,48,68,3,4,2,1,50.0
53,46,77,3,4,1,1,50.0
53,43,74,3,4,3,1,50.0
53,42,71,3,4,2,1,50.0
53,41,74,3,5,0,1,50.0
53,37,71,3,5,1,1,50.0
7,29,77,3,3,1,1,50.0
53,29,77,3,5,2,1,50.0
7,37,74,3,3,2,1,50.0
53,26,68,3,5,2,1,50.0
53,21,10,3,5,4,1,50.0
7,39,71,3,3,2,1,50.0
53,18,53,3,5,4,1,50.0
53,16,50,3,5,4,1,50.0
53,15,47,3,5,4,1,50.0
53,13,41,3,5,4,1,50.0
53,12,38,3,5,4,1,50.0
53,11,32,3,5,4,1,50.0
53,9,29,3,5,4,1,50.0
53,3,35,3,5,6,1,50.0
53,1,4,3,5,5,1,50.0
53,0,26,3,5,5,1,50.0
52,99,20,3,3,6,1,50.0
52,98,17,3,3,5,1,50.0
52,97,65,3,4,6,1,50.0
52,94,56,3,4,6,1,50.0
52,93,62,3,4,6,1,50.0
7,41,68,3,3,1,1,50.0
52,92,29,3,4,5,1,50.0
52,91,17,3,4,5,1,50.0
52,88,59,3,4,6,1,50.0
52,87,26,3,4,5,1,50.0
7,42,77,3,4,2,1,50.0
52,85,23,3,4,6,1,50.0
52,84,53,3,4,6,1,50.0
52,83,20,3,4,6,1,50.0
52,82,32,3,5,5,1,50.0
52,80,38,3,5,5,1,50.0
52,79,56,3,5,6,1,50.0
52,78,59,3,5,6,1,50.0
52,77,1,3,5,5,1,50.0
52,75,50,3,5,6,1,50.0
52,69,23,3,5,5,1,50.0
52,67,17,3,5,5,1,50.0
7,43,68,3,4,2,1,50.0
52,66,53,3,5,6,1,50.0
52,65,62,3,5,6,1,50.0
7,47,71,3,4,1,1,50.0
52,63,65,3,5,6,1,50.0
52,62,29,3,5,5,1,50.0
52,57,77,3,2,6,1,50.0
7,50,74,3,4,3,1,50.0
52,56,68,3,3,6,1,50.0
52,54,47,3,5,6,1,50.0
52,47,77,3,3,2,1,50.0
52,45,68,3,4,2,1,50.0
52,37,77,3,4,2,1,50.0
52,36,74,3,5,0,1,50.0
52,31,77,3,5,1,1,50.0
52,26,71,3,5,2,1,50.0
52,25,68,3,5,2,1,50.0
52,24,41,3,5,4,1,50.0
52,22,44,3,5,4,1,50.0
52,20,35,3,5,3,1,50.0
52,16,26,3,5,5,1,50.0
52,13,20,3,5,3,1,50.0
52,7,59,3,6,4,1,50.0
52,5,77,3,6,6,1,50.0
52,4,53,3,6,5,1,50.0
7,54,39,3,4,6,1,50.0
52,1,13,3,6,5,1,50.0
51,97,26,3,4,6,1,50.0
51,96,23,3,4,5,1,50.0
51,93,13,3,4,5,1,50.0
51,92,10,3,4,5,1,50.0
51,87,5,3,4,5,1,50.0
51,84,50,3,5,6,1,50.0
51,83,62,3,5,6,1,50.0
51,82,29,3,5,5,1,50.0
51,80,35,3,5,5,1,50.0
7,58,1,3,5,5,1,50.0
51,79,4,3,5,5,1,50.0
51,77,65,3,5,6,1,50.0
51,74,13,3,5,5,1,50.0
51,71,68,3,1,6,1,50.0
51,70,10,3,5,5,1,50.0
51,69,20,3,5,5,1,50.0
51,67,1,3,5,5,1,50.0
7,59,65,3,5,6,1,50.0
51,66,59,3,5,6,1,50.0
51,65,56,3,5,6,1,50.0
51,64,53,3,5,6,1,50.0
51,62,32,3,5,5,1,50.0
51,61,16,3,5,5,1,50.0
51,60,47,3,5,6,1,50.0
51,59,44,3,5,6,1,50.0
7,60,62,3,5,6,1,50.0
51,58,71,3,2,6,1,50.0
51,56,41,3,5,6,1,50.0
51,49,68,3,2,1,1,50.0
51,48,77,3,2,3,1,50.0
7,61,59,3,5,6,1,50.0
51,47,74,3,2,2,1,50.0
51,46,77,3,3,2,1,50.0
51,45,74,3,3,3,1,50.0
51,43,71,3,3,3,1,50.0
51,41,68,3,3,2,1,50.0
51,39,77,3,4,2,1,50.0
51,38,74,3,4,2,1,50.0
7,62,56,3,5,6,1,50.0
51,37,71,3,4,2,1,50.0
51,36,68,3,4,2,1,50.0
51,35,74,3,5,1,1,50.0
51,34,68,3,5,2,1,50.0
51,32,77,3,5,3,1,50.0
51,30,71,3,5,1,1,50.0
51,27,26,3,5,4,1,50.0
7,63,53,3,5,6,1,50.0
51,26,7,3,5,3,1,50.0
7,64,50,3,5,6,1,50.0
7,67,47,3,5,6,1,50.0
51,25,38,3,5,3,1,50.0
51,24,23,3,5,6,1,50.0
51,23,71,3,6,0,1,50.0
7,69,44,3,5,6,1,50.0
51,22,77,3,6,2,1,50.0
51,17,68,3,6,1,1,50.0
51,13,74,3,6,3,1,50.0
51,12,56,3,6,4,1,50.0
51,11,65,3,6,4,1,50.0
7,70,41,3,5,6,1,50.0
51,9,62,3,6,4,1,50.0
51,7,35,3,6,5,1,50.0
51,6,59,3,6,6,1,50.0
51,2,10,3,6,5,1,50.0
7,71,77,3,5,6,1,50.0
51,1,53,3,6,6,1,50.0
50,98,1,3,4,4,1,50.0
50,97,56,3,4,6,1,50.0
50,94,7,3,4,5,1,50.0
50,92,20,3,4,5,1,50.0
50,89,13,3,4,5,1,50.0
50,85,4,3,4,5,1,50.0
7,73,29,3,5,5,1,50.0
50,84,47,3,4,6,1,50.0
50,80,17,3,4,5,1,50.0
50,78,53,3,4,6,1,50.0
50,77,50,3,4,6,1,50.0
50,76,44,3,4,6,1,50.0
50,74,65,3,4,6,1,50.0
50,73,26,3,4,5,1,50.0
7,74,32,3,5,6,1,50.0
7,80,19,3,5,6,1,50.0
50,72,41,3,4,6,1,50.0
7,89,19,3,6,5,1,50.0
50,70,38,3,4,6,1,50.0
50,65,10,3,4,6,1,50.0
50,63,59,3,4,6,1,50.0
50,61,35,3,4,6,1,50.0
50,60,56,3,5,6,1,50.0
50,59,62,3,5,6,1,50.0
50,57,68,3,2,6,1,50.0
50,55,65,3,5,6,1,50.0
50,53,77,3,3,6,1,50.0
50,52,71,3,3,6,1,50.0
50,51,50,3,5,6,1,50.0
7,91,4,3,6,5,1,50.0
7,93,10,3,6,5,1,50.0
50,49,68,3,3,2,1,50.0
50,48,74,3,4,3,1,50.0
50,44,68,3,4,0,1,50.0
50,42,77,3,4,3,1,50.0
50,40,71,3,4,4,1,50.0
50,38,77,3,5,0,1,50.0
50,37,68,3,5,2,1,50.0
50,36,74,3,5,1,1,50.0
50,35,71,3,5,2,1,50.0
50,31,4,3,5,3,1,50.0
7,94,65,3,6,6,1,50.0
50,30,59,3,5,6,1,50.0
7,95,13,3,6,5,1,50.0
50,26,53,3,5,4,1,50.0
50,25,41,3,5,3,1,50.0
50,20,47,3,5,3,1,50.0
50,18,38,3,5,4,1,50.0
7,96,41,3,6,5,1,50.0
50,16,17,3,5,4,1,50.0
50,15,44,3,5,4,1,50.0
50,13,23,3,5,3,1,50.0
50,11,20,3,5,4,1,50.0
50,10,30,3,5,6,1,50.0
50,9,26,3,5,4,1,50.0
50,8,1,3,5,5,1,50.0
50,4,14,3,5,6,1,50.0
50,3,11,3,5,6,1,50.0
50,2,8,3,5,6,1,50.0
50,1,71,3,6,6,1,50.0
50,0,74,3,6,5,1,50.0
7,98,62,3,6,5,1,50.0
8,0,77,3,1,6,1,50.0
49,96,14,3,4,5,1,50.0
49,95,5,3,4,5,1,50.0
49,94,50,3,4,6,1,50.0
49,93,2,3,4,5,1,50.0
49,92,44,3,4,6,1,50.0
49,91,38,3,4,6,1,50.0
49,88,10,3,4,5,1,50.0
49,87,23,3,4,5,1,50.0
49,86,35,3,4,6,1,50.0
49,85,1,3,5,5,1,50.0
49,84,44,3,5,6,1,50.0
49,82,26,3,5,5,1,50.0
49,81,62,3,5,6,1,50.0
49,80,20,3,5,5,1,50.0
49,78,47,3,5,6,1,50.0
49,77,41,3,5,6,1,50.0
49,76,50,3,5,6,1,50.0
49,74,59,3,5,6,1,50.0
49,68,65,3,5,6,1,50.0
49,67,14,3,5,5,1,50.0
49,65,53,3,5,6,1,50.0
49,63,56,3,5,6,1,50.0
49,62,11,3,5,5,1,50.0
49,60,38,3,5,6,1,50.0
49,57,71,3,1,6,1,50.0
49,55,35,3,5,6,1,50.0
49,53,74,3,2,6,1,50.0
8,3,74,3,1,6,1,50.0
49,50,77,3,2,6,1,50.0
49,48,71,3,2,3,1,50.0
49,47,71,3,3,2,1,50.0
49,45,77,3,3,3,1,50.0
49,44,74,3,3,1,1,50.0
49,42,68,3,3,3,1,50.0
49,41,74,3,4,1,1,50.0
49,39,77,3,4,3,1,50.0
49,32,71,3,4,3,1,50.0
49,31,68,3,4,1,1,50.0
8,5,68,3,1,6,1,50.0
49,28,77,3,5,1,1,50.0
49,25,71,3,5,2,1,50.0
49,24,74,3,5,3,1,50.0
49,18,68,3,5,2,1,50.0
49,17,23,3,5,5,1,50.0
8,9,77,3,2,2,1,50.0
49,16,5,3,5,4,1,50.0
49,15,17,3,5,5,1,50.0
8,12,74,3,2,3,1,50.0
49,13,8,3,5,5,1,50.0
49,12,71,3,6,3,1,50.0
49,10,68,3,6,1,1,50.0
49,8,77,3,6,3,1,50.0
49,2,65,3,6,6,1,50.0
8,18,71,3,2,1,1,50.0
8,19,68,3,2,2,1,50.0
8,20,71,3,3,1,1,50.0
49,1,62,3,6,6,1,50.0
48,99,13,3,4,5,1,50.0
48,98,50,3,4,5,1,50.0
48,97,1,3,4,5,1,50.0
48,95,62,3,4,6,1,50.0
8,22,74,3,3,2,1,50.0
48,93,7,3,4,5,1,50.0
48,92,17,3,4,5,1,50.0
48,91,65,3,4,6,1,50.0
48,89,4,3,4,5,1,50.0
48,88,56,3,4,6,1,50.0
48,86,22,3,4,5,1,50.0
8,28,68,3,3,2,1,50.0
48,83,59,3,4,6,1,50.0
48,82,53,3,4,6,1,50.0
48,80,10,3,4,5,1,50.0
48,77,38,3,4,6,1,50.0
48,73,41,3,4,6,1,50.0
48,65,50,3,5,6,1,50.0
48,63,35,3,4,6,1,50.0
48,62,22,3,5,5,1,50.0
48,61,4,3,5,5,1,50.0
48,59,56,3,5,6,1,50.0
48,58,65,3,5,6,1,50.0
48,57,62,3,5,6,1,50.0
48,56,59,3,5,6,1,50.0
48,55,53,3,5,6,1,50.0
48,52,68,3,3,6,1,50.0
48,49,74,3,4,6,1,50.0
48,47,77,3,4,3,1,50.0
48,45,71,3,4,3,1,50.0
48,43,68,3,4,3,1,50.0
48,42,74,3,5,2,1,50.0
48,41,77,3,5,2,1,50.0
48,40,68,3,5,2,1,50.0
48,39,71,3,5,3,1,50.0
8,29,74,3,4,2,1,50.0
48,37,41,3,5,4,1,50.0
48,35,36,3,5,4,1,50.0
48,34,32,3,5,4,1,50.0
48,31,1,3,5,3,1,50.0
48,29,29,3,5,6,1,50.0
48,28,47,3,5,5,1,50.0
8,32,68,3,4,3,1,50.0
48,27,44,3,5,4,1,50.0
48,25,26,3,5,3,1,50.0
8,37,77,3,4,3,1,50.0
48,24,10,3,5,4,1,50.0
48,22,15,3,5,4,1,50.0
48,15,7,3,5,5,1,50.0
48,14,19,3,5,6,1,50.0
48,13,77,3,6,2,1,50.0
48,12,68,3,6,3,1,50.0
48,9,74,3,6,2,1,50.0
48,7,71,3,6,5,1,50.0
48,5,65,3,6,6,1,50.0
48,3,62,3,6,6,1,50.0
48,2,59,3,6,6,1,50.0
48,1,56,3,6,6,1,50.0
47,98,44,3,4,5,1,50.0
47,97,41,3,4,6,1,50.0
47,96,32,3,4,5,1,50.0
47,94,4,3,4,5,1,50.0
47,93,53,3,4,6,1,50.0
8,41,71,3,4,2,1,50.0
47,92,14,3,4,5,1,50.0
47,91,62,3,4,6,1,50.0
47,90,50,3,4,6,1,50.0
47,89,1,3,4,5,1,50.0
47,87,17,3,4,5,1,50.0
47,86,10,3,4,5,1,50.0
47,84,38,3,4,6,1,50.0
47,82,23,3,4,5,1,50.0
47,81,59,3,4,6,1,50.0
47,80,7,3,4,5,1,50.0
8,48,53,3,5,6,1,50.0
47,77,35,3,4,6,1,50.0
47,73,56,3,4,6,1,50.0
8,49,59,3,5,6,1,50.0
47,72,29,3,4,6,1,50.0
47,70,26,3,4,6,1,50.0
47,68,62,3,5,6,1,50.0
47,66,50,3,5,6,1,50.0
47,65,47,3,5,6,1,50.0
47,62,16,3,5,5,1,50.0
47,61,65,3,5,6,1,50.0
47,60,44,3,5,6,1,50.0
47,59,53,3,5,6,1,50.0
47,57,59,3,5,6,1,50.0
47,56,56,3,5,6,1,50.0
47,51,41,3,5,6,1,50.0
47,50,68,3,4,6,1,50.0
47,49,38,3,5,6,1,50.0
47,48,35,3,5,6,1,50.0
47,46,74,3,3,2,1,50.0
47,41,71,3,3,3,1,50.0
47,38,77,3,4,1,1,50.0
8,50,65,3,5,6,1,50.0
47,36,71,3,4,1,1,50.0
47,35,74,3,4,2,1,50.0
47,34,74,3,5,2,1,50.0
47,31,77,3,5,2,1,50.0
47,29,71,3,5,2,1,50.0
47,27,68,3,5,1,1,50.0
47,26,32,3,5,4,1,50.0
47,25,29,3,5,3,1,50.0
8,51,44,3,5,6,1,50.0
47,21,20,3,5,4,1,50.0
47,20,26,3,5,3,1,50.0
47,18,23,3,5,4,1,50.0
47,17,2,3,5,5,1,50.0
47,15,13,3,5,5,1,50.0
47,12,10,3,5,4,1,50.0
47,11,7,3,5,5,1,50.0
47,6,77,3,6,6,1,50.0
47,5,74,3,6,6,1,50.0
47,4,68,3,6,6,1,50.0
47,2,62,3,6,6,1,50.0
8,52,74,3,5,6,1,50.0
46,98,32,3,4,5,1,50.0
46,96,29,3,4,5,1,50.0
46,95,19,3,4,6,1,50.0
46,94,47,3,5,6,1,50.0
8,54,62,3,5,6,1,50.0
46,93,50,3,5,6,1,50.0
46,92,7,3,5,5,1,50.0
8,57,56,3,5,6,1,50.0
46,90,44,3,5,6,1,50.0
46,88,4,3,5,5,1,50.0
46,87,20,3,5,5,1,50.0
46,84,32,3,5,6,1,50.0
46,82,17,3,5,5,1,50.0
46,80,14,3,5,5,1,50.0
46,79,41,3,5,6,1,50.0
46,74,62,3,5,6,1,50.0
46,63,38,3,5,6,1,50.0
46,62,65,3,5,6,1,50.0
8,58,38,3,5,6,1,50.0
46,57,35,3,5,6,1,50.0
46,56,29,3,5,6,1,50.0
46,55,59,3,5,6,1,50.0
46,54,56,3,5,6,1,50.0
8,59,35,3,5,6,1,50.0
46,53,71,3,2,6,1,50.0
46,52,26,3,5,6,1,50.0
46,50,23,3,5,6,1,50.0
46,49,11,3,5,6,1,50.0
46,48,50,3,6,6,1,50.0
46,45,68,3,3,3,1,50.0
46,41,74,3,3,2,1,50.0
46,40,77,3,3,2,1,50.0
46,39,71,3,3,4,1,50.0
46,38,77,3,4,2,1,50.0
46,36,74,3,4,2,1,50.0
46,35,68,3,4,1,1,50.0
46,34,71,3,4,3,1,50.0
46,32,74,3,5,3,1,50.0
46,27,77,3,5,1,1,50.0
46,25,71,3,5,3,1,50.0
46,20,68,3,5,1,1,50.0
46,19,74,3,6,1,1,50.0
46,18,77,3,6,2,1,50.0
46,15,71,3,6,3,1,50.0
46,12,68,3,6,4,1,50.0
46,9,65,3,6,4,1,50.0
46,6,62,3,6,6,1,50.0
46,5,59,3,6,6,1,50.0
46,2,56,3,6,6,1,50.0
45,98,47,3,4,5,1,50.0
45,95,2,3,4,5,1,50.0
45,94,41,3,4,6,1,50.0
45,93,38,3,4,6,1,50.0
45,92,50,3,4,6,1,50.0
45,87,14,3,4,5,1,50.0
45,86,27,3,4,6,1,50.0
45,85,11,3,4,6,1,50.0
45,82,24,3,4,6,1,50.0
45,79,53,3,5,6,1,50.0
45,76,47,3,5,6,1,50.0
45,73,23,3,5,5,1,50.0
45,70,13,3,5,5,1,50.0
45,69,10,3,5,5,1,50.0
45,68,56,3,5,6,1,50.0
45,65,44,3,5,6,1,50.0
45,62,4,3,5,5,1,50.0
45,61,62,3,5,6,1,50.0
45,60,50,3,5,6,1,50.0
45,56,65,3,5,6,1,50.0
8,60,32,3,5,6,1,50.0
45,53,68,3,4,6,1,50.0
45,47,71,3,4,6,1,50.0
45,46,41,3,5,6,1,50.0
8,61,29,3,5,6,1,50.0
45,44,77,3,4,1,1,50.0
45,43,74,3,4,4,1,50.0
45,42,74,3,5,3,1,50.0
45,41,77,3,5,3,1,50.0
8,62,21,3,5,6,1,50.0
8,63,18,3,5,6,1,50.0
45,40,68,3,5,4,1,50.0
45,38,71,3,5,2,1,50.0
45,37,38,3,5,4,1,50.0
45,35,59,3,5,4,1,50.0
45,31,35,3,5,4,1,50.0
45,27,32,3,5,4,1,50.0
45,26,29,3,5,4,1,50.0
45,25,20,3,5,3,1,50.0
45,24,7,3,5,4,1,50.0
45,22,26,3,5,4,1,50.0
45,16,1,3,5,4,1,50.0
45,15,17,3,5,6,1,50.0
45,11,77,3,6,1,1,50.0
45,8,71,3,6,5,1,50.0
45,7,74,3,6,5,1,50.0
45,3,68,3,6,6,1,50.0
45,1,65,3,6,6,1,50.0
45,0,62,3,6,6,1,50.0
44,98,36,3,6,5,1,50.0
44,97,47,3,6,6,1,50.0
8,66,47,3,6,6,1,50.0
44,88,1,3,6,5,1,50.0
44,84,29,3,6,6,1,50.0
44,81,41,3,6,6,1,50.0
44,78,33,3,6,6,1,50.0
44,77,26,3,6,6,1,50.0
44,73,20,3,6,5,1,50.0
44,69,7,3,6,5,1,50.0
44,67,11,3,6,5,1,50.0
44,65,23,3,6,6,1,50.0
44,62,4,3,6,6,1,50.0
8,68,53,3,6,6,1,50.0
8,69,4,3,6,5,1,50.0
44,43,71,3,1,4,1,50.0
44,38,68,3,1,3,1,50.0
44,34,77,3,2,3,1,50.0
44,24,71,3,2,3,1,50.0
44,16,74,3,2,3,1,50.0
44,12,68,3,2,5,1,50.0
44,6,74,3,3,6,1,50.0
44,3,71,3,3,6,1,50.0
44,2,68,3,3,6,1,50.0
44,0,71,3,4,5,1,50.0
43,98,29,3,4,5,1,50.0
43,96,26,3,4,5,1,50.0
43,93,32,3,4,6,1,50.0
43,92,23,3,4,6,1,50.0
43,91,20,3,4,6,1,50.0
43,86,17,3,4,6,1,50.0
43,83,56,3,5,6,1,50.0
8,73,17,3,6,5,1,50.0
8,81,56,3,6,6,1,50.0
43,82,20,3,5,5,1,50.0
8,82,14,3,6,5,1,50.0
43,80,65,3,5,6,1,50.0
43,79,50,3,5,6,1,50.0
43,78,41,3,5,6,1,50.0
43,69,1,3,5,5,1,50.0
43,68,47,3,5,6,1,50.0
43,67,62,3,5,6,1,50.0
43,62,59,3,5,6,1,50.0
8,87,65,3,6,6,1,50.0
43,61,53,3,5,6,1,50.0
8,91,59,3,6,6,1,50.0
43,58,44,3,5,6,1,50.0
43,57,38,3,5,6,1,50.0
43,56,35,3,5,6,1,50.0
43,55,32,3,5,6,1,50.0
43,54,29,3,5,6,1,50.0
43,53,26,3,5,6,1,50.0
43,52,23,3,5,6,1,50.0
43,50,17,3,5,6,1,50.0
8,94,38,3,6,6,1,50.0
43,47,14,3,5,6,1,50.0
43,46,11,3,5,6,1,50.0
43,45,8,3,5,6,1,50.0
43,42,77,3,2,4,1,50.0
43,37,77,3,3,4,1,50.0
43,32,77,3,4,4,1,50.0
43,25,68,3,4,3,1,50.0
43,23,77,3,5,1,1,50.0
43,21,74,3,5,1,1,50.0
43,18,71,3,5,2,1,50.0
43,16,68,3,5,3,1,50.0
43,15,77,3,6,2,1,50.0
43,13,71,3,6,3,1,50.0
43,11,74,3,6,2,1,50.0
43,10,68,3,6,2,1,50.0
43,7,59,3,6,6,1,50.0
8,95,50,3,6,6,1,50.0
42,99,65,3,4,6,1,50.0
42,98,25,3,4,5,1,50.0
42,96,50,3,4,6,1,50.0
8,96,20,3,6,5,1,50.0
42,94,35,3,5,6,1,50.0
42,91,47,3,4,6,1,50.0
42,89,44,3,4,6,1,50.0
42,88,65,3,5,6,1,50.0
42,86,16,3,5,5,1,50.0
42,85,62,3,5,6,1,50.0
8,98,11,3,6,5,1,50.0
42,84,26,3,5,6,1,50.0
42,82,7,3,5,5,1,50.0
42,81,38,3,5,6,1,50.0
42,80,59,3,5,6,1,50.0
42,76,32,3,5,6,1,50.0
42,71,71,3,3,6,1,50.0
42,70,4,3,5,5,1,50.0
42,68,50,3,5,6,1,50.0
42,67,56,3,5,6,1,50.0
42,63,1,3,5,5,1,50.0
42,62,53,3,5,6,1,50.0
42,61,47,3,5,6,1,50.0
8,99,8,3,6,5,1,50.0
42,59,41,3,5,6,1,50.0
42,57,44,3,5,6,1,50.0
42,55,29,3,5,6,1,50.0
42,53,23,3,5,6,1,50.0
42,50,20,3,5,6,1,50.0
42,49,56,3,6,6,1,50.0
9,0,74,3,3,6,1,50.0
9,4,77,3,3,6,1,50.0
42,48,13,3,5,6,1,50.0
42,45,59,3,6,6,1,50.0
42,39,74,3,4,2,1,50.0
42,34,68,3,4,3,1,50.0
9,15,71,3,3,4,1,50.0
42,31,71,3,4,2,1,50.0
42,25,77,3,5,3,1,50.0
42,20,74,3,5,2,1,50.0
42,19,71,3,5,1,1,50.0
42,18,68,3,5,3,1,50.0
42,16,10,3,5,5,1,50.0
9,16,68,3,3,4,1,50.0
42,13,77,3,6,3,1,50.0
42,12,74,3,6,4,1,50.0
42,6,71,3,6,6,1,50.0
42,4,65,3,6,6,1,50.0
42,2,53,3,6,6,1,50.0
42,1,50,3,6,6,1,50.0
42,0,68,3,6,6,1,50.0
41,99,23,3,4,6,1,50.0
9,17,77,3,4,1,1,50.0
41,98,20,3,4,5,1,50.0
41,94,4,3,4,6,1,50.0
9,18,74,3,4,2,1,50.0
41,92,4,3,5,5,1,50.0
9,19,71,3,4,2,1,50.0
41,87,62,3,5,6,1,50.0
41,86,7,3,5,5,1,50.0
41,82,1,3,5,5,1,50.0
41,81,35,3,5,6,1,50.0
41,80,56,3,5,6,1,50.0
41,77,47,3,5,6,1,50.0
41,73,65,3,5,6,1,50.0
9,21,68,3,4,1,1,50.0
41,72,50,3,5,6,1,50.0
9,22,59,3,4,3,1,50.0
9,27,23,3,4,4,1,50.0
41,70,53,3,5,6,1,50.0
41,68,44,3,5,6,1,50.0
41,61,41,3,5,6,1,50.0
41,60,29,3,5,6,1,50.0
41,56,38,3,5,6,1,50.0
41,54,59,3,5,6,1,50.0
41,49,32,3,5,6,1,50.0
41,47,26,3,5,6,1,50.0
41,43,23,3,5,6,1,50.0
41,38,74,3,3,3,1,50.0
41,37,68,3,3,3,1,50.0
9,29,50,3,4,6,1,50.0
41,35,77,3,4,2,1,50.0
41,34,74,3,4,3,1,50.0
41,31,71,3,4,3,1,50.0
41,29,68,3,4,2,1,50.0
41,28,74,3,5,1,1,50.0
41,26,77,3,5,3,1,50.0
41,25,17,3,5,3,1,50.0
41,24,68,3,5,3,1,50.0
41,21,71,3,5,1,1,50.0
41,19,11,3,5,4,1,50.0
41,17,20,3,5,5,1,50.0
41,15,14,3,5,6,1,50.0
41,13,77,3,6,4,1,50.0
41,12,71,3,6,4,1,50.0
41,7,68,3,6,5,1,50.0
9,30,38,3,4,6,1,50.0
9,32,20,3,4,3,1,50.0
41,5,62,3,6,6,1,50.0
41,3,65,3,6,6,1,50.0
41,2,50,3,6,6,1,50.0
41,1,59,3,6,6,1,50.0
40,98,8,3,5,5,1,50.0
40,96,11,3,5,5,1,50.0
40,95,47,3,5,6,1,50.0
40,93,44,3,5,6,1,50.0
40,92,1,3,5,5,1,50.0
40,83,50,3,5,6,1,50.0
40,82,4,3,5,5,1,50.0
40,77,32,3,5,6,1,50.0
40,74,56,3,5,6,1,50.0
40,70,35,3,5,6,1,50.0
40,69,53,3,5,6,1,50.0
40,65,38,3,5,6,1,50.0
40,58,25,3,5,6,1,50.0
40,55,22,3,5,6,1,50.0
40,52,65,3,6,6,1,50.0
40,51,47,3,6,6,1,50.0
9,38,44,3,4,4,1,50.0
40,50,62,3,6,6,1,50.0
40,48,44,3,6,6,1,50.0
40,47,59,3,6,6,1,50.0
40,44,74,3,1,4,1,50.0
40,43,56,3,6,6,1,50.0
40,27,74,3,2,1,1,50.0
40,22,77,3,4,3,1,50.0
9,41,32,3,4,6,1,50.0
40,19,74,3,4,2,1,50.0
40,18,77,3,5,3,1,50.0
40,15,74,3,5,3,1,50.0
40,14,68,3,5,0,1,50.0
9,42,62,3,5,6,1,50.0
40,9,71,3,5,5,1,50.0
40,3,53,3,6,6,1,50.0
39,99,5,3,4,5,1,50.0
9,43,65,3,5,6,1,50.0
39,98,42,3,4,6,1,50.0
39,95,39,3,4,6,1,50.0
39,93,35,3,4,6,1,50.0
39,91,32,3,4,6,1,50.0
39,90,53,3,4,6,1,50.0
39,87,29,3,4,6,1,50.0
39,84,20,3,4,6,1,50.0
9,45,56,3,5,6,1,50.0
39,83,26,3,4,6,1,50.0
39,82,17,3,4,6,1,50.0
39,80,62,3,5,6,1,50.0
39,76,38,3,5,6,1,50.0
39,74,53,3,5,6,1,50.0
39,73,59,3,5,6,1,50.0
39,70,7,3,5,5,1,50.0
39,69,65,3,5,6,1,50.0
39,68,41,3,5,6,1,50.0
39,67,4,3,5,5,1,50.0
39,62,1,3,5,5,1,50.0
39,60,35,3,5,6,1,50.0
39,59,50,3,5,6,1,50.0
39,58,56,3,5,6,1,50.0
39,56,47,3,5,6,1,50.0
39,55,44,3,5,6,1,50.0
39,54,32,3,5,6,1,50.0
9,46,53,3,5,6,1,50.0
39,53,29,3,5,6,1,50.0
39,52,20,3,5,6,1,50.0
39,50,26,3,5,6,1,50.0
39,49,23,3,5,6,1,50.0
39,48,17,3,5,6,1,50.0
9,48,47,3,5,6,1,50.0
39,47,10,3,5,6,1,50.0
39,45,53,3,6,6,1,50.0
39,43,62,3,6,6,1,50.0
39,42,47,3,6,6,1,50.0
39,41,74,3,3,6,1,50.0
39,32,68,3,3,4,1,50.0
39,31,74,3,4,2,1,50.0
39,30,77,3,4,1,1,50.0
39,29,68,3,4,3,1,50.0
39,27,77,3,5,2,1,50.0
39,26,74,3,5,1,1,50.0
39,22,71,3,5,2,1,50.0
39,20,68,3,5,2,1,50.0
9,49,50,3,5,6,1,50.0
39,16,77,3,6,4,1,50.0
39,15,74,3,6,4,1,50.0
9,52,44,3,5,6,1,50.0
39,13,71,3,6,4,1,50.0
39,12,50,3,6,4,1,50.0
39,9,68,3,6,5,1,50.0
39,7,56,3,6,6,1,50.0
39,4,59,3,6,6,1,50.0
39,2,44,3,6,6,1,50.0
39,1,41,3,6,6,1,50.0
39,0,65,3,6,6,1,50.0
38,99,62,3,4,6,1,50.0
38,98,14,3,4,5,1,50.0
38,97,38,3,4,6,1,50.0
9,53,1,3,5,5,1,50.0
38,96,8,3,4,5,1,50.0
9,57,41,3,5,6,1,50.0
38,95,35,3,4,6,1,50.0
38,93,47,3,4,6,1,50.0
38,92,56,3,4,6,1,50.0
38,89,53,3,4,6,1,50.0
38,86,4,3,4,5,1,50.0
9,59,38,3,5,6,1,50.0
38,84,17,3,4,6,1,50.0
38,82,50,3,4,6,1,50.0
38,80,41,3,4,6,1,50.0
9,62,32,3,5,6,1,50.0
38,79,32,3,4,6,1,50.0
9,63,29,3,5,6,1,50.0
38,75,29,3,4,6,1,50.0
38,74,22,3,4,6,1,50.0
38,69,11,3,4,6,1,50.0
38,68,1,3,4,6,1,50.0
38,67,65,3,5,6,1,50.0
9,64,23,3,5,6,1,50.0
38,66,44,3,5,6,1,50.0
38,65,41,3,5,6,1,50.0
38,63,62,3,5,6,1,50.0
38,62,50,3,5,6,1,50.0
38,60,26,3,5,6,1,50.0
38,59,47,3,5,6,1,50.0
38,58,59,3,5,6,1,50.0
38,57,53,3,5,6,1,50.0
38,56,32,3,5,6,1,50.0
9,65,26,3,5,6,1,50.0
38,55,38,3,5,6,1,50.0
38,53,56,3,5,6,1,50.0
9,66,20,3,5,6,1,50.0
38,52,35,3,5,6,1,50.0
38,49,29,3,5,6,1,50.0
38,47,23,3,5,6,1,50.0
38,46,20,3,5,6,1,50.0
38,45,17,3,5,6,1,50.0
38,42,14,3,5,6,1,50.0
9,72,11,3,5,6,1,50.0
38,39,11,3,5,6,1,50.0
9,75,8,3,5,6,1,50.0
38,36,77,3,3,2,1,50.0
38,35,71,3,3,3,1,50.0
38,34,77,3,4,4,1,50.0
38,32,74,3,4,4,1,50.0
9,77,5,3,5,6,1,50.0
38,27,71,3,4,2,1,50.0
38,26,68,3,4,3,1,50.0
38,23,71,3,5,1,1,50.0
38,22,74,3,5,3,1,50.0
38,21,77,3,5,1,1,50.0
38,20,68,3,5,3,1,50.0
38,19,8,3,5,4,1,50.0
9,78,38,3,6,6,1,50.0
38,15,4,3,5,5,1,50.0
38,13,1,3,5,4,1,50.0
38,12,77,3,6,4,1,50.0
38,11,71,3,6,1,1,50.0
38,10,74,3,6,2,1,50.0
38,9,59,3,6,5,1,50.0
38,7,68,3,6,6,1,50.0
38,6,56,3,6,6,1,50.0
38,5,53,3,6,6,1,50.0
9,79,47,3,6,6,1,50.0
38,4,62,3,6,6,1,50.0
38,3,50,3,6,6,1,50.0
38,1,47,3,6,6,1,50.0
38,0,44,3,6,6,1,50.0
37,99,35,3,4,6,1,50.0
37,98,32,3,4,6,1,50.0
37,96,29,3,4,6,1,50.0
37,93,26,3,4,6,1,50.0
37,88,23,3,4,6,1,50.0
37,86,14,3,4,6,1,50.0
37,85,8,3,4,6,1,50.0
37,83,11,3,4,6,1,50.0
37,82,65,3,5,6,1,50.0
37,80,53,3,5,6,1,50.0
37,79,44,3,5,6,1,50.0
37,77,62,3,5,6,1,50.0
37,69,59,3,5,6,1,50.0
9,80,50,3,6,6,1,50.0
37,65,32,3,5,6,1,50.0
37,64,56,3,5,6,1,50.0
37,63,50,3,5,6,1,50.0
37,62,47,3,5,6,1,50.0
9,82,62,3,6,6,1,50.0
37,59,29,3,5,6,1,50.0
37,58,41,3,5,6,1,50.0
37,56,26,3,5,6,1,50.0
37,55,19,3,5,6,1,50.0
37,54,36,3,5,6,1,50.0
37,53,16,3,5,6,1,50.0
37,50,13,3,5,6,1,50.0
9,83,44,3,6,6,1,50.0
37,49,8,3,5,6,1,50.0
37,48,23,3,5,6,1,50.0
37,46,5,3,5,6,1,50.0
37,45,2,3,5,6,1,50.0
37,41,56,3,6,6,1,50.0
37,36,71,3,3,2,1,50.0
37,35,74,3,3,3,1,50.0
37,34,74,3,4,4,1,50.0
37,32,71,3,4,4,1,50.0
37,29,68,3,4,4,1,50.0
37,26,74,3,5,2,1,50.0
37,25,77,3,5,4,1,50.0
37,22,71,3,5,3,1,50.0
37,19,68,3,5,3,1,50.0
37,14,77,3,6,0,1,50.0
37,13,74,3,6,4,1,50.0
37,12,53,3,6,4,1,50.0
37,11,71,3,6,2,1,50.0
37,10,68,3,6,3,1,50.0
9,85,65,3,6,6,1,50.0
37,9,59,3,6,6,1,50.0
37,7,50,3,6,6,1,50.0
37,6,47,3,6,6,1,50.0
37,4,44,3,6,6,1,50.0
37,3,41,3,6,6,1,50.0
37,1,38,3,6,6,1,50.0
37,0,35,3,6,6,1,50.0
36,99,13,3,5,6,1,50.0
36,94,19,3,5,6,1,50.0
36,93,10,3,5,6,1,50.0
9,86,56,3,6,6,1,50.0
36,91,7,3,5,6,1,50.0
36,88,1,3,5,6,1,50.0
36,80,47,3,6,6,1,50.0
9,87,53,3,6,6,1,50.0
36,78,30,3,6,6,1,50.0
36,77,44,3,6,6,1,50.0
36,69,62,3,6,6,1,50.0
36,68,38,3,6,6,1,50.0
36,64,65,3,6,6,1,50.0
36,62,41,3,6,6,1,50.0
36,59,26,3,6,6,1,50.0
36,57,50,3,6,6,1,50.0
36,53,59,3,6,6,1,50.0
36,49,53,3,6,6,1,50.0
36,48,20,3,6,6,1,50.0
36,46,35,3,6,6,1,50.0
36,45,23,3,6,6,1,50.0
36,44,77,3,3,3,1,50.0
36,41,17,3,6,6,1,50.0
36,40,74,3,3,6,1,50.0
36,38,14,3,6,6,1,50.0
36,22,68,3,3,3,1,50.0
36,20,71,3,3,2,1,50.0
36,19,77,3,4,2,1,50.0
36,15,68,3,4,4,1,50.0
36,12,74,3,4,5,1,50.0
36,6,4,3,6,6,1,50.0
36,4,74,3,5,6,1,50.0
36,0,71,3,4,6,1,50.0
35,98,56,3,4,6,1,50.0
35,96,53,3,4,6,1,50.0
35,95,42,3,4,6,1,50.0
35,94,32,3,4,6,1,50.0
35,93,29,3,4,6,1,50.0
35,92,26,3,4,6,1,50.0
35,91,23,3,4,6,1,50.0
35,90,20,3,4,6,1,50.0
35,89,65,3,5,6,1,50.0
35,88,62,3,5,6,1,50.0
35,86,59,3,5,6,1,50.0
35,84,23,3,5,6,1,50.0
35,83,47,3,5,6,1,50.0
35,82,56,3,5,6,1,50.0
35,79,38,3,5,6,1,50.0
35,77,29,3,5,6,1,50.0
35,73,50,3,5,6,1,50.0
9,89,41,3,6,6,1,50.0
35,71,26,3,5,6,1,50.0
35,70,44,3,5,6,1,50.0
35,69,41,3,5,6,1,50.0
35,63,32,3,5,6,1,50.0
35,62,35,3,5,6,1,50.0
35,60,20,3,5,6,1,50.0
9,90,35,3,6,6,1,50.0
35,59,13,3,5,6,1,50.0
35,52,17,3,5,6,1,50.0
35,51,7,3,5,6,1,50.0
35,50,53,3,5,6,1,50.0
9,93,23,3,6,6,1,50.0
35,49,4,3,5,6,1,50.0
35,47,65,3,6,6,1,50.0
35,43,10,3,5,6,1,50.0
35,42,44,3,6,6,1,50.0
35,41,53,3,6,6,1,50.0
35,38,41,3,6,6,1,50.0
35,37,62,3,6,6,1,50.0
35,31,68,3,2,3,1,50.0
35,30,68,3,3,1,1,50.0
35,25,77,3,3,5,1,50.0
35,24,77,3,4,0,1,50.0
35,23,68,3,4,1,1,50.0
35,21,74,3,4,2,1,50.0
35,20,71,3,4,3,1,50.0
35,19,77,3,5,3,1,50.0
35,16,74,3,5,4,1,50.0
35,15,71,3,5,5,1,50.0
35,13,68,3,5,4,1,50.0
9,96,5,3,6,5,1,50.0
35,10,71,3,6,1,1,50.0
35,9,77,3,6,5,1,50.0
35,8,68,3,6,5,1,50.0
35,5,56,3,6,6,1,50.0
9,98,2,3,6,5,1,50.0
35,4,50,3,6,6,1,50.0
35,3,59,3,6,6,1,50.0
35,2,47,3,6,6,1,50.0
34,98,29,3,4,6,1,50.0
34,96,2,3,4,5,1,50.0
34,93,16,3,4,6,1,50.0
34,89,13,3,4,6,1,50.0
34,88,10,3,4,6,1,50.0
34,86,65,3,5,6,1,50.0
34,85,59,3,5,6,1,50.0
34,82,47,3,5,6,1,50.0
34,81,32,3,5,6,1,50.0
34,80,44,3,5,6,1,50.0
34,78,27,3,5,6,1,50.0
34,76,35,3,5,6,1,50.0
34,75,56,3,5,6,1,50.0
34,73,62,3,5,6,1,50.0
34,69,50,3,5,6,1,50.0
34,67,53,3,5,6,1,50.0
34,65,16,3,5,6,1,50.0
34,61,38,3,5,6,1,50.0
34,58,22,3,5,6,1,50.0
34,56,19,3,5,6,1,50.0
34,55,41,3,5,6,1,50.0
10,4,56,3,5,6,1,50.0
34,53,13,3,5,6,1,50.0
34,50,10,3,5,6,1,50.0
34,48,7,3,5,6,1,50.0
34,47,4,3,5,6,1,50.0
10,5,71,3,2,6,1,50.0
34,46,1,3,5,6,1,50.0
34,42,41,3,6,6,1,50.0
34,40,71,3,4,6,1,50.0
34,38,65,3,6,6,1,50.0
34,37,32,3,6,6,1,50.0
10,9,77,3,2,6,1,50.0
34,35,74,3,5,6,1,50.0
34,32,68,3,4,5,1,50.0
34,27,68,3,5,2,1,50.0
34,26,71,3,5,3,1,50.0
34,25,77,3,5,6,1,50.0
34,22,77,3,6,4,1,50.0
34,20,74,3,6,3,1,50.0
34,15,62,3,6,4,1,50.0
34,10,71,3,6,3,1,50.0
34,8,68,3,6,6,1,50.0
34,7,53,3,6,6,1,50.0
34,3,56,3,6,6,1,50.0
34,2,38,3,6,6,1,50.0
34,0,59,3,6,6,1,50.0
10,15,77,3,3,3,1,50.0
33,24,68,3,1,4,1,50.0
33,13,77,3,2,5,1,50.0
32,99,17,3,3,6,1,50.0
32,97,44,3,4,6,1,50.0
32,96,65,3,4,6,1,50.0
32,95,32,3,4,6,1,50.0
32,94,29,3,4,6,1,50.0
32,93,41,3,4,6,1,50.0
32,91,56,3,4,6,1,50.0
32,89,59,3,4,6,1,50.0
32,88,53,3,4,6,1,50.0
32,87,50,3,4,6,1,50.0
32,86,62,3,4,6,1,50.0
32,83,38,3,4,6,1,50.0
32,82,35,3,4,6,1,50.0
32,80,26,3,4,6,1,50.0
10,20,74,3,3,4,1,50.0
32,78,23,3,4,6,1,50.0
32,77,20,3,4,6,1,50.0
32,74,47,3,4,6,1,50.0
32,73,8,3,4,6,1,50.0
32,72,5,3,4,6,1,50.0
32,71,62,3,5,6,1,50.0
10,21,77,3,4,2,1,50.0
32,69,56,3,5,6,1,50.0
32,66,41,3,5,6,1,50.0
32,64,47,3,5,6,1,50.0
32,63,44,3,5,6,1,50.0
10,22,74,3,4,4,1,50.0
32,62,38,3,5,6,1,50.0
32,58,53,3,5,6,1,50.0
32,57,65,3,5,6,1,50.0
32,56,50,3,5,6,1,50.0
32,53,35,3,5,6,1,50.0
32,52,32,3,5,6,1,50.0
32,48,29,3,5,6,1,50.0
10,31,71,3,4,4,1,50.0
32,45,26,3,5,6,1,50.0
32,41,23,3,5,6,1,50.0
32,39,20,3,5,6,1,50.0
32,38,17,3,5,6,1,50.0
10,35,35,3,6,6,1,50.0
10,43,53,3,5,6,1,50.0
32,34,14,3,5,6,1,50.0
10,47,56,3,6,6,1,50.0
32,31,77,3,5,3,1,50.0
10,49,47,3,6,6,1,50.0
32,28,74,3,5,2,1,50.0
10,50,59,3,6,6,1,50.0
32,27,71,3,5,3,1,50.0
32,26,59,3,5,4,1,50.0
32,24,1,3,5,4,1,50.0
32,22,11,3,5,4,1,50.0
32,21,7,3,5,4,1,50.0
10,53,65,3,5,6,1,50.0
32,19,4,3,5,4,1,50.0
32,18,74,3,6,3,1,50.0
32,17,77,3,6,2,1,50.0
32,15,65,3,6,4,1,50.0
32,13,62,3,6,4,1,50.0
32,11,71,3,6,3,1,50.0
32,9,68,3,6,6,1,50.0
32,8,44,3,6,6,1,50.0
32,7,47,3,6,6,1,50.0
32,5,50,3,6,6,1,50.0
32,4,53,3,6,6,1,50.0
32,2,41,3,6,6,1,50.0
32,0,56,3,6,6,1,50.0
31,99,56,3,4,6,1,50.0
31,98,5,3,4,5,1,50.0
31,97,32,3,4,6,1,50.0
31,96,59,3,4,6,1,50.0
10,55,62,3,6,6,1,50.0
31,95,29,3,4,6,1,50.0
31,92,53,3,4,6,1,50.0
31,91,50,3,4,6,1,50.0
10,66,27,3,6,6,1,50.0
31,88,47,3,4,6,1,50.0
10,67,44,3,6,6,1,50.0
31,87,44,3,4,6,1,50.0
31,85,26,3,4,6,1,50.0
31,84,14,3,4,6,1,50.0
31,83,41,3,4,6,1,50.0
31,82,38,3,4,6,1,50.0
31,81,23,3,4,6,1,50.0
31,80,11,3,4,6,1,50.0
31,77,17,3,4,6,1,50.0
31,74,8,3,4,6,1,50.0
31,73,20,3,4,6,1,50.0
31,72,2,3,4,6,1,50.0
31,70,65,3,4,6,1,50.0
31,69,47,3,5,6,1,50.0
31,68,35,3,5,6,1,50.0
31,67,59,3,5,6,1,50.0
31,66,38,3,5,6,1,50.0
31,65,13,3,5,6,1,50.0
31,64,62,3,5,6,1,50.0
31,63,41,3,5,6,1,50.0
31,62,44,3,5,6,1,50.0
31,59,32,3,5,6,1,50.0
31,56,53,3,5,6,1,50.0
31,55,50,3,5,6,1,50.0
31,51,29,3,5,6,1,50.0
31,49,26,3,5,6,1,50.0
31,46,23,3,5,6,1,50.0
31,43,20,3,5,6,1,50.0
31,39,17,3,5,6,1,50.0
31,38,10,3,5,6,1,50.0
31,36,74,3,3,6,1,50.0
31,35,7,3,5,6,1,50.0
31,34,4,3,5,6,1,50.0
31,27,74,3,4,2,1,50.0
10,69,24,3,6,6,1,50.0
31,26,77,3,4,4,1,50.0
31,25,68,3,4,4,1,50.0
10,70,21,3,6,6,1,50.0
10,74,41,3,6,6,1,50.0
31,24,77,3,5,1,1,50.0
31,23,74,3,5,2,1,50.0
31,22,71,3,5,4,1,50.0
10,83,17,3,6,6,1,50.0
31,21,68,3,5,2,1,50.0
31,20,65,3,5,2,1,50.0
31,19,1,3,5,4,1,50.0
31,18,56,3,5,5,1,50.0
31,15,77,3,6,4,1,50.0
31,13,65,3,6,4,1,50.0
31,12,47,3,6,4,1,50.0
31,11,74,3,6,3,1,50.0
31,9,71,3,6,6,1,50.0
31,8,62,3,6,6,1,50.0
31,5,44,3,6,6,1,50.0
31,4,41,3,6,6,1,50.0
31,3,38,3,6,6,1,50.0
31,1,35,3,6,6,1,50.0
31,0,53,3,6,6,1,50.0
30,99,47,3,6,6,1,50.0
30,98,65,3,6,6,1,50.0
30,97,35,3,6,6,1,50.0
30,90,32,3,6,6,1,50.0
30,88,29,3,6,6,1,50.0
30,87,56,3,6,6,1,50.0
30,79,19,3,6,6,1,50.0
30,73,1,3,6,6,1,50.0
30,69,16,3,6,6,1,50.0
30,62,10,3,6,6,1,50.0
30,61,7,3,6,6,1,50.0
10,86,10,3,6,6,1,50.0
30,23,74,3,1,3,1,50.0
30,22,68,3,2,4,1,50.0
30,18,71,3,2,3,1,50.0
30,15,77,3,2,5,1,50.0
29,98,62,3,6,6,1,50.0
29,96,39,3,6,6,1,50.0
29,89,36,3,6,6,1,50.0
29,82,59,3,5,6,1,50.0
29,75,33,3,6,6,1,50.0
29,70,11,3,6,6,1,50.0
29,69,8,3,6,6,1,50.0
29,61,56,3,5,6,1,50.0
29,56,23,3,6,6,1,50.0
29,54,65,3,5,6,1,50.0
29,48,26,3,6,6,1,50.0
29,47,53,3,6,6,1,50.0
29,45,5,3,6,6,1,50.0
29,40,77,3,3,6,1,50.0
29,31,68,3,5,6,1,50.0
29,26,74,3,3,3,1,50.0
11,0,47,3,4,6,1,50.0
29,25,71,3,3,4,1,50.0
29,24,77,3,4,2,1,50.0
29,22,74,3,4,5,1,50.0
29,20,71,3,4,4,1,50.0
29,18,77,3,5,4,1,50.0
29,15,74,3,5,5,1,50.0
29,13,71,3,5,5,1,50.0
28,98,39,3,5,6,1,50.0
28,96,36,3,5,6,1,50.0
11,1,13,3,4,6,1,50.0
28,93,20,3,5,6,1,50.0
28,92,32,3,5,6,1,50.0
28,90,29,3,5,6,1,50.0
28,88,26,3,5,6,1,50.0
28,87,23,3,5,6,1,50.0
28,82,14,3,5,6,1,50.0
28,80,2,3,5,6,1,50.0
28,79,11,3,5,6,1,50.0
28,78,17,3,5,6,1,50.0
28,75,47,3,6,6,1,50.0
28,74,50,3,6,6,1,50.0
28,69,38,3,6,6,1,50.0
28,67,41,3,6,6,1,50.0
28,66,35,3,6,6,1,50.0
28,64,44,3,6,6,1,50.0
11,6,53,3,4,6,1,50.0
28,63,26,3,6,6,1,50.0
28,61,32,3,6,6,1,50.0
28,60,17,3,6,6,1,50.0
28,58,62,3,6,6,1,50.0
28,57,29,3,6,6,1,50.0
28,48,10,3,6,6,1,50.0
28,46,14,3,6,6,1,50.0
28,38,23,3,6,6,1,50.0
28,30,77,3,2,3,1,50.0
11,9,74,3,4,5,1,50.0
28,27,71,3,2,4,1,50.0
28,25,74,3,3,3,1,50.0
28,20,77,3,3,2,1,50.0
28,19,71,3,3,3,1,50.0
11,12,77,3,2,5,1,50.0
28,16,68,3,3,5,1,50.0
11,13,77,3,3,6,1,50.0
28,15,68,3,4,5,1,50.0
28,13,74,3,4,5,1,50.0
28,11,77,3,4,4,1,50.0
28,8,71,3,4,6,1,50.0
28,7,77,3,5,6,1,50.0
28,4,20,3,6,6,1,50.0
28,2,2,3,6,6,1,50.0
27,99,29,3,4,6,1,50.0
27,98,47,3,4,6,1,50.0
27,97,20,3,4,6,1,50.0
27,96,17,3,4,6,1,50.0
11,15,59,3,4,4,1,50.0
27,92,62,3,5,6,1,50.0
27,89,47,3,5,6,1,50.0
27,88,36,3,4,6,1,50.0
11,17,71,3,4,2,1,50.0
11,18,68,3,4,4,1,50.0
27,87,41,3,5,6,1,50.0
27,86,38,3,5,6,1,50.0
27,85,56,3,5,6,1,50.0
27,83,35,3,5,6,1,50.0
11,20,62,3,4,3,1,50.0
27,82,32,3,5,6,1,50.0
27,80,29,3,5,6,1,50.0
27,74,44,3,5,6,1,50.0
27,72,26,3,5,6,1,50.0
27,70,1,3,5,5,1,50.0
27,69,21,3,5,6,1,50.0
27,68,13,3,5,6,1,50.0
27,67,50,3,5,6,1,50.0
11,22,1,3,4,4,1,50.0
27,66,24,3,6,6,1,50.0
27,64,41,3,6,6,1,50.0
27,62,62,3,6,6,1,50.0
27,58,50,3,6,6,1,50.0
27,57,47,3,6,6,1,50.0
27,54,53,3,5,6,1,50.0
27,53,53,3,6,6,1,50.0
27,52,56,3,6,6,1,50.0
27,50,44,3,6,6,1,50.0
11,24,56,3,4,4,1,50.0
27,49,35,3,6,6,1,50.0
27,45,38,3,6,6,1,50.0
27,43,32,3,6,6,1,50.0
27,39,29,3,6,6,1,50.0
27,38,20,3,6,6,1,50.0
27,37,65,3,4,6,1,50.0
27,35,17,3,6,6,1,50.0
27,34,11,3,6,6,1,50.0
27,32,59,3,5,6,1,50.0
27,31,59,3,6,6,1,50.0
27,28,74,3,3,5,1,50.0
27,26,68,3,3,4,1,50.0
11,25,38,3,4,4,1,50.0
11,26,74,3,5,4,1,50.0
27,25,74,3,4,4,1,50.0
27,24,77,3,3,3,1,50.0
27,18,77,3,4,5,1,50.0
27,17,68,3,4,2,1,50.0
27,16,65,3,5,4,1,50.0
27,15,77,3,5,6,1,50.0
27,12,71,3,5,5,1,50.0
27,10,68,3,5,4,1,50.0
27,9,74,3,5,6,1,50.0
27,3,4,3,6,6,1,50.0
26,99,50,3,4,6,1,50.0
26,98,36,3,4,6,1,50.0
26,96,62,3,4,6,1,50.0
26,95,26,3,4,6,1,50.0
26,94,23,3,4,6,1,50.0
26,93,13,3,4,6,1,50.0
11,27,77,3,5,6,1,50.0
26,92,47,3,4,6,1,50.0
26,90,41,3,4,6,1,50.0
26,89,20,3,4,6,1,50.0
26,88,44,3,4,6,1,50.0
26,87,17,3,4,6,1,50.0
26,85,5,3,4,6,1,50.0
26,84,10,3,4,6,1,50.0
26,81,29,3,5,6,1,50.0
26,80,38,3,5,6,1,50.0
26,79,35,3,5,6,1,50.0
26,78,20,3,5,6,1,50.0
26,77,23,3,5,6,1,50.0
26,76,26,3,5,6,1,50.0
26,73,47,3,5,6,1,50.0
26,70,50,3,5,6,1,50.0
26,69,32,3,5,6,1,50.0
26,67,17,3,5,6,1,50.0
26,63,14,3,5,6,1,50.0
26,62,7,3,5,6,1,50.0
26,61,44,3,5,6,1,50.0
26,60,41,3,5,6,1,50.0
26,59,10,3,5,6,1,50.0
26,57,4,3,5,6,1,50.0
26,55,1,3,5,6,1,50.0
26,54,50,3,6,6,1,50.0
26,53,62,3,5,6,1,50.0
26,51,38,3,6,6,1,50.0
26,48,41,3,6,6,1,50.0
26,47,47,3,6,6,1,50.0
26,46,44,3,6,6,1,50.0
26,44,71,3,4,5,1,50.0
11,32,38,3,5,6,1,50.0
26,43,35,3,6,6,1,50.0
26,42,32,3,6,6,1,50.0
11,34,50,3,5,6,1,50.0
26,41,29,3,6,6,1,50.0
26,40,68,3,5,6,1,50.0
26,39,26,3,6,6,1,50.0
26,38,7,3,6,6,1,50.0
26,37,23,3,6,6,1,50.0
26,36,56,3,4,6,1,50.0
26,34,20,3,6,6,1,50.0
11,35,32,3,5,6,1,50.0
26,32,17,3,6,6,1,50.0
26,31,56,3,5,6,1,50.0
26,30,74,3,5,2,1,50.0
26,28,65,3,4,6,1,50.0
26,25,65,3,5,3,1,50.0
26,22,59,3,5,4,1,50.0
26,20,77,3,5,3,1,50.0
26,19,71,3,5,4,1,50.0
26,16,53,3,5,4,1,50.0
26,15,53,3,6,4,1,50.0
26,14,77,3,6,1,1,50.0
26,13,59,3,6,4,1,50.0
26,12,2,3,6,4,1,50.0
26,8,74,3,6,6,1,50.0
26,5,13,3,6,6,1,50.0
11,37,29,3,5,6,1,50.0
26,1,10,3,6,6,1,50.0
25,98,50,3,3,6,1,50.0
25,97,23,3,3,6,1,50.0
25,96,14,3,3,6,1,50.0
25,95,23,3,4,6,1,50.0
25,94,26,3,4,6,1,50.0
25,93,5,3,4,6,1,50.0
11,38,35,3,5,6,1,50.0
11,39,23,3,5,6,1,50.0
25,91,44,3,4,6,1,50.0
25,89,33,3,4,6,1,50.0
25,88,50,3,4,6,1,50.0
25,87,47,3,4,6,1,50.0
25,86,41,3,4,6,1,50.0
11,40,41,3,5,6,1,50.0
25,85,30,3,4,6,1,50.0
25,84,2,3,4,6,1,50.0
25,83,14,3,4,6,1,50.0
25,82,20,3,4,6,1,50.0
25,81,17,3,4,6,1,50.0
25,80,35,3,5,6,1,50.0
25,79,29,3,5,6,1,50.0
25,78,11,3,4,6,1,50.0
25,75,44,3,5,6,1,50.0
25,74,26,3,5,6,1,50.0
25,73,38,3,5,6,1,50.0
11,42,26,3,5,6,1,50.0
25,70,47,3,5,6,1,50.0
25,69,5,3,5,6,1,50.0
11,43,47,3,5,6,1,50.0
25,68,32,3,5,6,1,50.0
25,67,23,3,5,6,1,50.0
11,44,68,3,5,4,1,50.0
25,66,17,3,5,6,1,50.0
25,64,20,3,5,6,1,50.0
25,62,14,3,5,6,1,50.0
25,59,1,3,5,6,1,50.0
25,58,11,3,5,6,1,50.0
25,57,8,3,5,6,1,50.0
25,56,62,3,3,6,1,50.0
25,55,47,3,6,6,1,50.0
25,54,44,3,6,6,1,50.0
25,53,50,3,5,6,1,50.0
25,52,62,3,4,6,1,50.0
25,51,32,3,6,6,1,50.0
25,50,56,3,4,6,1,50.0
25,49,41,3,5,6,1,50.0
25,47,50,3,6,6,1,50.0
25,46,38,3,6,6,1,50.0
25,45,41,3,6,6,1,50.0
11,45,44,3,5,6,1,50.0
25,43,29,3,6,6,1,50.0
25,42,35,3,6,6,1,50.0
25,41,26,3,6,6,1,50.0
25,39,14,3,6,6,1,50.0
25,37,20,3,6,6,1,50.0
25,36,71,3,5,5,1,50.0
25,35,23,3,6,6,1,50.0
25,33,74,3,5,2,1,50.0
25,32,11,3,6,6,1,50.0
25,31,17,3,6,6,1,50.0
25,30,68,3,5,3,1,50.0
25,27,65,3,4,6,1,50.0
25,26,65,3,5,6,1,50.0
25,23,62,3,5,6,1,50.0
25,22,59,3,3,5,1,50.0
25,20,59,3,4,3,1,50.0
25,19,53,3,4,5,1,50.0
25,18,59,3,5,4,1,50.0
25,17,53,3,5,4,1,50.0
25,16,56,3,5,4,1,50.0
25,13,56,3,6,4,1,50.0
11,47,20,3,5,6,1,50.0
11,49,17,3,5,6,1,50.0
25,12,65,3,6,5,1,50.0
25,11,71,3,6,5,1,50.0
25,9,8,3,6,6,1,50.0
25,8,1,3,6,6,1,50.0
25,5,5,3,6,6,1,50.0
24,99,38,3,4,6,1,50.0
24,98,14,3,5,6,1,50.0
24,97,11,3,5,6,1,50.0
24,96,47,3,4,6,1,50.0
24,95,8,3,5,6,1,50.0
24,92,59,3,5,6,1,50.0
24,91,35,3,4,6,1,50.0
11,53,10,3,5,6,1,50.0
24,87,38,3,5,6,1,50.0
24,85,50,3,4,6,1,50.0
24,82,41,3,5,6,1,50.0
24,79,5,3,5,6,1,50.0
24,70,2,3,5,6,1,50.0
24,68,20,3,6,6,1,50.0
11,55,14,3,5,6,1,50.0
24,63,47,3,5,6,1,50.0
24,62,17,3,6,6,1,50.0
24,58,35,3,5,6,1,50.0
24,57,32,3,6,6,1,50.0
24,50,50,3,5,6,1,50.0
24,49,44,3,5,6,1,50.0
24,48,38,3,6,6,1,50.0
24,47,44,3,6,6,1,50.0
24,46,47,3,6,6,1,50.0
11,57,1,3,5,6,1,50.0
24,45,50,3,6,6,1,50.0
24,41,41,3,6,6,1,50.0
24,38,4,3,6,6,1,50.0
11,58,4,3,5,6,1,50.0
24,37,14,3,6,6,1,50.0
24,34,35,3,6,6,1,50.0
24,25,74,3,4,6,1,50.0
24,20,77,3,4,4,1,50.0
24,18,71,3,4,4,1,50.0
24,14,74,3,5,1,1,50.0
24,13,53,3,5,4,1,50.0
24,11,65,3,5,5,1,50.0
24,10,77,3,5,5,1,50.0
24,9,11,3,6,6,1,50.0
24,8,77,3,6,5,1,50.0
24,7,71,3,5,6,1,50.0
24,6,1,3,6,6,1,50.0
24,3,8,3,6,6,1,50.0
23,99,41,3,6,6,1,50.0
23,98,26,3,6,6,1,50.0
23,91,17,3,6,6,1,50.0
23,89,23,3,6,6,1,50.0
23,86,47,3,6,6,1,50.0
23,83,32,3,6,6,1,50.0
11,59,23,3,6,6,1,50.0
23,81,20,3,6,6,1,50.0
23,75,38,3,6,6,1,50.0
23,50,35,3,6,6,1,50.0
23,44,77,3,2,4,1,50.0
11,60,14,3,6,6,1,50.0
23,31,50,3,6,6,1,50.0
23,27,71,3,2,6,1,50.0
23,20,68,3,2,4,1,50.0
23,16,77,3,3,5,1,50.0
23,15,71,3,3,6,1,50.0
23,10,68,3,3,5,1,50.0
22,98,23,3,5,6,1,50.0
22,96,44,3,5,6,1,50.0
22,95,16,3,5,6,1,50.0
11,61,50,3,6,6,1,50.0
22,94,13,3,5,6,1,50.0
22,92,41,3,4,6,1,50.0
22,90,47,3,4,6,1,50.0
22,88,41,3,5,6,1,50.0
22,84,7,3,5,6,1,50.0
22,82,29,3,5,6,1,50.0
22,81,26,3,5,6,1,50.0
22,79,2,3,5,6,1,50.0
11,63,11,3,6,6,1,50.0
22,78,14,3,6,6,1,50.0
22,76,20,3,5,6,1,50.0
22,75,26,3,6,6,1,50.0
22,70,32,3,5,6,1,50.0
22,69,35,3,5,6,1,50.0
22,68,10,3,5,6,1,50.0
22,67,38,3,5,6,1,50.0
22,64,38,3,6,6,1,50.0
22,63,23,3,6,6,1,50.0
22,61,20,3,6,6,1,50.0
22,60,11,3,6,6,1,50.0
22,58,47,3,5,6,1,50.0
22,57,17,3,6,6,1,50.0
22,56,44,3,6,6,1,50.0
22,55,8,3,6,6,1,50.0
22,54,5,3,6,6,1,50.0
22,53,47,3,6,6,1,50.0
22,51,2,3,6,6,1,50.0
22,50,41,3,6,6,1,50.0
22,47,35,3,6,6,1,50.0
22,42,29,3,6,6,1,50.0
22,41,51,2,5,3,2,50.0
22,38,32,3,6,6,1,50.0
11,65,7,3,6,6,1,50.0
11,69,29,3,6,6,1,50.0
11,72,62,3,5,6,1,50.0
22,30,71,3,5,3,1,50.0
22,28,68,3,5,5,1,50.0
22,24,65,3,4,6,1,50.0
22,21,77,3,5,3,1,50.0
22,19,62,3,5,4,1,50.0
22,14,71,3,6,1,1,50.0
22,13,65,3,5,5,1,50.0
22,7,74,3,6,6,1,50.0
22,5,0,2,5,4,2,50.0
21,99,44,3,5,6,1,50.0
21,97,29,3,5,6,1,50.0
21,94,16,3,5,6,1,50.0
21,92,13,3,4,6,1,50.0
11,73,44,3,6,6,1,50.0
21,89,26,3,5,6,1,50.0
21,88,33,3,5,6,1,50.0
21,87,20,3,5,6,1,50.0
21,84,0,2,4,3,2,50.0
21,83,23,3,5,6,1,50.0
21,82,11,3,5,6,1,50.0
21,80,8,3,5,6,1,50.0
21,76,5,3,5,6,1,50.0
21,75,2,3,5,6,1,50.0
21,73,35,3,6,6,1,50.0
21,69,2,3,6,6,1,50.0
21,68,29,3,6,6,1,50.0
21,67,32,3,6,6,1,50.0
21,63,8,3,6,6,1,50.0
11,74,35,3,6,6,1,50.0
21,62,26,3,6,6,1,50.0
11,77,2,3,6,6,1,50.0
21,54,23,3,6,6,1,50.0
21,52,50,3,5,6,1,50.0
21,47,41,3,5,6,1,50.0
21,44,71,3,2,6,1,50.0
21,43,38,3,5,6,1,50.0
21,41,47,3,5,6,1,50.0
21,40,50,3,6,6,1,50.0
21,37,17,3,6,6,1,50.0
21,36,68,3,3,5,1,50.0
21,35,38,3,6,6,1,50.0
21,34,47,3,6,6,1,50.0
21,32,20,3,6,6,1,50.0
21,31,14,3,6,6,1,50.0
21,30,74,3,3,3,1,50.0
21,27,74,3,4,6,1,50.0
21,26,71,3,3,6,1,50.0
21,24,68,3,4,5,1,50.0
21,22,77,3,4,6,1,50.0
21,20,59,3,4,4,1,50.0
21,16,71,3,4,5,1,50.0
21,13,68,3,5,5,1,50.0
21,11,59,3,5,5,1,50.0
21,10,74,3,5,5,1,50.0
21,5,41,3,6,6,1,50.0
21,4,11,3,6,6,1,50.0
11,80,32,3,6,6,1,50.0
21,3,44,3,6,6,1,50.0
21,1,5,3,6,6,1,50.0
20,99,32,3,3,6,1,50.0
20,98,20,3,3,6,1,50.0
20,96,23,3,3,6,1,50.0
20,95,13,3,3,6,1,50.0
20,94,10,3,3,6,1,50.0
20,93,2,3,3,6,1,50.0
20,92,29,3,3,6,1,50.0
20,90,17,3,3,6,1,50.0
20,89,7,3,3,6,1,50.0
20,88,20,3,4,6,1,50.0
20,86,32,3,4,6,1,50.0
20,85,44,3,3,6,1,50.0
20,84,0,2,3,5,2,50.0
20,82,8,3,4,6,1,50.0
11,86,20,3,6,6,1,50.0
11,87,26,3,6,6,1,50.0
20,81,14,3,4,6,1,50.0
20,80,23,3,4,6,1,50.0
11,88,17,3,6,6,1,50.0
20,77,11,3,4,6,1,50.0
20,76,29,3,4,6,1,50.0
20,75,17,3,4,6,1,50.0
20,74,5,3,4,6,1,50.0
20,73,26,3,4,6,1,50.0
20,72,44,3,4,6,1,50.0
20,71,56,3,4,6,1,50.0
20,70,29,3,5,6,1,50.0
20,68,26,3,5,6,1,50.0
20,67,2,3,4,6,1,50.0
20,66,14,3,5,6,1,50.0
11,91,41,3,6,6,1,50.0
20,64,35,3,4,6,1,50.0
20,63,5,3,5,6,1,50.0
20,62,1,3,5,6,1,50.0
20,61,23,3,5,6,1,50.0
20,60,8,3,5,6,1,50.0
20,59,7,3,6,6,1,50.0
20,58,32,3,5,6,1,50.0
20,57,20,3,5,6,1,50.0
20,56,11,3,5,6,1,50.0
20,55,26,3,6,6,1,50.0
20,54,17,3,5,6,1,50.0
20,53,41,3,4,6,1,50.0
20,52,47,3,4,6,1,50.0
20,51,23,3,6,6,1,50.0
20,50,38,3,4,6,1,50.0
20,48,32,3,6,6,1,50.0
20,47,38,3,5,6,1,50.0
20,46,29,3,6,6,1,50.0
20,44,77,3,5,5,1,50.0
20,43,50,3,3,6,1,50.0
20,42,38,3,6,6,1,50.0
20,41,44,3,5,6,1,50.0
20,40,35,3,5,6,1,50.0
20,38,1,3,6,6,1,50.0
20,36,71,3,5,6,1,50.0
20,35,20,3,6,6,1,50.0
20,34,44,3,6,6,1,50.0
20,32,35,3,6,6,1,50.0
20,31,11,3,6,6,1,50.0
20,30,74,3,5,4,1,50.0
20,29,65,3,3,6,1,50.0
20,27,68,3,5,6,1,50.0
20,26,62,3,4,6,1,50.0
20,25,53,3,4,6,1,50.0
20,24,62,3,5,5,1,50.0
20,22,65,3,4,6,1,50.0
20,21,65,3,5,5,1,50.0
20,18,50,3,4,4,1,50.0
20,17,59,3,5,5,1,50.0
20,16,47,3,5,4,1,50.0
20,13,50,3,5,4,1,50.0
20,11,56,3,5,5,1,50.0
20,10,53,3,5,6,1,50.0
20,9,17,3,6,6,1,50.0
20,6,50,3,6,6,1,50.0
20,5,47,3,6,6,1,50.0
20,4,4,3,6,6,1,50.0
20,0,41,3,5,6,1,50.0
19,99,26,3,5,6,1,50.0
19,97,16,3,5,6,1,50.0
19,96,33,3,5,6,1,50.0
19,94,7,3,5,6,1,50.0
19,91,29,3,5,6,1,50.0
19,90,38,3,5,6,1,50.0
19,88,13,3,5,6,1,50.0
19,87,35,3,4,6,1,50.0
19,86,23,3,5,6,1,50.0
19,83,4,3,5,6,1,50.0
19,82,1,3,5,6,1,50.0
19,78,8,3,6,6,1,50.0
19,73,32,3,6,6,1,50.0
19,71,59,3,5,6,1,50.0
19,70,16,3,6,6,1,50.0
19,67,10,3,5,6,1,50.0
19,65,4,3,6,6,1,50.0
19,63,1,3,6,6,1,50.0
19,61,26,3,6,6,1,50.0
19,58,29,3,6,6,1,50.0
19,57,23,3,6,6,1,50.0
19,55,11,3,6,6,1,50.0
19,53,44,3,4,6,1,50.0
19,45,47,3,5,6,1,50.0
19,40,38,3,6,6,1,50.0
19,35,51,2,5,3,2,50.0
19,29,74,3,3,6,1,50.0
19,28,77,3,4,6,1,50.0
19,26,68,3,4,6,1,50.0
19,25,68,3,5,6,1,50.0
19,24,74,3,4,6,1,50.0
19,21,77,3,5,5,1,50.0
19,20,41,3,4,6,1,50.0
19,18,74,3,5,4,1,50.0
19,16,62,3,5,4,1,50.0
19,15,65,3,5,5,1,50.0
19,8,41,3,5,6,1,50.0
19,6,44,3,5,6,1,50.0
19,4,47,3,6,6,1,50.0
19,1,44,3,6,6,1,50.0
18,96,20,3,4,6,1,50.0
18,95,5,3,4,6,1,50.0
18,91,14,3,4,6,1,50.0
12,0,32,3,4,6,1,50.0
18,90,2,3,4,6,1,50.0
18,88,7,3,5,6,1,50.0
12,2,29,3,4,6,1,50.0
12,3,26,3,4,6,1,50.0
12,4,38,3,5,6,1,50.0
18,87,32,3,5,6,1,50.0
18,86,4,3,5,6,1,50.0
18,84,17,2,4,2,2,50.0
18,83,29,3,5,6,1,50.0
18,82,5,3,6,6,1,50.0
18,81,11,3,5,6,1,50.0
12,5,32,3,5,6,1,50.0
18,79,26,3,5,6,1,50.0
18,78,1,3,5,6,1,50.0
18,77,14,3,5,6,1,50.0
18,74,19,3,5,6,1,50.0
18,70,8,3,6,6,1,50.0
18,68,23,3,5,6,1,50.0
18,67,29,3,6,6,1,50.0
18,66,11,3,6,6,1,50.0
18,63,51,2,5,1,2,50.0
18,61,17,3,6,6,1,50.0
18,60,2,3,6,6,1,50.0
18,58,14,3,6,6,1,50.0
18,57,26,3,6,6,1,50.0
18,54,20,3,6,6,1,50.0
18,53,38,3,5,6,1,50.0
18,52,41,3,5,6,1,50.0
18,50,47,3,4,6,1,50.0
18,47,32,3,6,6,1,50.0
18,44,74,3,5,5,1,50.0
12,8,35,3,5,6,1,50.0
18,41,35,3,5,6,1,50.0
18,40,23,3,6,6,1,50.0
18,39,38,3,6,6,1,50.0
18,36,68,3,5,6,1,50.0
18,25,62,3,5,6,1,50.0
18,22,53,3,5,5,1,50.0
18,20,65,3,4,6,1,50.0
18,19,71,3,5,5,1,50.0
18,15,59,3,5,5,1,50.0
18,13,47,3,5,4,1,50.0
18,12,44,3,5,4,1,50.0
18,7,44,3,6,6,1,50.0
18,4,35,3,6,6,1,50.0
17,99,10,3,6,6,1,50.0
17,98,17,3,5,6,1,50.0
17,96,26,3,5,6,1,50.0
17,92,20,3,6,6,1,50.0
17,90,14,3,5,6,1,50.0
17,85,35,3,5,6,1,50.0
17,83,1,3,6,6,1,50.0
17,80,16,3,6,6,1,50.0
12,11,53,3,5,5,1,50.0
17,64,32,3,5,6,1,50.0
17,62,29,3,5,6,1,50.0
17,57,13,3,6,6,1,50.0
17,53,32,3,6,6,1,50.0
17,52,38,3,6,6,1,50.0
17,51,26,3,6,6,1,50.0
17,48,4,3,6,6,1,50.0
17,45,35,3,6,6,1,50.0
12,13,41,3,4,5,1,50.0
17,40,29,3,6,6,1,50.0
17,36,77,3,3,5,1,50.0
17,32,23,3,6,6,1,50.0
17,31,51,2,4,2,2,50.0
17,29,71,3,3,6,1,50.0
17,28,74,3,3,6,1,50.0
17,26,56,3,5,6,1,50.0
17,25,59,3,6,6,1,50.0
17,22,68,3,3,6,1,50.0
17,21,71,3,4,5,1,50.0
17,20,77,3,4,6,1,50.0
17,19,74,3,4,6,1,50.0
17,16,65,3,4,5,1,50.0
17,15,68,3,4,6,1,50.0
17,13,62,3,5,5,1,50.0
12,15,62,3,5,5,1,50.0
17,0,50,3,6,6,1,50.0
16,99,7,3,5,6,1,50.0
16,98,4,3,5,6,1,50.0
16,91,1,3,5,6,1,50.0
16,90,23,3,5,6,1,50.0
16,88,4,3,6,6,1,50.0
16,87,14,3,4,6,1,50.0
12,16,59,3,5,4,1,50.0
16,85,20,3,5,6,1,50.0
16,79,16,3,5,6,1,50.0
16,77,8,3,6,6,1,50.0
16,74,13,3,5,6,1,50.0
16,67,26,3,6,6,1,50.0
16,65,1,3,6,6,1,50.0
16,64,29,3,6,6,1,50.0
16,63,33,2,5,4,2,50.0
16,61,14,3,6,6,1,50.0
16,49,20,3,6,6,1,50.0
16,47,17,3,6,6,1,50.0
16,45,11,3,6,6,1,50.0
16,42,23,3,6,6,1,50.0
16,41,38,3,5,6,1,50.0
16,39,35,3,5,6,1,50.0
16,38,38,3,6,6,1,50.0
12,17,48,3,5,5,1,50.0
16,24,56,3,5,5,1,50.0
16,22,62,3,5,6,1,50.0
16,21,53,3,5,5,1,50.0
16,20,74,3,5,6,1,50.0
16,18,59,3,5,6,1,50.0
16,12,45,3,5,5,1,50.0
16,8,77,3,6,6,1,50.0
16,7,35,3,6,6,1,50.0
15,99,1,3,5,6,1,50.0
15,97,8,3,6,6,1,50.0
15,95,2,3,6,6,1,50.0
15,91,26,3,5,6,1,50.0
15,75,11,3,6,6,1,50.0
12,18,56,3,5,6,1,50.0
15,61,10,3,5,6,1,50.0
15,53,20,3,5,6,1,50.0
12,19,41,3,5,6,1,50.0
15,50,32,3,4,6,1,50.0
15,45,32,3,5,6,1,50.0
15,41,20,3,6,6,1,50.0
12,20,14,3,5,6,1,50.0
15,39,32,3,6,6,1,50.0
15,37,26,3,6,6,1,50.0
12,22,56,3,6,5,1,50.0
15,35,29,3,5,6,1,50.0
12,24,71,3,6,6,1,50.0
15,34,23,3,5,6,1,50.0
15,33,74,3,6,3,1,50.0
15,32,29,3,6,6,1,50.0
12,25,0,2,3,3,2,50.0
12,26,0,2,5,3,2,50.0
15,24,56,3,5,6,1,50.0
15,22,53,3,5,6,1,50.0
15,21,62,3,6,5,1,50.0
15,20,59,3,6,6,1,50.0
15,19,35,3,4,6,1,50.0
15,18,48,3,5,6,1,50.0
15,16,45,3,5,6,1,50.0
15,11,38,3,5,6,1,50.0
15,8,23,3,6,6,1,50.0
15,5,38,3,6,6,1,50.0
15,3,47,3,6,6,1,50.0
15,0,5,3,6,6,1,50.0
14,98,11,3,6,6,1,50.0
14,96,8,3,6,6,1,50.0
14,92,16,3,6,6,1,50.0
14,86,1,3,6,6,1,50.0
14,80,5,3,6,6,1,50.0
14,79,23,3,6,6,1,50.0
14,72,38,3,6,6,1,50.0
12,27,14,3,6,6,1,50.0
14,47,29,3,6,6,1,50.0
14,43,44,3,6,6,1,50.0
12,32,26,3,5,6,1,50.0
14,36,77,3,2,6,1,50.0
14,34,26,3,6,6,1,50.0
14,21,68,3,1,6,1,50.0
12,36,11,3,5,6,1,50.0
12,38,29,3,5,6,1,50.0
14,20,71,3,2,6,1,50.0
14,17,74,3,2,5,1,50.0
14,16,68,3,2,6,1,50.0
14,11,77,3,3,6,1,50.0
13,99,4,3,4,6,1,50.0
13,98,1,3,5,6,1,50.0
13,97,5,3,5,6,1,50.0
13,96,11,3,4,6,1,50.0
12,39,8,3,5,6,1,50.0
13,94,1,3,6,6,1,50.0
13,93,34,2,4,3,2,50.0
13,92,10,3,6,6,1,50.0
13,90,26,3,4,6,1,50.0
13,89,30,3,4,6,1,50.0
13,87,11,3,5,6,1,50.0
12,42,20,3,5,6,1,50.0
13,86,7,3,6,6,1,50.0
13,81,4,3,6,6,1,50.0
13,76,23,3,4,6,1,50.0
13,75,14,3,4,6,1,50.0
13,67,20,3,4,6,1,50.0
13,64,17,3,5,6,1,50.0
12,43,17,3,5,6,1,50.0
13,58,19,3,6,6,1,50.0
13,56,14,3,5,6,1,50.0
13,50,29,3,5,6,1,50.0
13,49,14,3,6,6,1,50.0
13,46,26,3,5,6,1,50.0
13,45,20,3,5,6,1,50.0
12,45,29,3,6,6,1,50.0
13,44,68,3,6,5,1,50.0
13,43,41,3,6,6,1,50.0
13,40,32,3,6,6,1,50.0
12,49,8,2,3,3,2,50.0
12,50,5,3,5,6,1,50.0
13,35,26,3,6,6,1,50.0
13,34,29,3,6,6,1,50.0
13,31,23,3,5,6,1,50.0
13,25,36,2,3,3,2,50.0
13,24,59,3,5,6,1,50.0
13,22,56,3,5,6,1,50.0
13,20,53,3,5,6,1,50.0
12,52,2,3,5,6,1,50.0
12,53,7,3,6,6,1,50.0
13,19,56,3,6,5,1,50.0
13,16,50,3,5,5,1,50.0
13,15,44,3,4,6,1,50.0
13,12,38,3,4,6,1,50.0
13,11,47,3,5,6,1,50.0
13,7,38,3,5,6,1,50.0
13,1,23,3,6,6,1,50.0
13,0,38,3,6,6,1,50.0
12,97,2,3,6,6,1,50.0
12,92,51,2,5,3,2,50.0
12,91,11,3,6,6,1,50.0
12,89,17,3,6,6,1,50.0
12,73,23,3,5,6,1,50.0
12,72,35,3,6,6,1,50.0
