src,dst,spec,slots_used,core_src,core_dst,cores_used,tfk_slot
58,79,78,2,0,0,1,3.5
62,92,0,21,0,0,1,494.0
65,34,78,2,0,0,1,5.0
36,20,78,2,0,0,1,9.5
1,31,78,2,0,0,1,12.5
13,46,78,2,0,0,1,12.5
94,11,0,21,0,0,1,492.0
70,74,0,21,0,0,1,492.0
62,28,21,21,0,0,1,492.0
94,52,21,21,0,0,1,490.0
14,37,78,2,0,0,1,12.5
15,58,76,2,0,0,1,12.5
12,43,78,2,0,0,1,14.0
12,59,76,2,0,0,1,14.0
23,20,76,2,0,0,1,14.0
25,12,74,2,0,0,1,14.0
66,1,76,2,0,0,1,14.0
96,50,78,2,0,0,1,14.0
91,34,0,21,0,0,1,488.0
3,45,78,2,0,0,1,15.5
48,43,0,21,0,0,1,488.0
13,43,76,2,0,0,1,15.5
17,34,76,2,0,0,1,15.5
59,66,78,2,0,0,1,15.5
33,17,0,21,0,0,1,488.0
78,43,74,2,0,0,1,15.5
3,55,0,21,0,0,1,488.0
85,57,0,21,0,0,1,486.0
20,88,74,2,0,0,1,17.0
22,16,78,2,0,0,1,17.0
76,1,74,2,0,0,1,17.0
79,66,0,21,0,0,1,486.0
74,3,21,21,0,0,1,486.0
70,6,21,21,0,0,1,484.0
97,59,74,2,0,0,1,17.0
60,9,0,21,0,0,1,484.0
48,93,21,21,0,0,1,484.0
45,88,0,21,0,0,1,484.0
99,59,72,2,0,0,1,17.0
4,16,76,2,0,0,1,18.5
6,25,78,2,0,0,1,18.5
41,81,0,21,0,0,1,484.0
8,79,21,21,0,0,1,484.0
18,26,0,21,0,0,1,482.0
39,79,76,2,0,0,1,18.5
17,91,21,21,0,0,1,482.0
5,12,0,21,0,0,1,482.0
46,13,74,2,0,0,1,18.5
46,61,76,2,0,0,1,18.5
93,7,0,21,0,0,1,480.0
58,76,72,2,0,0,1,18.5
76,6,76,2,0,0,1,18.5
48,95,42,21,0,0,1,480.0
28,45,42,21,0,0,1,480.0
80,14,76,2,0,0,1,18.5
70,51,42,21,0,0,1,478.0
86,30,78,2,0,0,1,18.5
27,1,72,2,0,0,1,20.0
19,64,0,21,0,0,1,478.0
73,51,0,21,0,0,1,476.0
64,89,21,21,0,0,1,476.0
35,12,21,21,0,0,1,476.0
34,17,74,2,0,0,1,20.0
87,13,0,20,0,0,1,474.0
70,89,0,20,1,0,1,474.0
87,94,42,20,0,0,1,472.0
52,92,42,20,0,0,1,472.0
50,71,0,20,0,0,1,472.0
43,96,21,20,0,0,1,472.0
21,49,0,20,0,0,1,472.0
42,13,72,2,0,0,1,20.0
67,21,20,20,0,0,1,470.0
27,63,0,20,0,0,1,470.0
86,25,0,20,0,0,1,468.0
73,97,21,20,0,0,1,468.0
62,68,42,20,0,0,1,468.0
60,94,21,20,0,1,1,468.0
43,76,70,2,0,0,1,20.0
26,59,21,20,0,0,1,468.0
49,34,72,2,0,0,1,20.0
21,77,40,20,0,0,1,468.0
0,79,42,20,0,0,1,468.0
90,83,0,20,0,0,1,466.0
65,42,76,2,0,0,1,20.0
72,37,76,2,0,0,1,20.0
74,37,42,20,0,0,1,466.0
77,37,0,20,0,0,1,464.0
0,14,74,2,0,0,1,21.5
2,59,70,2,0,0,1,21.5
46,4,0,20,0,0,1,464.0
5,50,76,2,0,0,1,21.5
45,91,21,20,0,1,1,464.0
33,54,21,20,0,0,1,464.0
41,26,41,20,0,0,1,462.0
18,59,68,2,0,0,1,21.5
19,46,72,2,0,0,1,21.5
90,54,41,20,0,0,1,460.0
46,14,70,2,0,0,1,21.5
55,59,66,2,0,0,1,21.5
58,42,74,2,0,0,1,21.5
88,46,21,20,0,0,1,460.0
77,88,20,20,0,1,1,460.0
72,55,78,2,0,0,1,21.5
63,75,20,20,0,0,1,460.0
82,24,0,20,0,0,1,458.0
77,81,60,20,0,0,1,458.0
77,76,0,20,1,0,1,458.0
74,71,20,20,1,0,1,458.0
54,73,0,20,0,1,1,458.0
81,1,58,2,0,0,1,21.5
54,59,0,20,1,0,1,458.0
4,34,70,2,0,0,1,23.0
4,50,74,2,0,0,1,23.0
56,23,0,20,0,0,1,456.0
25,66,72,2,0,0,1,23.0
28,59,64,2,0,0,1,23.0
26,69,0,20,1,0,1,456.0
31,58,70,2,0,0,1,23.0
32,16,74,2,0,0,1,23.0
36,43,72,2,0,0,1,23.0
26,53,20,20,1,0,1,456.0
21,28,60,20,0,1,1,456.0
91,39,42,20,0,0,1,454.0
73,37,41,20,0,1,1,454.0
40,42,78,2,0,0,1,23.0
66,99,21,20,0,0,1,454.0
42,34,68,2,0,0,1,23.0
58,45,68,2,0,0,1,23.0
59,96,62,2,0,0,1,23.0
62,6,74,2,0,0,1,23.0
77,98,20,20,1,0,1,452.0
70,25,76,2,0,0,1,23.0
72,47,74,2,0,0,1,23.0
69,31,20,20,0,0,1,452.0
83,58,66,2,0,0,1,23.0
68,6,0,20,0,0,1,452.0
94,34,66,2,0,0,1,23.0
33,79,41,20,0,1,1,452.0
95,65,74,2,0,0,1,23.0
1,77,70,2,0,1,1,24.5
12,66,70,2,0,0,1,24.5
19,38,21,20,0,0,1,452.0
6,84,42,20,0,0,1,452.0
14,45,72,2,0,0,1,24.5
19,43,68,2,0,0,1,24.5
20,99,70,2,0,0,1,24.5
2,43,41,20,0,0,1,452.0
92,76,21,19,0,0,1,450.0
27,72,70,2,0,0,1,24.5
70,93,42,19,1,0,1,450.0
53,65,0,19,0,0,1,450.0
28,16,72,2,0,0,1,24.5
39,78,78,2,0,0,1,24.5
46,91,68,2,0,0,1,24.5
61,13,70,2,0,0,1,24.5
48,56,20,19,1,0,1,450.0
63,36,76,2,0,0,1,24.5
29,53,40,19,0,0,1,450.0
5,33,21,19,0,1,1,450.0
97,76,41,19,0,0,1,448.0
65,12,72,2,0,0,1,24.5
69,49,78,2,0,0,1,24.5
11,99,41,19,0,0,1,448.0
87,46,66,2,0,0,1,24.5
90,49,76,2,0,0,1,24.5
91,3,76,2,0,0,1,24.5
92,59,78,2,0,1,1,24.5
15,30,73,3,0,0,1,26.0
10,5,40,19,0,0,1,448.0
20,42,65,3,0,0,1,26.0
40,50,71,3,0,0,1,26.0
46,50,63,3,0,0,1,26.0
47,16,69,3,0,0,1,26.0
6,69,40,19,1,0,1,448.0
0,54,20,19,0,1,1,448.0
71,60,41,19,0,0,1,446.0
55,6,71,3,0,0,1,26.0
78,47,66,3,0,0,1,26.0
67,3,42,19,0,0,1,446.0
66,98,41,19,0,0,1,446.0
63,38,41,19,0,0,1,446.0
60,76,60,19,0,1,1,446.0
79,89,73,3,0,0,1,26.0
56,19,41,19,0,0,1,446.0
39,1,0,19,0,0,1,446.0
10,61,0,19,0,0,1,446.0
69,87,59,19,0,1,1,444.0
32,35,0,19,0,0,1,444.0
3,6,68,3,0,0,1,27.5
3,66,65,3,0,0,1,27.5
6,57,65,3,0,0,1,27.5
22,35,42,19,0,0,1,444.0
6,43,0,19,1,1,1,444.0
91,82,41,19,1,0,1,442.0
14,42,62,3,0,0,1,27.5
25,65,69,3,0,0,1,27.5
43,1,65,3,0,0,1,27.5
49,28,69,3,0,0,1,27.5
81,96,21,19,0,1,1,442.0
49,99,66,3,0,0,1,27.5
72,99,0,19,0,0,1,442.0
61,58,63,3,0,0,1,27.5
63,72,19,19,1,0,1,442.0
70,43,73,3,0,1,1,27.5
76,43,62,3,0,0,1,27.5
78,96,71,3,0,0,1,27.5
61,95,19,19,0,0,1,442.0
54,33,61,19,0,0,1,442.0
53,95,59,19,0,1,1,442.0
38,36,0,19,0,0,1,442.0
79,88,70,3,0,0,1,27.5
23,15,20,19,0,0,1,442.0
89,20,62,3,0,0,1,27.5
97,14,67,3,0,0,1,27.5
7,50,68,3,0,0,1,29.0
10,49,20,19,0,0,1,442.0
12,58,60,3,0,0,1,29.0
8,6,59,19,0,1,1,442.0
22,34,63,3,0,0,1,29.0
71,38,60,19,0,0,1,440.0
41,3,73,3,0,0,1,29.0
50,37,39,3,0,0,1,29.0
67,34,77,3,0,1,1,29.0
60,84,0,19,1,0,1,440.0
67,46,74,3,0,1,1,29.0
60,44,19,19,1,0,1,440.0
70,59,70,3,0,1,1,29.0
78,36,63,3,0,0,1,29.0
57,21,21,19,0,1,1,440.0
82,43,77,3,0,1,1,29.0
35,85,61,19,0,0,1,440.0
7,6,62,3,0,0,1,30.5
27,65,20,19,0,0,1,440.0
15,12,67,3,0,0,1,30.5
23,34,60,3,0,0,1,30.5
21,15,0,19,1,0,1,440.0
25,93,66,3,0,0,1,30.5
39,49,63,3,0,0,1,30.5
44,34,57,3,0,0,1,30.5
64,36,69,3,0,0,1,30.5
8,87,0,19,0,1,1,440.0
65,3,62,3,0,0,1,30.5
8,45,0,19,1,1,1,440.0
0,71,0,19,0,1,1,440.0
65,92,66,3,0,0,1,30.5
76,34,67,3,0,1,1,30.5
0,25,63,3,0,0,1,32.0
4,49,60,3,0,0,1,32.0
98,12,0,19,0,1,1,438.0
13,30,67,3,0,0,1,32.0
15,42,59,3,0,0,1,32.0
81,56,60,19,1,0,1,438.0
73,22,61,19,0,1,1,438.0
69,34,21,19,1,0,1,438.0
34,24,20,19,1,0,1,438.0
24,35,39,19,0,1,1,438.0
11,83,21,19,0,0,1,438.0
81,8,19,19,1,1,1,436.0
69,2,0,19,1,0,1,436.0
23,6,73,3,0,2,1,32.0
26,36,66,3,0,0,1,32.0
67,13,0,19,0,1,1,436.0
52,94,0,19,0,1,1,436.0
19,73,20,19,1,1,1,436.0
28,43,66,3,0,1,1,32.0
36,40,60,3,0,0,1,32.0
37,43,70,3,0,1,1,32.0
13,96,41,19,0,0,1,436.0
38,79,67,3,1,0,1,32.0
41,34,70,3,0,1,1,32.0
46,67,60,3,0,1,1,32.0
9,74,40,19,0,1,1,436.0
8,73,39,19,1,1,1,436.0
98,44,60,19,0,0,1,434.0
66,43,62,3,0,1,1,32.0
85,20,21,19,0,0,1,434.0
70,18,21,19,1,0,1,434.0
80,43,59,3,0,1,1,32.0
68,55,21,19,0,0,1,434.0
82,25,60,3,0,0,1,32.0
63,56,0,19,1,1,1,434.0
86,14,59,3,0,0,1,32.0
62,27,39,19,1,0,1,434.0
60,18,40,19,1,0,1,434.0
89,46,57,3,0,0,1,32.0
56,31,40,19,1,0,1,434.0
95,36,39,3,0,0,1,32.0
21,12,40,19,1,1,1,434.0
19,52,0,19,1,1,1,434.0
11,59,60,19,0,2,1,434.0
98,79,64,3,1,0,1,32.0
74,29,0,19,1,0,1,432.0
2,14,38,3,0,0,1,33.5
69,32,40,19,1,0,1,432.0
4,43,56,3,0,1,1,33.5
19,58,77,3,0,1,1,33.5
68,95,0,19,1,0,1,432.0
57,88,41,19,0,0,1,432.0
23,47,63,3,0,0,1,33.5
34,99,54,3,0,1,1,33.5
46,7,54,3,0,0,1,33.5
48,6,77,3,0,2,1,33.5
48,36,74,3,0,1,1,33.5
22,6,19,19,0,1,1,432.0
50,30,60,3,0,0,1,33.5
57,14,77,3,0,1,1,33.5
94,91,60,19,1,1,1,430.0
64,50,57,3,0,0,1,33.5
94,16,41,19,1,0,1,430.0
81,3,55,3,0,1,1,33.5
85,36,57,3,0,0,1,33.5
48,45,39,19,1,1,1,430.0
45,29,19,19,1,0,1,430.0
86,59,56,3,0,0,1,33.5
90,13,64,3,0,0,1,33.5
5,37,20,19,1,0,1,430.0
92,6,70,3,0,2,1,33.5
77,71,40,19,1,1,1,428.0
98,58,57,3,1,0,1,33.5
75,47,0,19,0,0,1,428.0
60,36,59,19,1,2,1,428.0
43,38,19,19,1,1,1,428.0
33,62,0,19,1,1,1,428.0
17,25,42,19,0,1,1,428.0
2,49,77,3,0,1,1,35.0
7,58,51,3,0,0,1,35.0
98,49,0,19,1,1,1,426.0
95,54,39,19,1,1,1,426.0
12,20,57,3,0,0,1,35.0
32,79,19,19,0,1,1,426.0
4,0,20,19,0,1,1,426.0
14,73,56,3,0,2,1,35.0
17,14,71,3,0,1,1,35.0
22,50,75,3,0,1,1,35.0
93,14,0,18,1,0,1,424.0
25,89,54,3,0,0,1,35.0
89,26,40,18,1,1,1,424.0
72,11,38,18,0,1,1,424.0
63,64,38,18,1,1,1,424.0
62,37,19,18,1,1,1,424.0
26,58,74,3,0,1,1,35.0
60,95,0,18,2,1,1,424.0
60,92,18,18,2,1,1,424.0
44,65,54,3,0,0,1,35.0
49,27,57,3,0,1,1,35.0
38,98,38,18,1,1,1,424.0
58,55,54,3,0,0,1,35.0
11,0,0,18,1,1,1,424.0
64,34,51,3,0,0,1,35.0
98,94,19,18,1,2,1,422.0
90,82,20,18,0,0,1,422.0
65,86,51,3,0,0,1,35.0
90,4,0,18,1,1,1,422.0
82,88,0,18,1,1,1,422.0
75,2,40,18,0,1,1,422.0
86,46,48,3,0,0,1,35.0
6,45,65,3,2,0,1,36.5
62,36,58,18,1,3,1,422.0
38,30,0,18,1,0,1,422.0
9,34,74,3,0,1,1,36.5
13,51,38,3,0,0,1,36.5
18,86,75,3,0,0,1,36.5
22,61,0,18,0,1,1,422.0
15,91,39,18,0,2,1,422.0
10,88,59,18,0,1,1,422.0
99,65,0,18,1,1,1,420.0
75,1,58,18,0,1,1,420.0
19,16,65,3,0,0,1,36.5
20,23,54,3,0,0,1,36.5
25,31,57,3,0,1,1,36.5
74,59,62,18,0,3,1,420.0
36,19,54,3,0,1,1,36.5
39,45,73,3,0,1,1,36.5
44,58,48,3,0,0,1,36.5
73,20,58,18,1,1,1,420.0
46,42,51,3,0,0,1,36.5
55,51,75,3,0,0,1,36.5
64,49,54,3,0,0,1,36.5
48,89,0,18,1,1,1,418.0
65,38,59,3,0,1,1,36.5
48,71,59,18,1,1,1,418.0
35,88,0,18,1,2,1,418.0
70,14,67,3,0,1,1,36.5
71,1,37,3,1,0,1,36.5
78,30,57,3,0,0,1,36.5
82,59,74,3,0,1,1,36.5
26,50,58,18,1,2,1,418.0
24,94,58,18,0,2,1,418.0
15,89,70,3,0,0,1,38.0
16,3,62,3,0,1,1,38.0
87,66,20,18,0,1,1,416.0
18,96,65,3,0,0,1,38.0
83,85,40,18,0,1,1,416.0
23,14,51,3,0,0,1,38.0
76,71,19,18,1,1,1,416.0
24,20,77,3,0,1,1,38.0
36,61,51,3,0,0,1,38.0
48,58,71,3,0,1,1,38.0
57,6,62,3,0,2,1,38.0
69,75,59,18,1,1,1,416.0
67,88,40,18,1,1,1,416.0
62,16,77,3,0,1,1,38.0
78,66,60,3,0,1,1,38.0
61,30,18,18,1,0,1,416.0
57,52,62,18,1,0,1,416.0
79,22,72,3,1,0,1,38.0
48,98,0,18,2,2,1,416.0
24,25,20,18,1,0,1,416.0
2,80,19,18,0,0,1,416.0
81,23,0,18,1,1,1,414.0
76,54,0,18,1,2,1,414.0
67,95,18,18,1,1,1,414.0
79,26,77,3,1,0,1,38.0
64,74,59,18,1,1,1,414.0
54,5,58,18,1,1,1,414.0
79,65,69,3,1,1,1,38.0
23,59,18,18,1,1,1,414.0
85,42,54,3,0,0,1,38.0
1,9,19,18,0,1,1,414.0
97,71,0,18,0,2,1,412.0
82,56,19,18,1,1,1,412.0
93,65,77,3,0,1,1,38.0
77,2,0,18,2,1,1,412.0
97,30,70,3,0,0,1,38.0
70,27,61,18,1,1,1,412.0
67,84,0,18,1,1,1,412.0
10,23,77,3,0,1,1,39.5
10,36,48,3,1,0,1,39.5
65,87,19,18,1,1,1,412.0
63,44,56,18,1,1,1,412.0
11,49,74,3,1,1,1,39.5
12,15,64,3,0,0,1,39.5
15,97,77,3,1,0,1,39.5
40,13,20,18,0,0,1,412.0
18,23,70,3,0,0,1,39.5
38,56,59,18,2,1,1,412.0
23,10,67,3,0,1,1,39.5
38,20,77,3,1,2,1,39.5
39,9,70,3,0,0,1,39.5
33,82,40,18,1,1,1,412.0
40,1,55,3,0,0,1,39.5
43,72,53,3,1,1,1,39.5
18,9,21,18,1,0,1,412.0
99,96,57,18,1,1,1,410.0
81,31,38,18,1,1,1,410.0
44,47,51,3,0,0,1,39.5
49,31,51,3,0,2,1,39.5
64,65,48,3,0,0,1,39.5
65,91,45,3,0,3,1,39.5
69,25,77,3,1,1,1,39.5
71,86,77,3,1,1,1,39.5
80,79,66,3,0,1,1,39.5
57,56,0,18,1,2,1,410.0
52,51,19,18,1,1,1,410.0
42,8,0,18,0,2,1,410.0
35,80,18,18,1,1,1,410.0
83,49,71,3,0,1,1,39.5
32,26,0,18,1,2,1,410.0
24,30,38,18,1,0,1,410.0
12,28,19,18,1,1,1,410.0
86,18,62,3,0,0,1,39.5
87,43,39,3,0,1,1,39.5
3,63,73,3,1,0,1,41.0
8,5,58,18,1,2,1,410.0
4,15,67,3,0,1,1,41.0
6,47,59,3,2,0,1,41.0
4,32,18,18,1,1,1,410.0
13,72,61,3,0,0,1,41.0
96,92,0,18,0,1,1,408.0
74,88,18,18,2,2,1,408.0
18,72,59,3,0,1,1,41.0
21,1,62,3,1,0,1,41.0
28,15,74,3,0,1,1,41.0
28,46,77,3,0,1,1,41.0
24,18,0,18,1,1,1,408.0
30,80,63,3,0,0,1,41.0
31,14,74,3,0,1,1,41.0
13,42,19,18,1,0,1,408.0
32,6,77,3,0,3,1,41.0
10,77,18,18,1,2,1,408.0
4,56,36,18,1,2,1,408.0
0,88,39,18,1,2,1,408.0
91,18,0,18,1,2,1,406.0
34,38,48,3,0,2,1,41.0
84,5,19,18,0,2,1,406.0
80,10,0,18,0,1,1,406.0
76,29,37,18,1,1,1,406.0
42,53,0,18,1,1,1,406.0
29,34,59,18,0,2,1,406.0
44,6,45,3,0,2,1,41.0
80,83,37,18,0,1,1,404.0
51,50,35,3,0,0,1,41.0
53,1,52,3,1,0,1,41.0
72,30,0,18,1,1,1,404.0
54,36,77,3,1,1,1,41.0
57,16,74,3,0,1,1,41.0
71,23,36,18,2,1,1,404.0
60,43,50,3,2,1,1,41.0
67,16,71,3,0,1,1,41.0
68,16,68,3,0,1,1,41.0
52,3,37,18,1,1,1,404.0
76,37,57,3,1,2,1,41.0
51,74,0,18,1,2,1,404.0
79,27,63,3,1,0,1,41.0
82,78,38,3,0,0,1,41.0
84,36,71,3,0,1,1,41.0
85,76,51,3,0,2,1,41.0
44,25,0,18,0,1,1,404.0
89,61,67,3,0,0,1,41.0
90,39,67,3,0,0,1,41.0
30,87,37,18,1,1,1,404.0
97,47,64,3,0,1,1,41.0
98,14,61,3,1,1,1,41.0
26,5,39,18,2,1,1,404.0
0,34,39,3,0,1,1,42.5
0,46,71,3,0,1,1,42.5
7,30,77,3,0,1,1,42.5
8,50,18,18,2,1,1,404.0
14,76,48,3,0,2,1,42.5
18,42,48,3,1,0,1,42.5
94,20,0,18,2,0,1,402.0
92,72,62,18,1,1,1,402.0
90,8,36,18,1,2,1,402.0
20,96,18,3,0,0,1,42.5
77,3,36,18,2,2,1,402.0
21,46,68,3,1,1,1,42.5
71,54,18,18,2,2,1,402.0
68,82,58,18,1,1,1,402.0
63,65,37,18,2,1,1,402.0
22,47,39,3,0,0,1,42.5
54,11,56,18,2,1,1,402.0
33,2,58,18,1,1,1,402.0
29,95,0,18,1,2,1,402.0
25,56,51,3,0,3,1,42.5
23,99,54,18,1,2,1,402.0
33,34,77,3,1,2,1,42.5
33,59,59,3,2,0,1,42.5
39,34,39,3,0,2,1,42.5
98,39,19,17,2,0,1,400.0
44,59,42,3,0,0,1,42.5
68,35,19,17,1,2,1,400.0
64,73,0,17,1,2,1,400.0
54,16,38,3,2,0,1,42.5
61,25,48,3,0,0,1,42.5
63,1,70,3,0,2,1,42.5
65,10,42,3,0,1,1,42.5
70,30,64,3,0,1,1,42.5
61,7,36,17,1,1,1,400.0
55,73,17,17,1,2,1,400.0
50,78,0,17,1,0,1,400.0
40,51,38,17,0,1,1,400.0
74,58,77,3,1,2,1,42.5
84,59,67,3,0,1,1,42.5
86,49,45,3,0,0,1,42.5
88,2,67,3,0,0,1,42.5
89,10,77,3,0,1,1,42.5
96,17,68,3,0,0,1,42.5
33,81,0,17,2,2,1,400.0
32,64,36,17,1,2,1,400.0
97,31,61,3,0,0,1,42.5
23,37,0,17,2,1,1,400.0
97,79,18,3,0,2,1,42.5
5,6,73,3,0,3,1,44.0
0,94,57,17,1,3,1,400.0
6,55,51,3,2,0,1,44.0
94,86,37,17,2,1,1,398.0
94,47,19,17,3,0,1,398.0
91,2,18,17,2,1,1,398.0
87,51,55,17,2,1,1,398.0
83,93,18,17,1,1,1,398.0
80,27,0,17,1,1,1,398.0
78,40,17,17,0,1,1,398.0
77,41,54,17,2,1,1,398.0
56,59,18,17,2,2,1,398.0
56,35,58,17,2,1,1,398.0
41,62,21,17,0,2,1,398.0
10,59,53,3,1,0,1,44.0
35,83,0,17,2,1,1,398.0
26,41,18,17,2,1,1,398.0
0,60,53,17,2,2,1,398.0
0,55,0,17,2,1,1,398.0
92,68,36,17,1,1,1,396.0
12,22,54,3,0,1,1,44.0
13,25,45,3,1,0,1,44.0
90,29,18,17,1,1,1,396.0
15,92,63,3,1,0,1,44.0
20,1,49,3,0,0,1,44.0
41,36,0,17,1,1,1,396.0
20,55,46,3,0,0,1,44.0
41,27,35,17,1,1,1,396.0
40,3,0,17,0,1,1,396.0
22,31,0,17,1,0,1,396.0
23,22,57,3,0,1,1,44.0
19,99,57,17,1,3,1,396.0
24,39,77,3,1,1,1,44.0
28,72,18,3,0,1,1,44.0
13,20,48,17,1,2,1,396.0
39,72,36,3,0,1,1,44.0
41,12,77,3,0,1,1,44.0
46,34,45,3,0,0,1,44.0
46,47,42,3,0,0,1,44.0
47,34,56,3,0,1,1,44.0
95,47,18,17,2,1,1,394.0
52,25,74,3,1,1,1,44.0
66,51,72,3,1,0,1,44.0
68,1,77,3,0,1,1,44.0
93,94,36,17,1,3,1,394.0
68,36,65,3,0,1,1,44.0
69,65,39,3,2,0,1,44.0
72,93,67,3,0,1,1,44.0
91,85,0,17,2,1,1,394.0
76,12,45,3,2,0,1,44.0
89,38,18,17,1,2,1,394.0
89,12,59,17,1,1,1,394.0
81,70,17,17,2,2,1,394.0
78,67,54,3,0,2,1,44.0
83,79,77,3,0,2,1,44.0
75,80,36,17,1,1,1,394.0
72,56,0,17,2,3,1,394.0
88,55,63,3,0,0,1,44.0
57,58,18,17,1,0,1,394.0
1,94,0,17,1,3,1,394.0
89,30,51,3,0,2,1,44.0
90,20,38,3,0,1,1,44.0
87,92,0,17,2,2,1,392.0
94,14,77,3,0,2,1,44.0
98,78,77,3,1,1,1,44.0
74,31,60,17,2,1,1,392.0
1,57,46,3,0,1,1,45.5
3,30,70,3,1,1,1,45.5
3,85,77,3,1,1,1,45.5
8,58,45,3,0,0,1,45.5
68,4,39,17,2,0,1,392.0
12,47,48,3,0,0,1,45.5
58,72,0,17,0,3,1,392.0
53,16,18,17,1,0,1,392.0
35,82,36,17,2,2,1,392.0
14,21,45,3,0,2,1,45.5
15,76,71,3,1,2,1,45.5
16,31,35,3,0,1,1,45.5
32,60,53,17,1,3,1,392.0
31,84,18,17,1,1,1,392.0
22,67,68,3,0,0,1,45.5
29,45,55,17,1,2,1,392.0
17,59,0,17,1,1,1,392.0
95,67,63,17,2,1,1,390.0
24,66,69,3,1,1,1,45.5
82,84,53,17,2,1,1,390.0
81,67,34,17,2,2,1,390.0
68,29,0,17,2,2,1,390.0
25,32,42,3,0,2,1,45.5
29,65,77,3,0,2,1,45.5
40,10,74,3,0,1,1,45.5
46,5,65,3,1,0,1,45.5
50,7,48,3,0,0,1,45.5
58,78,42,3,0,0,1,45.5
59,67,50,3,0,3,1,45.5
62,86,71,3,0,0,1,45.5
64,88,77,3,0,0,1,45.5
66,70,77,3,1,2,1,45.5
66,89,48,3,1,0,1,45.5
71,25,71,3,2,1,1,45.5
79,90,38,3,1,2,1,45.5
60,58,0,17,3,1,1,390.0
79,96,16,3,1,1,1,45.5
53,42,35,17,1,1,1,390.0
85,92,48,3,0,2,1,45.5
86,12,42,3,0,0,1,45.5
48,78,18,17,2,1,1,390.0
86,38,39,3,0,2,1,45.5
88,42,60,3,0,1,1,45.5
35,98,53,17,2,2,1,390.0
32,87,17,17,2,2,1,390.0
84,78,35,17,1,1,1,388.0
80,91,57,17,1,2,1,388.0
89,59,45,3,0,0,1,45.5
52,79,55,17,1,2,1,388.0
41,43,0,17,2,2,1,388.0
32,2,0,17,2,2,1,388.0
91,14,64,3,0,1,1,45.5
91,25,73,3,0,2,1,45.5
92,86,74,3,0,1,1,45.5
93,39,74,3,0,1,1,45.5
29,24,17,17,2,2,1,388.0
96,42,75,3,0,1,1,45.5
13,1,17,17,2,1,1,388.0
99,39,63,3,0,1,1,45.5
99,43,77,3,0,2,1,45.5
10,11,18,17,2,1,1,388.0
98,37,36,17,2,2,1,386.0
99,58,60,3,0,1,1,45.5
99,79,74,3,0,2,1,45.5
0,22,77,3,0,2,1,47.0
2,46,62,3,0,1,1,47.0
4,6,64,3,0,3,1,47.0
4,47,77,3,1,0,1,47.0
96,67,40,17,1,4,1,386.0
5,86,68,3,0,0,1,47.0
8,43,42,3,0,1,1,47.0
84,51,0,17,2,2,1,386.0
16,43,15,3,0,3,1,47.0
82,20,0,17,2,1,1,386.0
16,65,12,3,0,2,1,47.0
50,10,36,17,1,2,1,386.0
40,21,0,17,1,2,1,386.0
33,50,17,17,2,2,1,386.0
27,47,17,17,1,2,1,386.0
21,72,77,3,1,2,1,47.0
23,9,48,3,0,1,1,47.0
21,80,17,17,2,2,1,386.0
19,53,55,17,2,1,1,386.0
23,36,45,3,0,0,1,47.0
14,29,18,17,0,3,1,386.0
84,47,35,17,2,1,1,384.0
24,51,66,3,1,0,1,47.0
30,8,56,3,1,0,1,47.0
70,37,0,17,2,2,1,384.0
31,90,67,3,0,1,1,47.0
38,78,74,3,1,1,1,47.0
67,60,17,17,2,3,1,384.0
40,27,67,3,0,0,1,47.0
44,12,39,3,0,2,1,47.0
66,86,0,17,1,1,1,384.0
48,39,35,17,2,1,1,384.0
33,36,34,17,2,1,1,384.0
28,86,0,17,0,2,1,384.0
44,31,17,3,1,0,1,47.0
49,32,48,3,0,2,1,47.0
53,6,77,3,1,4,1,47.0
55,54,43,3,0,2,1,47.0
27,16,0,17,2,1,1,384.0
63,6,67,3,0,3,1,47.0
18,58,51,17,1,2,1,384.0
4,14,54,17,1,2,1,384.0
72,43,17,17,2,2,1,382.0
66,38,64,3,1,1,1,47.0
53,13,0,17,2,2,1,382.0
68,59,62,3,0,1,1,47.0
72,25,64,3,0,1,1,47.0
51,63,17,17,2,2,1,382.0
84,22,39,3,0,1,1,47.0
40,9,51,17,1,1,1,382.0
89,72,42,3,0,1,1,47.0
89,88,77,3,1,1,1,47.0
21,34,48,17,2,3,1,382.0
89,99,37,3,1,1,1,47.0
92,39,59,3,1,1,1,47.0
95,22,71,3,0,2,1,47.0
4,59,36,17,2,1,1,382.0
3,5,59,3,1,0,1,48.5
80,52,0,17,2,2,1,380.0
5,47,62,3,0,2,1,48.5
74,61,36,17,2,2,1,380.0
35,90,0,17,3,2,1,380.0
7,49,42,3,0,0,1,48.5
12,38,51,3,0,2,1,48.5
31,47,0,17,1,1,1,380.0
19,55,34,17,2,1,1,380.0
14,68,35,3,0,2,1,48.5
86,63,20,17,0,3,1,378.0
17,45,65,3,0,1,1,48.5
19,20,74,3,0,2,1,48.5
73,62,38,17,2,2,1,378.0
21,58,65,3,1,1,1,48.5
22,15,51,3,1,1,1,48.5
24,89,74,3,1,2,1,48.5
70,11,34,17,2,2,1,378.0
26,51,69,3,0,0,1,48.5
27,64,74,3,0,0,1,48.5
28,10,57,3,1,1,1,48.5
28,37,38,3,1,1,1,48.5
68,41,17,17,2,2,1,378.0
29,30,74,3,1,1,1,48.5
39,5,0,17,1,1,1,378.0
27,87,34,17,2,2,1,378.0
9,42,0,17,1,2,1,378.0
36,83,42,3,0,2,1,48.5
8,9,54,17,2,2,1,378.0
5,97,0,17,2,1,1,378.0
4,95,0,17,2,3,1,378.0
98,51,34,17,3,2,1,376.0
38,34,56,3,1,2,1,48.5
81,2,51,17,2,2,1,376.0
67,97,57,17,2,1,1,376.0
64,77,17,17,1,3,1,376.0
61,9,53,17,1,3,1,376.0
40,17,64,3,0,1,1,48.5
51,53,63,3,0,2,1,48.5
52,46,77,3,1,2,1,48.5
53,80,34,17,2,2,1,376.0
57,34,71,3,0,3,1,48.5
58,75,39,3,0,2,1,48.5
60,59,47,3,2,2,1,48.5
38,47,0,17,2,2,1,376.0
35,61,17,17,3,2,1,376.0
19,22,17,17,2,1,1,376.0
95,57,35,16,2,2,1,374.0
78,71,51,3,0,3,1,48.5
93,90,17,16,2,2,1,374.0
83,37,63,3,0,0,1,48.5
84,96,77,3,0,1,1,48.5
84,10,53,16,2,2,1,374.0
83,22,55,16,1,2,1,374.0
86,7,65,3,0,0,1,48.5
59,39,0,16,2,2,1,374.0
86,78,34,3,1,0,1,48.5
88,66,57,3,2,1,1,48.5
48,68,56,16,2,2,1,374.0
92,49,56,3,1,1,1,48.5
93,78,71,3,0,1,1,48.5
98,88,74,3,1,2,1,48.5
48,21,0,16,3,3,1,374.0
99,30,34,3,1,1,1,48.5
4,9,74,3,1,1,1,50.0
21,78,52,16,3,1,1,374.0
17,63,37,16,1,3,1,374.0
1,74,34,16,1,3,1,374.0
4,99,71,3,1,4,1,50.0
6,86,56,3,2,1,1,50.0
7,64,45,3,0,0,1,50.0
7,81,57,3,0,1,1,50.0
10,58,36,3,1,0,1,50.0
75,52,17,16,1,2,1,372.0
45,7,21,16,2,0,1,372.0
8,41,34,16,3,2,1,372.0
84,33,17,16,2,3,1,370.0
69,42,18,16,2,1,1,370.0
11,47,77,3,1,1,1,50.0
24,13,34,16,2,2,1,370.0
91,4,17,16,3,2,1,368.0
85,71,17,16,1,3,1,368.0
75,97,0,16,1,2,1,368.0
73,49,59,16,2,2,1,368.0
57,81,0,16,2,3,1,368.0
12,39,37,3,1,2,1,50.0
17,1,62,3,0,2,1,50.0
52,42,33,16,2,2,1,368.0
26,70,57,16,2,2,1,368.0
24,10,63,3,1,1,1,50.0
24,29,50,16,2,2,1,368.0
24,16,60,3,1,1,1,50.0
0,28,17,16,2,2,1,368.0
24,72,57,3,1,0,1,50.0
99,73,18,16,1,3,1,366.0
99,35,34,16,2,3,1,366.0
76,57,16,16,2,2,1,366.0
29,22,77,3,1,3,1,50.0
33,15,56,3,2,1,1,50.0
33,46,53,3,2,1,1,50.0
64,47,0,16,2,3,1,366.0
52,27,51,16,2,2,1,366.0
35,79,36,3,1,2,1,50.0
37,46,73,3,0,2,1,50.0
39,44,53,3,1,1,1,50.0
30,31,18,16,1,2,1,366.0
39,59,56,3,1,1,1,50.0
40,46,17,3,0,1,1,50.0
47,17,45,3,0,2,1,50.0
29,26,34,16,2,3,1,366.0
75,28,0,16,2,1,1,364.0
63,73,0,16,2,3,1,364.0
52,9,0,16,3,2,1,364.0
17,85,17,16,1,2,1,364.0
54,13,77,3,2,1,1,50.0
0,33,33,16,2,3,1,364.0
55,4,68,3,0,2,1,50.0
82,45,17,16,2,3,1,362.0
74,86,17,16,3,1,1,362.0
68,5,37,16,3,2,1,362.0
56,30,77,3,1,2,1,50.0
61,92,53,16,2,2,1,362.0
44,52,20,16,1,3,1,362.0
32,75,51,16,2,2,1,362.0
29,20,41,16,3,1,1,362.0
61,5,55,3,0,2,1,50.0
13,58,50,16,2,3,1,362.0
61,72,45,3,0,1,1,50.0
95,76,54,16,3,2,1,360.0
93,23,33,16,2,2,1,360.0
91,51,51,16,3,2,1,360.0
84,63,55,16,3,2,1,360.0
61,81,42,3,0,0,1,50.0
75,22,16,16,2,2,1,360.0
71,76,54,16,2,3,1,360.0
66,96,54,3,1,2,1,50.0
68,49,74,3,0,3,1,50.0
62,12,0,16,2,2,1,360.0
70,96,74,3,2,2,1,50.0
71,65,74,3,2,1,1,50.0
50,38,53,16,1,3,1,360.0
72,27,31,3,1,2,1,50.0
42,93,49,16,2,2,1,360.0
86,42,17,16,2,2,1,358.0
73,79,77,3,1,3,1,50.0
77,30,67,3,1,1,1,50.0
75,67,0,16,3,2,1,358.0
83,23,74,3,0,1,1,50.0
83,59,59,3,0,1,1,50.0
85,70,45,3,0,3,1,50.0
67,7,0,16,3,1,1,358.0
86,21,71,3,1,1,1,50.0
87,42,72,3,0,1,1,50.0
89,11,35,3,2,1,1,50.0
90,65,61,3,0,1,1,50.0
57,47,51,16,2,3,1,358.0
93,58,63,3,0,4,1,50.0
96,44,13,3,1,1,1,50.0
55,61,51,16,1,3,1,358.0
97,15,48,3,1,1,1,50.0
54,40,34,16,3,1,1,358.0
50,98,0,16,2,3,1,358.0
97,44,77,3,1,1,1,50.0
49,53,19,16,1,3,1,358.0
8,15,0,16,3,1,1,358.0
3,37,17,16,1,2,1,358.0
97,55,17,16,1,2,1,356.0
63,69,0,16,3,2,1,356.0
63,40,53,16,3,2,1,356.0
5,20,76,4,1,3,1,51.5
53,92,17,16,2,2,1,356.0
53,17,0,16,3,2,1,356.0
12,16,64,4,2,1,1,51.5
12,51,31,4,2,0,1,51.5
14,35,41,4,0,4,1,51.5
17,87,16,16,2,3,1,356.0
23,97,41,4,0,1,1,51.5
28,30,47,4,1,2,1,51.5
15,22,32,16,1,2,1,356.0
75,81,16,16,3,3,1,354.0
30,88,60,4,1,2,1,51.5
58,98,17,16,1,3,1,354.0
52,55,36,16,3,2,1,354.0
34,20,0,16,1,2,1,354.0
2,9,17,16,2,2,1,354.0
34,15,41,4,0,2,1,51.5
73,45,37,16,3,2,1,352.0
38,3,70,4,1,2,1,51.5
68,3,0,16,3,2,1,352.0
48,18,18,16,3,2,1,352.0
44,56,36,16,1,4,1,352.0
40,25,76,4,1,2,1,51.5
48,46,67,4,0,2,1,51.5
50,96,44,4,0,2,1,51.5
55,7,59,4,0,1,1,51.5
65,13,65,4,1,1,1,51.5
67,14,64,4,0,3,1,51.5
41,78,50,16,2,2,1,352.0
32,15,16,16,3,1,1,352.0
21,10,16,16,3,3,1,352.0
68,50,53,4,1,0,1,51.5
83,8,16,15,2,3,1,350.0
79,62,0,15,1,3,1,350.0
53,24,35,15,3,3,1,350.0
74,25,56,4,2,2,1,51.5
78,12,47,4,0,2,1,51.5
33,97,62,15,2,2,1,350.0
79,25,32,4,2,1,1,51.5
29,47,65,15,3,2,1,350.0
87,25,68,4,0,2,1,51.5
95,21,32,15,3,3,1,348.0
90,43,72,4,0,2,1,51.5
93,59,56,4,1,2,1,51.5
72,75,34,15,2,3,1,348.0
21,56,65,15,2,3,1,348.0
11,75,51,15,2,3,1,348.0
97,36,35,4,1,0,1,51.5
99,34,50,4,1,1,1,51.5
85,12,58,15,1,3,1,346.0
69,62,55,15,2,2,1,346.0
99,36,46,4,1,2,1,51.5
5,30,76,4,2,3,1,53.0
6,4,41,4,2,3,1,53.0
7,88,73,4,0,3,1,53.0
9,65,66,4,0,2,1,53.0
52,80,52,15,3,2,1,346.0
23,50,17,15,2,3,1,346.0
10,22,70,4,1,3,1,53.0
11,43,68,4,2,2,1,53.0
14,55,57,4,1,2,1,53.0
14,87,0,15,1,3,1,346.0
9,41,33,15,2,3,1,346.0
15,16,59,4,1,2,1,53.0
17,79,73,4,1,3,1,53.0
85,72,49,15,2,2,1,344.0
85,63,0,15,2,4,1,344.0
83,44,0,15,2,2,1,344.0
80,89,0,15,3,2,1,344.0
20,76,41,4,0,2,1,53.0
77,55,0,15,3,2,1,344.0
34,19,0,15,2,2,1,344.0
23,51,76,4,2,1,1,53.0
32,55,59,15,0,3,1,344.0
35,6,73,4,2,4,1,53.0
36,34,31,4,0,2,1,53.0
5,8,50,15,3,3,1,344.0
69,4,53,15,3,2,1,342.0
40,22,72,4,1,4,1,53.0
41,20,66,4,0,2,1,53.0
52,30,0,15,4,2,1,342.0
18,40,34,15,2,2,1,342.0
16,45,33,15,1,3,1,342.0
58,39,56,4,1,2,1,53.0
60,83,34,15,3,3,1,340.0
53,25,50,15,3,3,1,340.0
60,3,76,4,2,2,1,53.0
41,91,0,15,3,3,1,340.0
64,1,65,4,0,2,1,53.0
11,73,0,15,2,4,1,340.0
65,89,57,4,1,2,1,53.0
69,48,34,15,3,3,1,338.0
65,93,73,4,2,1,1,53.0
72,97,49,4,1,2,1,53.0
68,13,16,15,3,3,1,338.0
75,14,76,4,0,3,1,53.0
76,39,76,4,2,2,1,53.0
79,93,13,4,2,2,1,53.0
27,39,17,15,3,1,1,338.0
91,20,35,4,2,2,1,53.0
1,0,42,4,0,3,1,54.5
18,27,49,15,2,3,1,338.0
6,9,37,4,2,1,1,54.5
15,78,14,4,2,1,1,54.5
17,13,69,4,1,1,1,54.5
0,2,0,15,3,3,1,338.0
24,49,67,4,2,1,1,54.5
96,28,0,15,2,2,1,336.0
28,1,53,4,1,1,1,54.5
84,46,0,15,3,1,1,336.0
30,47,73,4,2,1,1,54.5
57,91,0,15,3,4,1,336.0
69,28,0,15,3,3,1,334.0
36,33,27,4,0,4,1,54.5
40,79,68,4,1,3,1,54.5
42,29,37,4,0,3,1,54.5
63,62,15,15,4,3,1,334.0
46,60,20,15,1,4,1,334.0
44,30,15,15,2,2,1,334.0
94,61,0,15,4,2,1,332.0
45,89,74,4,0,3,1,54.5
47,82,69,4,1,0,1,54.5
78,84,15,15,2,3,1,332.0
50,70,31,4,0,3,1,54.5
51,78,27,4,0,3,1,54.5
57,1,58,4,1,2,1,54.5
78,32,0,15,2,3,1,332.0
67,80,16,15,3,3,1,332.0
57,22,42,4,1,1,1,54.5
58,73,34,4,1,2,1,54.5
53,15,65,15,3,2,1,332.0
37,39,61,15,1,2,1,332.0
64,59,61,4,0,4,1,54.5
64,79,34,4,1,3,1,54.5
69,58,51,4,2,1,1,54.5
73,50,76,4,2,2,1,54.5
12,2,16,15,2,3,1,332.0
62,83,45,15,3,2,1,330.0
75,58,55,4,1,4,1,54.5
62,46,30,15,3,2,1,330.0
10,90,0,15,2,3,1,328.0
97,40,16,14,2,2,1,324.0
74,24,0,14,3,2,1,324.0
76,36,37,4,2,2,1,54.5
79,45,9,4,2,2,1,54.5
45,33,0,14,3,3,1,324.0
81,20,51,4,0,3,1,54.5
37,96,60,14,2,2,1,324.0
83,50,60,14,2,3,1,322.0
82,3,65,4,0,1,1,54.5
85,50,41,4,0,2,1,54.5
96,6,9,4,1,2,1,54.5
58,87,32,14,2,3,1,320.0
0,6,67,4,0,4,1,56.0
54,7,16,14,3,1,1,320.0
40,4,0,14,2,3,1,320.0
1,38,54,4,2,2,1,56.0
1,67,36,4,2,1,1,56.0
25,43,18,14,1,3,1,320.0
3,15,33,4,1,2,1,56.0
24,32,50,14,3,3,1,320.0
50,68,0,14,3,4,1,318.0
45,77,48,14,3,3,1,318.0
87,6,46,14,3,3,1,314.0
6,21,33,4,2,4,1,56.0
7,80,38,4,0,3,1,56.0
11,86,76,4,2,2,1,56.0
84,61,30,14,3,3,1,312.0
42,74,65,14,2,3,1,312.0
20,90,17,14,1,3,1,312.0
13,93,73,4,1,2,1,56.0
16,33,8,4,0,4,1,56.0
5,71,0,14,3,3,1,312.0
16,34,4,4,0,3,1,56.0
18,1,76,4,1,2,1,56.0
82,91,15,14,3,4,1,310.0
27,14,59,4,0,3,1,56.0
77,7,63,14,3,1,1,310.0
56,82,29,14,3,3,1,310.0
28,34,43,4,1,1,1,56.0
28,65,62,4,2,2,1,56.0
44,51,30,14,2,3,1,310.0
32,14,73,4,1,2,1,56.0
33,1,50,4,3,2,1,56.0
31,33,54,14,2,3,1,310.0
19,4,39,14,1,4,1,306.0
39,80,70,4,1,0,1,56.0
81,11,32,14,3,3,1,304.0
46,19,58,4,1,3,1,56.0
49,11,63,4,1,3,1,56.0
49,63,59,4,1,4,1,56.0
51,96,23,4,0,2,1,56.0
77,10,34,14,3,3,1,304.0
52,6,16,4,3,2,1,56.0
8,31,65,14,3,3,1,304.0
56,32,64,14,4,3,1,302.0
57,46,49,4,1,1,1,56.0
14,26,15,14,1,3,1,302.0
64,2,68,7,2,2,1,149.0
52,5,67,7,2,3,1,149.0
60,65,43,4,2,2,1,56.0
61,34,59,4,0,1,1,56.0
51,84,70,7,2,1,1,149.0
65,49,52,4,2,1,1,56.0
44,45,0,7,1,2,1,149.0
66,76,44,4,1,3,1,56.0
17,67,53,7,1,3,1,149.0
67,6,60,4,3,3,1,56.0
11,69,15,7,2,3,1,149.0
9,90,59,7,0,1,1,149.0
8,70,48,7,0,3,1,149.0
78,46,10,4,1,2,1,56.0
86,5,67,4,1,4,1,56.0
86,40,63,4,1,3,1,56.0
87,76,72,7,2,3,1,147.5
92,34,44,4,2,2,1,56.0
96,76,5,4,1,2,1,56.0
98,65,70,4,1,3,1,56.0
99,23,76,4,1,3,1,56.0
81,38,69,7,2,3,1,147.5
5,42,44,4,3,0,1,57.5
76,78,9,7,2,3,1,147.5
8,49,76,4,1,2,1,57.5
11,20,30,4,2,2,1,57.5
68,93,72,7,2,3,1,147.5
11,22,26,4,2,3,1,57.5
52,14,68,7,3,3,1,147.5
49,97,35,7,1,2,1,147.5
48,3,72,7,2,3,1,147.5
41,66,71,7,1,2,1,147.5
16,4,0,4,0,4,1,57.5
26,25,62,4,0,2,1,57.5
41,16,66,7,2,2,1,147.5
26,79,76,4,1,4,1,57.5
42,49,55,4,1,2,1,57.5
42,99,67,4,1,4,1,57.5
28,55,67,7,2,1,1,147.5
45,15,61,4,1,2,1,57.5
52,58,76,4,2,3,1,57.5
54,23,52,4,2,2,1,57.5
21,14,34,7,2,1,1,147.5
92,25,33,7,2,2,1,146.0
64,43,64,4,2,2,1,57.5
72,83,27,4,1,3,1,57.5
76,7,32,4,2,1,1,57.5
76,96,1,4,2,1,1,57.5
79,20,44,4,2,2,1,57.5
79,58,40,4,2,1,1,57.5
81,49,47,4,0,1,1,57.5
92,36,76,4,2,3,1,57.5
67,48,64,7,3,3,1,146.0
96,70,40,4,2,3,1,57.5
63,99,60,7,0,4,1,146.0
39,47,40,7,2,2,1,146.0
96,97,31,4,2,2,1,57.5
38,72,17,7,3,3,1,146.0
37,38,0,7,3,3,1,146.0
98,43,76,4,2,3,1,57.5
21,0,70,7,3,2,1,146.0
19,24,72,7,2,2,1,146.0
0,20,76,4,1,4,1,59.0
4,96,76,4,2,3,1,59.0
14,60,49,4,1,3,1,59.0
17,6,33,4,1,3,1,59.0
5,85,33,7,3,1,1,146.0
92,48,69,7,2,4,1,144.5
17,12,60,4,1,2,1,59.0
24,22,12,4,3,2,1,59.0
92,31,0,7,3,2,1,144.5
87,28,60,7,3,3,1,144.5
28,3,58,4,2,2,1,59.0
31,4,72,4,2,2,1,59.0
75,65,32,7,2,2,1,144.5
56,95,54,7,3,2,1,144.5
54,69,70,7,3,2,1,144.5
31,88,68,4,2,2,1,59.0
32,50,71,4,2,1,1,59.0
15,77,0,7,2,4,1,144.5
98,95,63,7,3,0,1,143.0
92,21,7,7,3,4,1,143.0
77,31,59,7,1,4,1,143.0
33,20,70,4,3,2,1,59.0
36,53,23,4,0,4,1,59.0
70,81,55,7,3,3,1,143.0
38,65,44,4,2,3,1,59.0
65,79,0,7,2,2,1,143.0
39,43,66,4,1,3,1,59.0
63,57,71,7,2,2,1,143.0
57,12,35,7,1,3,1,143.0
39,93,52,4,2,3,1,59.0
46,26,35,7,1,4,1,143.0
40,32,69,7,2,4,1,143.0
37,71,33,7,3,3,1,143.0
42,2,63,4,1,3,1,59.0
35,15,50,7,3,2,1,143.0
46,20,45,4,1,3,1,59.0
28,82,43,7,2,3,1,143.0
59,34,52,4,2,2,1,59.0
24,48,71,7,3,3,1,143.0
62,58,67,4,0,3,1,59.0
17,49,32,7,2,2,1,143.0
64,30,60,4,2,2,1,59.0
7,74,50,7,2,3,1,143.0
64,58,28,4,2,2,1,59.0
0,43,34,7,3,2,1,143.0
81,15,46,7,3,3,1,141.5
66,37,40,4,1,3,1,59.0
57,50,20,7,3,0,1,141.5
40,18,39,7,3,1,1,141.5
32,43,34,7,2,3,1,141.5
66,42,67,4,2,3,1,59.0
28,70,33,7,2,4,1,141.5
72,32,23,4,1,4,1,59.0
22,62,0,7,2,4,1,141.5
21,13,37,7,4,1,1,141.5
74,46,61,4,3,2,1,59.0
78,85,6,4,1,3,1,59.0
80,7,55,4,0,1,1,59.0
83,66,76,4,1,3,1,59.0
88,19,64,4,2,3,1,59.0
94,49,70,4,0,3,1,59.0
99,12,42,4,1,2,1,59.0
6,66,29,4,2,2,1,60.5
14,49,41,7,1,2,1,141.5
2,78,33,7,2,2,1,141.5
1,35,0,7,2,4,1,141.5
98,3,51,7,3,3,1,140.0
92,73,53,7,3,3,1,140.0
69,61,44,7,2,3,1,140.0
62,66,70,7,2,4,1,140.0
18,47,72,4,1,3,1,60.5
38,57,27,7,3,3,1,140.0
23,71,72,4,2,3,1,60.5
13,15,66,7,2,3,1,140.0
26,20,35,4,2,3,1,60.5
28,6,54,4,2,4,1,60.5
9,2,41,7,1,2,1,140.0
5,48,14,7,3,4,1,140.0
96,41,15,7,2,3,1,138.5
31,42,76,4,2,3,1,60.5
94,4,15,7,4,3,1,138.5
81,85,64,7,3,2,1,138.5
81,9,71,7,3,2,1,138.5
31,86,47,4,2,2,1,60.5
37,47,66,4,0,4,1,60.5
38,15,35,4,2,3,1,60.5
38,46,49,4,3,2,1,60.5
38,50,45,4,3,2,1,60.5
38,96,36,4,3,2,1,60.5
72,80,67,7,2,2,1,138.5
40,49,49,4,2,2,1,60.5
48,99,49,7,3,3,1,138.5
40,58,30,4,2,3,1,60.5
93,20,60,7,1,3,1,137.0
41,65,62,4,0,3,1,60.5
90,94,70,7,1,4,1,137.0
42,15,57,4,3,2,1,60.5
89,96,15,7,2,3,1,137.0
66,68,53,7,2,3,1,137.0
60,42,36,7,2,3,1,137.0
52,34,76,4,3,3,1,60.5
41,93,73,7,2,4,1,137.0
18,7,64,7,2,2,1,137.0
12,95,70,7,2,3,1,137.0
54,22,47,4,2,1,1,60.5
1,32,40,7,2,3,1,137.0
55,31,76,4,1,4,1,60.5
79,56,21,7,2,3,1,135.5
57,59,54,4,1,3,1,60.5
69,43,22,7,3,4,1,135.5
65,7,58,4,2,2,1,60.5
69,72,35,4,2,3,1,60.5
68,22,60,7,3,3,1,135.5
77,25,76,4,1,3,1,60.5
53,79,51,7,2,3,1,135.5
79,1,28,4,2,2,1,60.5
53,20,67,7,2,3,1,135.5
51,13,73,7,3,2,1,135.5
79,75,51,4,2,4,1,60.5
82,65,76,4,1,3,1,60.5
51,6,0,7,3,2,1,135.5
44,2,44,7,2,3,1,135.5
36,44,51,7,1,2,1,135.5
10,62,69,7,2,3,1,135.5
84,25,63,4,0,4,1,60.5
88,30,69,4,3,2,1,60.5
7,45,13,7,2,2,1,135.5
3,69,16,7,2,4,1,135.5
89,15,46,4,2,2,1,60.5
92,99,14,7,3,2,1,134.0
90,17,55,4,1,2,1,60.5
99,47,50,4,2,2,1,60.5
91,22,33,7,3,3,1,134.0
83,14,31,7,2,2,1,134.0
3,1,32,4,2,2,1,62.0
68,7,71,7,3,2,1,134.0
3,23,66,4,2,2,1,62.0
67,59,35,7,3,2,1,134.0
67,29,71,7,3,2,1,134.0
64,67,16,7,2,4,1,134.0
6,39,25,4,2,2,1,62.0
42,41,22,7,3,3,1,134.0
7,34,35,4,2,2,1,62.0
40,92,21,7,3,3,1,134.0
10,18,76,4,2,2,1,62.0
29,64,0,7,3,3,1,134.0
13,11,72,4,3,2,1,62.0
16,19,51,4,1,2,1,62.0
17,27,76,4,2,2,1,62.0
24,1,16,7,3,2,1,134.0
22,96,48,7,2,3,1,134.0
20,28,34,4,1,3,1,62.0
21,3,41,4,2,3,1,62.0
19,85,33,7,3,2,1,134.0
28,90,76,4,2,2,1,62.0
99,4,22,7,2,3,1,132.5
33,78,76,4,3,2,1,62.0
91,46,67,7,3,3,1,132.5
89,91,38,7,2,4,1,132.5
38,51,13,4,3,3,1,62.0
39,64,32,4,2,2,1,62.0
44,16,9,4,1,2,1,62.0
84,34,69,7,2,4,1,132.5
45,51,69,4,1,3,1,62.0
55,92,76,4,2,3,1,62.0
56,65,54,4,2,3,1,62.0
58,86,47,4,1,3,1,62.0
83,40,0,7,3,3,1,132.5
60,12,73,7,3,3,1,132.5
46,17,0,7,2,3,1,132.5
61,28,72,4,0,3,1,62.0
38,45,72,7,4,2,1,132.5
66,18,63,4,2,3,1,62.0
67,1,76,4,2,3,1,62.0
70,61,53,4,2,4,1,62.0
26,61,73,7,2,1,1,132.5
73,42,72,4,3,3,1,62.0
23,28,56,7,2,4,1,132.5
19,88,0,7,3,3,1,132.5
75,49,43,4,2,1,1,62.0
75,50,76,4,2,3,1,62.0
76,24,31,4,3,3,1,62.0
17,16,48,7,2,2,1,132.5
76,30,40,4,3,2,1,62.0
78,16,2,4,1,2,1,62.0
83,61,72,4,1,2,1,62.0
84,16,76,4,2,2,1,62.0
85,99,73,4,1,2,1,62.0
14,36,17,7,2,1,1,132.5
87,58,76,4,0,4,1,62.0
11,14,0,7,3,2,1,132.5
9,80,31,7,3,3,1,132.5
95,49,76,4,0,4,1,62.0
4,13,76,4,3,3,1,63.5
6,12,21,4,2,3,1,63.5
20,52,40,4,2,4,1,63.5
5,24,23,7,3,3,1,132.5
2,6,37,7,3,3,1,132.5
92,64,28,7,3,3,1,131.0
26,46,57,4,3,2,1,63.5
88,75,7,7,3,4,1,131.0
85,0,71,7,2,3,1,131.0
83,51,17,7,3,3,1,131.0
78,69,68,7,2,3,1,131.0
64,16,53,7,2,3,1,131.0
30,60,65,4,2,4,1,63.5
41,88,65,4,3,3,1,63.5
47,66,60,4,1,3,1,63.5
58,22,0,7,2,3,1,131.0
48,65,63,4,0,4,1,63.5
60,79,72,4,2,4,1,63.5
61,70,76,4,2,3,1,63.5
61,85,38,4,0,3,1,63.5
61,97,76,4,3,3,1,63.5
28,36,24,7,3,1,1,131.0
26,86,61,7,3,2,1,131.0
23,30,30,7,3,2,1,131.0
64,55,76,4,2,3,1,63.5
21,37,14,7,4,3,1,131.0
66,30,49,4,2,3,1,63.5
98,76,70,7,3,4,1,129.5
67,39,46,4,3,3,1,63.5
94,6,22,7,4,3,1,129.5
74,50,57,4,3,4,1,63.5
93,79,0,7,2,3,1,129.5
82,46,70,7,2,4,1,129.5
76,81,0,7,3,4,1,129.5
89,45,70,4,2,3,1,63.5
90,66,45,4,2,2,1,63.5
91,65,76,4,2,4,1,63.5
68,15,18,7,4,2,1,129.5
67,89,23,7,4,2,1,129.5
48,15,56,7,3,3,1,129.5
28,78,40,7,3,2,1,129.5
24,9,0,7,3,3,1,129.5
93,97,69,4,2,3,1,63.5
20,40,16,7,2,4,1,129.5
96,89,50,4,2,2,1,63.5
97,1,53,4,1,3,1,63.5
18,19,7,7,3,3,1,129.5
9,89,7,7,3,3,1,129.5
99,31,10,4,2,2,1,63.5
5,7,40,4,3,2,1,65.0
98,31,34,7,4,2,1,128.0
93,9,14,7,3,3,1,128.0
7,97,45,4,2,2,1,65.0
92,14,38,7,3,2,1,128.0
83,34,8,7,3,3,1,128.0
75,10,67,7,2,3,1,128.0
10,65,48,4,3,2,1,65.0
13,37,53,4,3,2,1,65.0
74,23,0,7,4,3,1,128.0
70,85,10,7,3,3,1,128.0
64,85,40,7,3,2,1,128.0
57,42,43,7,3,3,1,128.0
13,57,67,4,3,2,1,65.0
26,16,0,7,3,3,1,128.0
21,31,0,7,4,3,1,128.0
10,70,0,7,3,3,1,128.0
18,49,68,4,1,4,1,65.0
7,99,0,7,2,2,1,128.0
7,73,20,7,2,4,1,128.0
19,39,61,4,0,3,1,65.0
24,55,67,4,3,2,1,65.0
4,45,62,7,3,3,1,128.0
98,71,41,7,4,3,1,126.5
92,28,45,7,3,4,1,126.5
29,12,67,4,2,4,1,65.0
85,77,71,7,3,2,1,126.5
80,78,42,7,3,3,1,126.5
30,59,56,4,2,4,1,65.0
78,15,0,7,3,3,1,126.5
72,73,60,7,3,3,1,126.5
63,58,69,7,3,2,1,126.5
55,84,44,7,3,3,1,126.5
53,3,0,7,4,3,1,126.5
44,27,67,7,2,2,1,126.5
36,8,19,4,0,4,1,65.0
36,16,61,4,1,3,1,65.0
39,61,16,7,2,3,1,126.5
29,44,58,7,3,2,1,126.5
28,17,15,7,3,3,1,126.5
37,65,28,4,3,2,1,65.0
38,7,9,4,3,2,1,65.0
27,5,17,7,2,4,1,126.5
39,2,48,4,2,4,1,65.0
23,52,15,7,3,4,1,126.5
40,45,76,4,2,1,1,65.0
22,23,7,7,3,3,1,126.5
20,22,23,7,2,4,1,126.5
17,15,59,7,2,4,1,126.5
42,20,31,4,3,3,1,65.0
46,22,53,4,2,3,1,65.0
47,99,56,4,1,4,1,65.0
51,22,8,4,3,2,1,65.0
58,35,47,4,2,4,1,65.0
5,61,0,7,4,3,1,126.5
98,13,70,6,2,4,1,125.0
61,11,72,4,3,3,1,65.0
62,65,17,4,2,2,1,65.0
64,31,24,4,2,3,1,65.0
89,3,61,6,2,3,1,125.0
88,72,24,6,3,3,1,125.0
66,11,22,4,2,2,1,65.0
87,96,67,6,3,3,1,125.0
68,14,76,4,1,4,1,65.0
87,40,73,6,3,3,1,125.0
79,23,22,6,3,3,1,125.0
70,75,66,6,3,3,1,125.0
68,20,67,4,3,4,1,65.0
68,57,31,6,3,4,1,125.0
64,46,14,6,3,2,1,125.0
72,15,76,4,3,3,1,65.0
72,69,49,4,3,3,1,65.0
84,20,72,4,3,4,1,65.0
84,43,51,4,3,2,1,65.0
57,31,34,6,3,3,1,125.0
57,7,50,6,3,3,1,125.0
86,37,59,4,1,3,1,65.0
90,95,50,4,2,3,1,65.0
53,50,74,6,2,4,1,125.0
1,68,72,4,3,4,1,66.5
3,26,62,4,2,4,1,66.5
4,22,35,4,3,1,1,66.5
17,76,66,4,2,4,1,66.5
53,36,7,6,4,2,1,125.0
18,50,27,4,3,0,1,66.5
18,89,72,4,2,4,1,66.5
25,68,38,4,0,4,1,66.5
47,26,54,6,2,4,1,125.0
26,37,76,4,3,1,1,66.5
37,95,76,4,2,4,1,66.5
42,79,7,6,3,3,1,125.0
35,59,65,6,3,4,1,125.0
44,1,76,4,2,4,1,66.5
54,6,12,4,3,3,1,66.5
28,47,47,6,3,4,1,125.0
19,37,74,6,1,3,1,125.0
19,30,14,6,3,3,1,125.0
61,55,26,4,3,3,1,66.5
62,72,63,4,0,4,1,66.5
2,77,31,6,3,4,1,125.0
99,62,7,6,3,4,1,123.5
98,85,0,6,4,3,1,123.5
92,20,60,6,3,4,1,123.5
90,37,63,6,2,3,1,123.5
83,98,74,6,2,4,1,123.5
81,6,16,6,4,3,1,123.5
66,23,41,4,2,3,1,66.5
66,24,8,4,2,3,1,66.5
66,27,37,4,2,3,1,66.5
69,20,30,4,3,4,1,66.5
78,97,58,4,3,2,1,66.5
78,51,49,6,3,3,1,123.5
75,25,72,6,3,4,1,123.5
80,58,72,4,3,3,1,66.5
82,50,54,4,3,2,1,66.5
69,54,0,6,4,3,1,123.5
84,6,29,4,4,3,1,66.5
64,98,7,6,3,4,1,123.5
85,32,67,4,3,2,1,66.5
90,58,41,4,2,3,1,66.5
98,15,29,4,4,2,1,66.5
64,54,50,6,3,3,1,123.5
0,27,49,4,2,4,1,68.0
63,15,74,6,1,4,1,123.5
61,62,60,6,4,3,1,123.5
52,49,22,6,4,2,1,123.5
52,39,28,6,4,3,1,123.5
52,18,34,6,4,3,1,123.5
4,79,58,4,3,3,1,68.0
5,9,76,4,3,3,1,68.0
6,64,8,4,3,4,1,68.0
50,1,34,6,2,3,1,123.5
38,86,33,6,4,2,1,123.5
9,1,68,4,1,3,1,68.0
11,96,27,4,3,2,1,68.0
30,43,41,6,3,2,1,123.5
29,54,7,6,3,4,1,123.5
12,7,56,4,2,3,1,68.0
13,24,63,4,3,4,1,68.0
23,87,45,6,3,4,1,123.5
19,6,20,6,3,4,1,123.5
17,7,72,4,2,3,1,68.0
17,50,39,6,2,3,1,123.5
17,42,63,4,3,3,1,68.0
19,78,76,4,3,3,1,68.0
11,25,7,6,3,2,1,123.5
11,9,48,6,3,2,1,123.5
22,86,43,4,3,2,1,68.0
5,1,7,6,4,2,1,123.5
24,12,52,4,4,2,1,68.0
25,39,67,4,1,3,1,68.0
32,90,76,4,2,3,1,68.0
35,30,76,4,1,4,1,68.0
38,43,41,4,3,3,1,68.0
46,10,45,4,2,4,1,68.0
46,43,46,4,3,1,1,68.0
53,34,59,4,2,4,1,68.0
54,34,63,4,3,1,1,68.0
93,41,7,6,2,4,1,122.0
55,10,63,4,2,3,1,68.0
90,60,54,6,2,4,1,122.0
57,44,76,4,3,3,1,68.0
58,59,24,4,2,3,1,68.0
60,23,72,4,4,3,1,68.0
89,49,0,6,3,2,1,122.0
83,32,49,6,3,4,1,122.0
61,4,68,4,3,4,1,68.0
82,9,70,6,3,3,1,122.0
62,59,76,4,1,4,1,68.0
74,15,7,6,4,2,1,122.0
64,25,36,4,3,1,1,68.0
68,99,25,6,4,3,1,122.0
66,85,33,4,2,3,1,68.0
54,78,6,6,3,4,1,122.0
68,65,66,4,4,3,1,68.0
53,85,17,6,4,3,1,122.0
73,86,68,4,3,2,1,68.0
49,46,6,6,2,3,1,122.0
46,36,20,6,2,2,1,122.0
78,73,72,4,3,4,1,68.0
41,58,48,6,3,4,1,122.0
80,34,76,4,1,4,1,68.0
40,95,7,6,3,4,1,122.0
39,24,0,6,3,4,1,122.0
35,76,57,6,3,4,1,122.0
35,36,71,6,3,4,1,122.0
83,43,38,4,2,4,1,68.0
83,65,58,4,3,3,1,68.0
24,33,12,6,4,4,1,122.0
87,65,55,4,1,4,1,68.0
18,83,67,6,3,3,1,122.0
18,39,14,6,3,3,1,122.0
89,79,30,4,2,3,1,68.0
14,75,24,6,2,4,1,122.0
14,27,7,6,2,3,1,122.0
99,8,74,6,3,2,1,120.5
98,54,56,6,4,3,1,120.5
92,61,40,4,2,4,1,68.0
97,3,23,6,3,2,1,120.5
93,37,65,4,2,4,1,68.0
97,96,54,4,2,4,1,68.0
95,70,17,6,3,3,1,120.5
89,93,21,6,3,3,1,120.5
2,18,73,4,0,3,1,69.5
89,82,58,6,3,3,1,120.5
89,48,27,6,3,4,1,120.5
2,97,36,4,1,3,1,69.5
64,15,20,6,3,3,1,120.5
62,1,13,6,4,3,1,120.5
56,64,43,6,3,4,1,120.5
5,16,56,4,4,1,1,69.5
6,35,63,4,4,4,1,69.5
55,35,7,6,3,4,1,120.5
8,61,12,4,4,3,1,69.5
52,12,44,6,4,3,1,120.5
48,20,0,6,4,3,1,120.5
38,89,14,6,4,3,1,120.5
38,27,24,6,4,2,1,120.5
19,10,54,4,3,3,1,69.5
33,27,0,6,4,3,1,120.5
22,99,21,4,3,3,1,69.5
32,97,32,6,3,4,1,120.5
24,31,43,4,4,2,1,69.5
18,20,20,6,3,3,1,120.5
25,84,52,4,2,4,1,69.5
12,76,7,6,3,3,1,120.5
29,86,14,4,3,3,1,69.5
10,57,7,6,3,4,1,120.5
9,57,21,6,3,4,1,120.5
8,96,0,6,4,3,1,120.5
30,66,4,4,3,2,1,69.5
94,5,74,6,3,4,1,119.0
93,95,0,6,3,4,1,119.0
90,16,69,6,2,3,1,119.0
34,37,16,4,1,4,1,69.5
89,64,64,6,3,3,1,119.0
41,61,76,4,3,4,1,69.5
86,44,51,6,2,3,1,119.0
86,17,7,6,3,3,1,119.0
42,9,53,4,3,4,1,69.5
85,69,23,6,3,4,1,119.0
84,18,0,6,4,3,1,119.0
78,89,33,6,3,3,1,119.0
77,49,12,6,4,2,1,119.0
42,48,52,4,4,2,1,69.5
76,15,13,6,3,3,1,119.0
43,87,60,4,2,4,1,69.5
44,36,42,4,3,2,1,69.5
44,37,70,4,3,3,1,69.5
44,82,66,4,3,3,1,69.5
48,51,65,4,4,3,1,69.5
55,99,52,4,2,4,1,69.5
64,3,56,6,3,4,1,119.0
56,15,17,4,3,4,1,69.5
57,79,64,4,3,3,1,69.5
58,3,20,4,2,3,1,69.5
63,59,30,6,4,3,1,119.0
58,53,34,6,3,4,1,119.0
63,86,76,4,3,3,1,69.5
57,55,56,6,3,4,1,119.0
57,39,68,6,3,4,1,119.0
69,15,37,4,4,2,1,69.5
49,12,0,6,3,3,1,119.0
70,13,36,4,3,3,1,69.5
72,2,72,4,3,3,1,69.5
72,58,45,4,3,3,1,69.5
76,42,48,4,3,4,1,69.5
86,68,57,4,2,4,1,69.5
88,35,59,4,3,4,1,69.5
45,16,74,6,3,4,1,119.0
44,95,23,6,3,3,1,119.0
32,10,0,6,4,4,1,119.0
90,2,34,4,2,4,1,69.5
31,80,49,6,3,3,1,119.0
90,63,72,4,3,4,1,69.5
94,66,62,4,0,4,1,69.5
25,82,0,6,2,3,1,119.0
95,96,63,4,4,3,1,69.5
15,45,7,6,3,4,1,119.0
99,88,30,4,2,3,1,69.5
0,47,52,4,3,1,1,71.0
13,86,0,6,3,3,1,119.0
10,51,74,6,3,4,1,119.0
10,37,7,6,4,3,1,119.0
0,80,67,4,3,3,1,71.0
2,33,51,6,3,4,1,119.0
97,82,6,6,3,3,1,117.5
2,82,76,4,1,3,1,71.0
92,98,66,6,3,4,1,117.5
3,64,54,4,2,4,1,71.0
85,58,42,6,3,4,1,117.5
7,14,30,4,2,1,1,71.0
11,23,68,4,3,3,1,71.0
11,31,14,4,3,2,1,71.0
11,34,23,4,3,2,1,71.0
78,55,16,6,3,3,1,117.5
11,36,55,4,3,2,1,71.0
74,51,24,6,4,3,1,117.5
56,3,7,6,4,3,1,117.5
53,93,27,6,4,3,1,117.5
53,37,44,6,4,3,1,117.5
14,61,49,4,2,4,1,71.0
19,90,68,4,3,3,1,71.0
52,10,50,6,4,4,1,117.5
23,63,64,4,3,4,1,71.0
24,83,76,4,4,3,1,71.0
29,16,29,4,4,1,1,71.0
33,6,59,4,4,4,1,71.0
45,64,70,6,4,3,1,117.5
44,75,0,6,3,4,1,117.5
41,10,56,6,3,4,1,117.5
34,18,48,4,2,3,1,71.0
34,62,27,4,2,4,1,71.0
40,30,69,4,3,3,1,71.0
33,47,34,6,4,2,1,117.5
41,80,72,4,3,4,1,71.0
43,5,47,4,2,4,1,71.0
32,80,55,6,4,3,1,117.5
46,65,26,4,2,3,1,71.0
30,26,8,6,3,3,1,117.5
47,27,76,4,3,3,1,71.0
28,99,0,6,4,3,1,117.5
47,49,28,4,3,2,1,71.0
51,25,72,4,1,3,1,71.0
51,80,61,4,3,3,1,71.0
26,97,50,6,3,3,1,117.5
21,92,21,6,4,4,1,117.5
52,1,64,4,4,3,1,71.0
21,55,51,6,4,3,1,117.5
20,81,7,6,3,4,1,117.5
60,1,60,4,4,3,1,71.0
61,73,68,4,4,4,1,71.0
9,25,40,6,3,2,1,117.5
2,7,57,6,3,4,1,117.5
62,49,66,4,4,3,1,71.0
0,82,15,6,3,4,1,117.5
98,99,13,6,4,3,1,116.0
96,72,39,6,3,3,1,116.0
95,90,31,6,4,3,1,116.0
66,2,18,4,2,4,1,71.0
69,22,76,4,3,4,1,71.0
91,79,45,6,4,3,1,116.0
71,47,68,4,3,3,1,71.0
90,62,37,6,3,4,1,116.0
72,95,68,4,3,4,1,71.0
88,61,14,6,3,4,1,116.0
76,59,36,4,3,3,1,71.0
76,67,42,4,4,3,1,71.0
80,97,74,6,2,4,1,116.0
77,86,72,4,1,2,1,71.0
77,59,18,6,4,3,1,116.0
82,86,50,4,3,4,1,71.0
76,97,19,6,3,4,1,116.0
76,40,25,6,3,4,1,116.0
75,46,14,6,4,3,1,116.0
70,71,23,6,3,4,1,116.0
66,62,19,6,3,4,1,116.0
83,86,63,4,3,3,1,71.0
56,36,0,6,4,2,1,116.0
86,75,39,4,2,4,1,71.0
89,28,50,4,3,2,1,71.0
89,78,70,4,3,4,1,71.0
35,3,13,6,4,3,1,116.0
90,28,56,4,3,3,1,71.0
90,75,47,4,3,2,1,71.0
35,1,19,6,4,3,1,116.0
31,55,7,6,3,4,1,116.0
28,27,64,6,4,3,1,116.0
91,78,76,4,3,4,1,71.0
94,65,39,4,4,2,1,71.0
95,40,59,4,4,3,1,71.0
95,50,50,4,4,2,1,71.0
97,16,19,4,3,1,1,71.0
20,59,13,6,3,4,1,116.0
19,51,26,6,3,4,1,116.0
19,36,40,6,3,3,1,116.0
18,12,52,6,3,3,1,116.0
1,58,24,4,2,3,1,72.5
12,65,13,6,3,3,1,116.0
4,31,45,4,3,3,1,72.5
6,96,4,4,3,4,1,72.5
7,40,13,6,3,3,1,116.0
8,42,76,4,4,4,1,72.5
5,45,24,6,4,4,1,116.0
12,84,35,4,2,4,1,72.5
89,33,40,6,3,4,1,114.5
83,70,0,6,4,4,1,114.5
77,45,37,6,4,4,1,114.5
66,7,12,6,2,4,1,114.5
40,16,28,6,3,2,1,114.5
14,93,53,4,1,4,1,72.5
15,81,25,4,2,4,1,72.5
19,15,50,4,3,4,1,72.5
23,88,55,4,3,3,1,72.5
24,80,68,4,4,4,1,72.5
34,97,29,6,3,3,1,114.5
24,99,39,4,4,3,1,72.5
31,73,28,6,3,4,1,114.5
28,66,6,6,4,3,1,114.5
21,59,44,6,4,3,1,114.5
19,13,6,6,4,3,1,114.5
25,47,47,4,2,3,1,72.5
17,2,22,6,3,4,1,114.5
25,61,29,4,2,4,1,72.5
27,33,72,4,3,4,1,72.5
30,51,57,4,3,3,1,72.5
30,95,37,4,3,4,1,72.5
8,34,23,6,4,3,1,114.5
33,71,76,4,4,3,1,72.5
96,83,6,6,3,4,1,113.0
37,25,24,4,3,2,1,72.5
39,74,76,4,3,4,1,72.5
93,27,41,6,3,3,1,113.0
40,41,55,4,3,4,1,72.5
91,31,55,6,4,3,1,113.0
88,51,34,6,3,4,1,113.0
88,16,40,6,3,2,1,113.0
44,43,62,4,3,3,1,72.5
47,19,43,4,3,4,1,72.5
47,85,39,4,3,4,1,72.5
85,51,48,6,3,4,1,113.0
82,28,21,6,4,4,1,113.0
50,65,50,4,3,3,1,72.5
50,84,56,4,3,4,1,72.5
60,20,41,4,4,3,1,72.5
82,0,27,6,4,3,1,113.0
60,51,45,4,4,3,1,72.5
69,37,55,4,4,3,1,72.5
69,79,41,4,4,3,1,72.5
71,50,61,6,3,4,1,113.0
71,12,57,4,3,4,1,72.5
58,95,13,6,2,4,1,113.0
52,7,68,6,4,4,1,113.0
72,4,54,4,3,3,1,72.5
72,81,31,4,3,4,1,72.5
43,95,42,6,4,4,1,113.0
72,96,59,4,4,3,1,72.5
41,9,46,6,4,3,1,113.0
40,43,46,6,3,3,1,113.0
79,73,16,4,3,4,1,72.5
39,6,6,6,3,4,1,113.0
81,88,76,4,2,4,1,72.5
38,16,7,6,4,3,1,113.0
22,84,14,6,3,4,1,113.0
22,66,47,6,3,3,1,113.0
83,39,72,4,4,3,1,72.5
21,30,27,6,4,3,1,113.0
11,12,25,6,4,3,1,113.0
10,47,16,6,4,3,1,113.0
83,71,76,4,4,4,1,72.5
85,86,59,4,3,3,1,72.5
87,7,62,4,0,3,1,72.5
8,93,6,6,4,3,1,113.0
4,78,29,6,3,4,1,113.0
99,18,31,6,3,4,1,111.5
90,27,60,6,3,4,1,111.5
93,82,68,4,3,4,1,72.5
86,56,18,6,3,4,1,111.5
94,1,54,4,2,4,1,72.5
0,3,47,4,3,3,1,74.0
3,31,68,4,3,4,1,74.0
79,95,19,6,4,4,1,111.5
77,51,54,6,4,4,1,111.5
74,42,13,6,4,3,1,111.5
3,93,37,4,3,3,1,74.0
4,65,72,4,3,4,1,74.0
5,39,52,4,4,3,1,74.0
7,93,33,4,3,3,1,74.0
72,14,0,6,4,3,1,111.5
13,14,45,4,3,2,1,74.0
14,97,13,4,2,3,1,74.0
69,59,6,6,4,3,1,111.5
53,7,66,6,4,3,1,111.5
44,10,29,6,3,4,1,111.5
41,18,40,6,4,3,1,111.5
31,9,13,6,3,4,1,111.5
17,30,53,4,3,3,1,74.0
17,47,35,4,3,3,1,74.0
22,48,6,6,4,4,1,111.5
18,78,59,4,3,4,1,74.0
20,94,43,6,4,4,1,111.5
18,95,72,4,4,4,1,74.0
17,97,40,6,3,3,1,111.5
22,51,68,4,4,4,1,74.0
13,17,57,6,3,3,1,111.5
27,41,33,4,3,4,1,74.0
8,59,29,6,4,4,1,111.5
29,17,76,4,4,3,1,74.0
8,39,35,6,4,3,1,111.5
29,31,61,4,4,3,1,74.0
29,43,56,4,4,2,1,74.0
2,51,0,6,4,4,1,111.5
29,85,72,4,4,4,1,74.0
32,59,43,4,4,2,1,74.0
32,86,39,4,4,3,1,74.0
98,6,48,6,4,4,1,110.0
36,85,29,4,2,3,1,74.0
38,9,76,4,3,4,1,74.0
40,23,35,4,3,4,1,74.0
97,93,56,6,3,3,1,110.0
93,42,62,6,3,4,1,110.0
41,51,64,4,4,4,1,74.0
91,50,32,6,4,3,1,110.0
90,67,0,6,4,4,1,110.0
41,70,29,4,3,4,1,74.0
86,87,24,6,3,4,1,110.0
42,26,3,4,3,4,1,74.0
43,15,70,4,3,4,1,74.0
85,95,25,6,4,4,1,110.0
85,53,50,6,4,4,1,110.0
84,14,6,6,4,3,1,110.0
83,10,22,6,4,4,1,110.0
53,30,72,4,1,4,1,74.0
54,0,30,4,3,4,1,74.0
80,12,0,6,4,4,1,110.0
54,12,31,4,4,3,1,74.0
77,46,24,6,4,3,1,110.0
56,58,14,4,4,3,1,74.0
57,25,16,4,3,2,1,74.0
72,51,6,6,4,4,1,110.0
69,46,30,6,4,3,1,110.0
67,15,6,6,4,4,1,110.0
64,97,0,6,4,3,1,110.0
63,47,36,6,4,4,1,110.0
59,81,58,4,3,4,1,74.0
61,14,8,4,3,4,1,74.0
60,85,0,6,4,4,1,110.0
46,9,0,6,3,4,1,110.0
66,44,0,4,2,4,1,74.0
44,40,6,6,3,4,1,110.0
44,20,12,6,3,4,1,110.0
44,17,35,6,3,4,1,110.0
67,49,31,4,3,3,1,74.0
44,11,4,6,4,4,1,110.0
41,40,0,6,4,4,1,110.0
40,96,31,6,4,3,1,110.0
37,19,0,6,4,4,1,110.0
70,23,72,4,3,4,1,74.0
33,42,18,6,4,4,1,110.0
72,86,72,4,4,3,1,74.0
75,39,57,4,4,3,1,74.0
29,78,65,6,4,3,1,110.0
77,36,50,4,4,2,1,74.0
82,66,72,4,4,3,1,74.0
26,7,7,6,4,3,1,110.0
24,14,18,6,4,3,1,110.0
84,31,41,4,4,3,1,74.0
23,54,0,6,4,4,1,110.0
84,72,76,4,3,4,1,74.0
86,48,55,4,3,4,1,74.0
89,42,68,4,4,4,1,74.0
90,61,72,4,4,4,1,74.0
94,79,53,4,3,4,1,74.0
96,31,55,4,3,4,1,74.0
18,25,0,6,4,3,1,110.0
11,15,39,6,4,3,1,110.0
98,96,59,4,3,4,1,74.0
6,28,40,5,4,4,1,75.5
0,90,21,6,3,4,1,110.0
9,93,47,5,4,3,1,75.5
0,49,56,6,3,3,1,110.0
98,17,19,6,4,4,1,108.5
97,22,62,6,3,4,1,108.5
96,36,22,6,3,3,1,108.5
96,19,12,6,4,4,1,108.5
11,88,18,5,3,4,1,75.5
89,66,0,6,4,3,1,108.5
83,97,12,6,4,4,1,108.5
15,71,30,5,3,4,1,75.5
19,79,67,5,4,4,1,75.5
23,29,51,5,4,4,1,75.5
23,42,57,5,4,4,1,75.5
74,6,30,6,4,4,1,108.5
25,1,45,5,3,3,1,75.5
69,39,45,6,4,4,1,108.5
25,38,67,5,3,4,1,75.5
66,31,12,6,3,4,1,108.5
63,30,42,6,4,4,1,108.5
62,85,31,6,4,4,1,108.5
29,66,42,5,4,3,1,75.5
30,11,64,5,3,4,1,75.5
61,48,21,6,4,4,1,108.5
56,34,24,6,4,4,1,108.5
31,65,19,5,3,3,1,75.5
31,71,50,5,4,4,1,75.5
55,64,30,6,3,4,1,108.5
47,9,22,6,3,4,1,108.5
32,22,34,5,4,4,1,75.5
45,86,30,6,4,3,1,108.5
32,58,8,5,4,2,1,75.5
39,25,23,5,3,3,1,75.5
43,28,12,6,4,4,1,108.5
42,57,43,5,4,4,1,75.5
47,38,61,5,4,4,1,75.5
57,15,54,5,4,4,1,75.5
58,57,2,5,3,4,1,75.5
59,97,1,5,3,4,1,75.5
39,73,34,6,4,4,1,108.5
64,20,49,5,4,4,1,75.5
32,66,27,6,4,3,1,108.5
29,89,6,6,4,4,1,108.5
67,22,57,5,4,4,1,75.5
70,15,45,5,4,4,1,75.5
29,3,0,6,4,4,1,108.5
70,16,24,5,4,1,1,75.5
28,20,34,6,4,4,1,108.5
77,50,45,5,4,3,1,75.5
27,31,0,6,4,4,1,108.5
26,43,68,6,3,4,1,108.5
79,9,62,5,4,4,1,75.5
85,97,54,5,3,4,1,75.5
18,97,6,6,4,4,1,108.5
17,70,67,6,3,4,1,108.5
15,10,35,6,4,4,1,108.5
10,83,62,6,4,4,1,108.5
4,83,28,6,4,4,1,108.5
3,33,63,6,4,4,1,108.5
91,58,71,5,4,4,1,75.5
92,43,57,5,4,3,1,75.5
96,8,41,6,4,4,1,107.0
93,40,37,6,4,4,1,107.0
87,20,0,6,4,4,1,107.0
74,79,36,6,4,4,1,107.0
74,1,42,6,4,4,1,107.0
0,85,62,5,3,4,1,77.0
60,13,6,6,4,4,1,107.0
54,45,13,6,4,4,1,107.0
53,55,72,6,4,4,1,107.0
45,36,0,6,4,3,1,107.0
8,46,62,5,4,3,1,77.0
44,88,46,6,4,3,1,107.0
13,80,40,5,3,4,1,77.0
14,13,31,5,3,3,1,77.0
18,85,67,5,4,4,1,77.0
20,27,55,5,3,4,1,77.0
44,3,24,6,4,3,1,107.0
42,70,6,6,4,4,1,107.0
31,41,18,6,4,4,1,107.0
27,11,10,6,4,4,1,107.0
23,38,46,5,4,4,1,77.0
23,96,67,5,4,4,1,77.0
19,18,18,6,4,4,1,107.0
3,21,69,6,4,4,1,107.0
0,76,0,6,4,4,1,107.0
24,42,34,5,4,4,1,77.0
24,90,58,5,4,4,1,77.0
30,37,22,5,3,4,1,77.0
30,56,59,5,4,4,1,77.0
39,82,41,5,3,4,1,77.0
41,39,75,5,4,4,1,77.0
99,44,10,6,4,4,1,105.5
44,50,46,5,3,4,1,77.0
44,93,57,5,3,4,1,77.0
96,7,19,6,4,3,1,105.5
45,9,57,5,4,4,1,77.0
66,54,67,5,3,4,1,77.0
92,15,0,6,4,4,1,105.5
90,88,6,6,4,4,1,105.5
90,48,33,6,4,4,1,105.5
87,37,6,6,4,4,1,105.5
67,47,75,5,4,4,1,77.0
70,34,18,5,4,2,1,77.0
86,16,13,6,4,2,1,105.5
70,50,52,5,4,4,1,77.0
70,72,40,5,4,4,1,77.0
82,76,6,6,4,4,1,105.5
81,50,35,6,4,4,1,105.5
80,88,12,6,4,4,1,105.5
78,29,12,6,4,4,1,105.5
75,66,33,6,4,3,1,105.5
89,36,15,5,4,2,1,77.0
90,59,51,5,3,4,1,77.0
75,7,43,6,4,3,1,105.5
92,13,65,5,4,4,1,77.0
92,37,50,5,4,3,1,77.0
93,12,62,5,4,4,1,77.0
74,49,48,6,4,3,1,105.5
68,58,31,6,4,4,1,105.5
68,39,51,6,4,4,1,105.5
67,78,63,6,4,4,1,105.5
66,58,7,6,4,3,1,105.5
64,12,12,6,4,4,1,105.5
93,85,45,5,4,4,1,77.0
48,7,39,6,4,4,1,105.5
99,15,30,5,4,4,1,77.0
43,39,0,6,3,4,1,105.5
0,31,45,5,4,4,1,78.5
2,85,57,5,4,4,1,78.5
8,16,48,5,4,3,1,78.5
38,12,39,6,4,4,1,105.5
9,88,71,5,4,4,1,78.5
37,76,27,6,4,4,1,105.5
11,3,32,5,4,3,1,78.5
32,34,15,6,4,3,1,105.5
16,5,35,5,2,4,1,78.5
31,61,6,6,4,4,1,105.5
16,80,23,5,2,4,1,78.5
20,66,54,6,4,3,1,105.5
17,23,30,5,3,4,1,78.5
19,97,25,6,4,4,1,105.5
7,41,25,6,3,4,1,105.5
18,3,51,5,4,4,1,78.5
18,88,62,5,4,4,1,78.5
5,13,40,6,4,4,1,105.5
19,7,38,5,4,3,1,78.5
25,24,29,5,3,4,1,78.5
4,86,4,6,4,4,1,105.5
97,83,38,6,4,4,1,104.0
91,49,61,6,4,4,1,104.0
89,22,39,6,4,4,1,104.0
82,49,35,6,4,3,1,104.0
71,78,0,6,4,4,1,104.0
26,6,15,5,4,4,1,78.5
28,89,29,5,4,4,1,78.5
66,39,13,6,4,4,1,104.0
64,72,18,6,4,4,1,104.0
55,19,31,6,4,4,1,104.0
36,7,52,5,3,4,1,78.5
46,30,54,5,3,4,1,78.5
49,17,6,6,3,4,1,104.0
57,96,75,5,4,4,1,78.5
38,88,0,6,4,4,1,104.0
58,37,37,5,4,4,1,78.5
59,82,46,5,4,4,1,78.5
64,14,38,5,4,3,1,78.5
35,50,25,6,4,4,1,104.0
28,7,74,6,4,4,1,104.0
81,14,53,5,4,3,1,78.5
83,25,57,5,4,4,1,78.5
2,93,6,6,4,4,1,104.0
99,1,40,5,4,3,1,78.5
99,20,25,5,4,4,1,78.5
99,46,44,5,3,4,1,78.5
5,72,30,5,4,4,1,80.0
99,72,45,6,4,4,1,102.5
7,9,34,5,4,4,1,80.0
94,22,49,6,4,4,1,102.5
14,9,42,5,4,4,1,80.0
14,38,56,5,4,4,1,80.0
23,31,40,5,4,4,1,80.0
24,47,24,5,4,4,1,80.0
31,49,26,5,4,3,1,80.0
86,82,54,6,4,4,1,102.5
81,16,41,6,4,3,1,102.5
33,3,46,5,4,4,1,80.0
34,1,66,5,3,4,1,80.0
68,66,42,6,4,4,1,102.5
41,1,59,5,4,4,1,80.0
44,7,18,5,3,4,1,80.0
44,55,71,5,4,2,1,80.0
46,18,41,5,3,4,1,80.0
49,84,21,5,3,4,1,80.0
65,80,6,6,3,4,1,102.5
55,17,1,5,3,4,1,80.0
63,13,48,6,4,4,1,102.5
57,30,67,5,4,4,1,80.0
62,14,48,5,4,3,1,80.0
76,18,46,5,4,4,1,80.0
61,29,33,6,4,4,1,102.5
76,80,52,5,4,4,1,80.0
78,65,22,5,3,2,1,80.0
81,47,70,5,4,4,1,80.0
55,86,36,6,3,4,1,102.5
55,82,0,6,4,4,1,102.5
55,80,45,6,4,4,1,102.5
84,3,75,5,4,4,1,80.0
45,2,62,6,4,4,1,102.5
87,3,40,5,4,4,1,80.0
93,17,68,5,4,4,1,80.0
0,42,25,5,4,4,1,81.5
36,86,28,6,3,4,1,102.5
30,12,6,6,4,4,1,102.5
4,7,63,5,4,4,1,81.5
26,55,20,6,4,4,1,102.5
25,42,12,6,3,4,1,102.5
5,46,62,5,4,4,1,81.5
7,27,23,6,4,4,1,102.5
96,57,48,6,4,4,1,101.0
7,23,7,5,4,4,1,81.5
90,14,12,6,4,3,1,101.0
13,78,54,5,4,4,1,81.5
89,97,45,6,4,4,1,101.0
14,78,43,5,3,4,1,81.5
14,81,65,5,4,4,1,81.5
89,37,51,6,4,4,1,101.0
17,66,48,5,3,4,1,81.5
87,50,12,6,4,4,1,101.0
18,65,26,5,4,4,1,81.5
87,49,18,6,4,4,1,101.0
19,14,51,5,4,4,1,81.5
79,70,12,6,4,4,1,101.0
26,90,67,5,4,4,1,81.5
27,49,52,5,1,4,1,81.5
30,7,1,5,4,3,1,81.5
76,86,19,6,4,4,1,101.0
40,66,57,5,4,4,1,81.5
74,47,54,6,4,4,1,101.0
46,75,75,5,3,4,1,81.5
55,79,26,5,4,4,1,81.5
55,88,51,5,4,4,1,81.5
57,27,38,5,4,4,1,81.5
57,86,62,5,4,4,1,81.5
59,89,24,5,4,4,1,81.5
67,65,30,6,4,3,1,101.0
64,93,24,6,4,4,1,101.0
60,72,35,5,4,4,1,81.5
65,74,67,5,4,4,1,81.5
71,20,18,5,4,4,1,81.5
77,16,75,5,4,3,1,81.5
82,37,60,5,4,4,1,81.5
88,29,24,5,4,4,1,81.5
88,50,41,5,4,4,1,81.5
45,37,43,6,4,4,1,101.0
93,92,32,5,4,4,1,81.5
0,16,36,5,4,3,1,83.0
40,14,70,6,4,4,1,101.0
36,27,16,6,3,4,1,101.0
7,94,29,5,4,4,1,83.0
27,99,74,6,4,4,1,101.0
25,30,34,6,3,4,1,101.0
18,4,12,6,4,4,1,101.0
17,46,12,6,4,4,1,101.0
14,23,24,6,3,4,1,101.0
9,17,29,5,4,4,1,83.0
12,73,45,6,4,4,1,101.0
0,93,12,6,4,4,1,101.0
99,16,20,5,4,3,1,99.5
24,43,7,5,4,3,1,83.0
24,79,47,5,4,4,1,83.0
36,66,35,5,3,4,1,83.0
80,64,63,5,4,4,1,99.5
44,76,37,5,4,4,1,83.0
80,53,58,5,4,4,1,99.5
75,86,67,5,4,3,1,99.5
44,96,32,5,4,4,1,83.0
47,76,14,5,4,4,1,83.0
50,86,69,5,4,4,1,83.0
63,43,54,5,4,4,1,99.5
65,94,34,5,4,4,1,83.0
66,90,28,5,4,4,1,83.0
62,17,75,5,4,4,1,99.5
77,58,66,5,4,4,1,83.0
78,39,24,5,4,4,1,83.0
60,16,15,5,4,3,1,99.5
90,12,52,5,4,4,1,83.0
92,40,45,5,4,4,1,83.0
48,86,45,5,4,4,1,99.5
35,27,69,5,4,4,1,99.5
93,99,1,5,4,4,1,83.0
99,14,35,5,4,4,1,83.0
0,50,20,5,4,4,1,84.5
23,32,62,5,4,4,1,99.5
18,36,57,5,4,4,1,99.5
10,4,58,5,3,4,1,84.5
11,7,47,5,4,4,1,84.5
29,46,19,5,4,4,1,84.5
2,62,70,5,4,4,1,99.5
94,13,60,5,4,4,1,98.0
92,0,75,5,4,4,1,98.0
85,41,13,5,4,4,1,98.0
81,36,47,5,4,3,1,98.0
44,72,54,5,4,4,1,84.5
46,70,57,5,4,4,1,84.5
51,16,43,5,4,4,1,84.5
51,72,13,5,4,4,1,84.5
65,40,50,5,4,4,1,98.0
62,25,43,5,4,4,1,84.5
64,80,77,3,3,3,2,84.5
73,88,57,5,4,4,1,84.5
80,36,35,5,4,4,1,84.5
54,47,42,5,4,4,1,98.0
86,35,75,5,4,4,1,84.5
39,69,63,5,4,4,1,98.0
89,40,63,5,4,4,1,84.5
92,79,7,5,4,4,1,84.5
35,49,36,5,4,4,1,98.0
28,25,67,5,3,4,1,98.0
3,78,35,5,4,4,1,86.0
27,56,31,5,4,4,1,98.0
14,16,30,5,4,3,1,86.0
20,13,26,5,3,4,1,86.0
23,4,19,5,4,4,1,86.0
34,58,19,5,4,3,1,86.0
34,87,35,5,3,4,1,86.0
19,17,62,5,4,4,1,98.0
12,54,75,5,4,4,1,98.0
4,19,75,5,4,4,1,98.0
4,1,49,5,3,4,1,98.0
49,66,2,5,4,4,1,86.0
54,46,36,5,4,3,1,86.0
2,23,13,5,4,4,1,98.0
97,10,69,5,4,4,1,96.5
89,34,34,5,4,4,1,96.5
87,71,71,5,4,4,1,96.5
84,17,47,5,4,4,1,96.5
74,36,62,5,4,4,1,86.0
80,44,18,5,4,4,1,86.0
81,10,75,5,4,4,1,86.0
83,16,52,5,4,4,1,96.5
71,15,12,5,4,4,1,96.5
66,12,23,5,4,4,1,96.5
41,0,70,5,4,4,1,96.5
11,51,20,5,4,4,1,87.5
17,71,57,5,4,4,1,87.5
21,43,75,5,4,4,1,87.5
21,79,57,5,4,4,1,96.5
35,46,52,5,4,4,1,87.5
11,2,75,5,4,2,1,96.5
44,70,62,5,4,4,1,87.5
47,30,29,5,4,4,1,87.5
4,25,34,5,4,4,1,96.5
2,45,52,5,4,4,1,96.5
54,90,47,5,4,4,1,87.5
1,78,19,5,4,4,1,96.5
0,65,7,5,4,2,1,96.5
74,14,19,5,4,4,1,87.5
72,3,25,5,4,4,1,95.0
80,49,30,5,4,4,1,87.5
88,25,29,5,4,4,1,87.5
55,34,40,5,4,3,1,95.0
52,89,58,5,4,4,1,95.0
50,34,7,5,4,4,1,95.0
2,55,67,5,3,4,1,89.0
25,87,52,5,4,4,1,95.0
22,43,1,5,4,4,1,89.0
23,0,59,5,3,4,1,89.0
11,97,59,5,4,4,1,95.0
25,16,18,5,3,4,1,89.0
30,78,49,5,4,4,1,89.0
92,65,39,5,4,3,1,93.5
36,73,52,5,4,4,1,89.0
92,1,27,5,4,3,1,93.5
83,88,46,5,4,4,1,93.5
69,1,71,5,4,4,1,89.0
77,65,7,5,4,4,1,89.0
87,1,30,5,4,4,1,89.0
87,16,66,5,4,4,1,89.0
62,93,77,3,2,1,2,93.5
54,85,20,5,4,4,1,93.5
54,14,25,5,4,4,1,93.5
27,71,44,5,4,4,1,93.5
55,22,15,5,4,4,1,90.5
9,47,8,5,4,4,1,93.5
8,37,71,5,4,4,1,93.5
0,17,52,5,4,4,1,93.5
57,65,16,5,4,4,1,90.5
65,16,1,5,3,4,1,90.5
79,31,31,5,4,4,1,92.0
91,90,40,5,3,4,1,90.5
62,34,54,5,4,4,1,92.0
97,34,64,5,4,4,1,90.5
20,46,7,5,4,4,1,92.0
39,36,8,5,4,3,1,92.0
