src,dst,spec,slots_used,core_src,core_dst,cores_used,tfk_slot
93,7,0,18,0,0,1,402.4
0,3,77,3,0,0,1,47.6
0,4,74,3,0,0,1,47.6
0,5,71,3,0,0,1,47.6
0,6,68,3,0,0,1,47.6
0,7,65,3,0,0,1,47.6
90,54,0,18,0,0,1,402.4
0,9,62,3,0,0,1,47.6
0,10,59,3,0,0,1,47.6
88,46,0,18,0,0,1,402.4
86,25,0,18,0,0,1,402.4
0,11,56,3,0,0,1,47.6
79,66,0,18,0,0,1,402.4
0,13,53,3,0,0,1,47.6
0,14,50,3,0,0,1,47.6
73,51,0,18,0,0,1,402.4
0,15,47,3,0,0,1,47.6
73,37,18,18,0,0,1,402.4
0,16,44,3,0,0,1,47.6
0,17,41,3,0,0,1,47.6
0,18,38,3,0,0,1,47.6
0,19,35,3,0,0,1,47.6
0,20,32,3,0,0,1,47.6
0,22,29,3,0,0,1,47.6
0,24,26,3,0,0,1,47.6
0,25,23,3,0,0,1,47.6
0,26,20,3,0,0,1,47.6
70,51,18,18,0,0,1,402.4
70,6,0,18,0,0,1,402.4
0,27,17,3,0,0,1,47.6
67,3,0,18,0,0,1,402.4
0,29,14,3,0,0,1,47.6
0,30,11,3,0,0,1,47.6
0,31,8,3,0,0,1,47.6
56,23,0,18,0,0,1,402.4
0,34,5,3,0,0,1,47.6
0,35,2,3,0,0,1,47.6
54,59,18,18,0,0,1,402.4
0,36,77,3,1,0,1,47.6
50,71,0,18,0,0,1,402.4
45,88,18,18,0,0,1,402.4
43,96,0,18,0,0,1,402.4
0,38,74,3,1,0,1,47.6
0,40,71,3,1,0,1,47.6
39,1,0,18,0,0,1,402.4
33,79,18,18,0,0,1,402.4
27,63,20,18,0,0,1,402.4
0,41,68,3,1,0,1,47.6
0,42,65,3,1,0,1,47.6
0,43,62,3,1,0,1,47.6
0,46,59,3,1,0,1,47.6
0,47,56,3,1,0,1,47.6
26,59,0,18,0,0,1,402.4
10,5,0,18,0,0,1,402.4
0,49,53,3,1,0,1,47.6
5,12,18,18,0,0,1,402.4
0,50,50,3,1,0,1,47.6
3,55,18,18,0,0,1,402.4
0,51,47,3,1,0,1,47.6
0,52,44,3,1,0,1,47.6
0,56,41,3,1,0,1,47.6
0,57,38,3,1,0,1,47.6
2,43,18,18,0,0,1,402.4
0,79,0,18,1,1,1,402.4
0,64,35,3,1,0,1,47.6
0,65,32,3,1,0,1,47.6
0,66,29,3,1,0,1,47.6
0,69,26,3,1,0,1,47.6
0,70,23,3,1,1,1,47.6
97,71,18,18,0,0,1,400.8
95,54,36,18,0,0,1,400.8
94,16,0,18,0,0,1,400.8
0,72,20,3,1,0,1,47.6
90,82,18,18,0,0,1,400.8
0,73,77,3,2,0,1,47.6
85,20,0,18,0,0,1,400.8
0,74,74,3,2,0,1,47.6
0,75,71,3,2,0,1,47.6
0,76,68,3,2,0,1,47.6
0,77,65,3,2,0,1,47.6
82,88,36,18,0,0,1,400.8
0,78,62,3,2,0,1,47.6
0,80,59,3,2,0,1,47.6
0,81,56,3,2,0,1,47.6
0,82,15,3,2,0,1,47.6
0,83,53,3,2,0,1,47.6
0,84,50,3,2,0,1,47.6
81,96,18,18,0,0,1,400.8
0,85,47,3,2,0,1,47.6
0,86,44,3,2,0,1,47.6
0,87,41,3,2,0,1,47.6
0,89,38,3,2,0,1,47.6
0,90,35,3,2,1,1,47.6
80,10,18,18,0,0,1,400.8
76,71,36,18,0,0,1,400.8
0,91,32,3,2,0,1,47.6
73,22,36,18,0,0,1,400.8
73,20,54,18,0,0,1,400.8
72,30,23,18,0,0,1,400.8
71,23,54,18,0,0,1,400.8
0,92,29,3,2,0,1,47.6
67,88,54,18,0,0,1,400.8
0,93,26,3,2,0,1,47.6
0,96,23,3,2,1,1,47.6
61,95,0,18,0,0,1,400.8
61,30,41,18,0,0,1,400.8
56,31,18,18,0,0,1,400.8
34,24,8,18,0,0,1,400.8
33,2,0,18,0,0,1,400.8
30,71,59,18,0,1,1,400.8
0,99,20,3,2,0,1,47.6
27,65,38,18,0,0,1,400.8
1,0,77,3,0,3,1,47.6
1,4,71,3,0,0,1,47.6
24,25,29,18,0,0,1,400.8
1,28,74,3,0,0,1,47.6
23,59,36,18,0,0,1,400.8
1,31,68,3,0,0,1,47.6
1,32,65,3,0,0,1,47.6
23,37,18,18,0,1,1,400.8
1,35,62,3,0,0,1,47.6
1,38,59,3,0,0,1,47.6
1,57,56,3,0,0,1,47.6
1,58,53,3,0,0,1,47.6
23,15,0,18,1,0,1,400.8
1,67,50,3,0,0,1,47.6
1,68,47,3,0,0,1,47.6
1,77,44,3,0,0,1,47.6
1,78,41,3,0,0,1,47.6
1,83,38,3,0,0,1,47.6
2,0,74,3,0,3,1,47.6
22,61,59,18,0,0,1,400.8
2,3,71,3,0,0,1,47.6
22,6,0,18,0,1,1,400.8
2,4,77,3,0,0,1,47.6
2,6,65,3,0,0,1,47.6
2,7,68,3,0,0,1,47.6
2,8,62,3,0,0,1,47.6
18,9,0,18,0,0,1,400.8
13,96,56,18,0,0,1,400.8
2,10,56,3,0,0,1,47.6
2,12,59,3,0,0,1,47.6
13,42,0,18,0,0,1,400.8
10,88,36,18,0,1,1,400.8
10,49,62,18,0,0,1,400.8
2,14,53,3,0,0,1,47.6
5,37,36,18,0,0,1,400.8
2,80,0,18,1,0,1,400.8
2,15,50,3,0,0,1,47.6
2,18,47,3,0,0,1,47.6
2,23,44,3,0,1,1,47.6
2,28,41,3,0,0,1,47.6
1,9,18,18,0,0,1,400.8
0,88,0,18,3,1,1,400.8
99,73,0,17,0,1,1,399.2
2,30,38,3,0,1,1,47.6
2,32,77,3,1,0,1,47.6
98,51,50,17,0,0,1,399.2
2,33,74,3,1,0,1,47.6
2,35,71,3,1,0,1,47.6
98,37,0,17,0,0,1,399.2
2,45,68,3,1,0,1,47.6
2,46,65,3,1,0,1,47.6
97,55,0,17,0,0,1,399.2
96,67,36,17,0,1,1,399.2
2,49,59,3,1,0,1,47.6
2,51,44,3,1,0,1,47.6
2,53,62,3,1,0,1,47.6
95,76,18,17,0,0,1,399.2
2,54,56,3,1,0,1,47.6
2,55,53,3,1,0,1,47.6
95,67,54,17,0,1,1,399.2
2,56,50,3,1,0,1,47.6
95,47,0,17,1,0,1,399.2
2,57,47,3,1,0,1,47.6
94,86,18,17,0,0,1,399.2
94,47,35,17,0,0,1,399.2
93,94,52,17,0,0,1,399.2
2,59,41,3,1,1,1,47.6
2,61,38,3,1,0,1,47.6
93,90,29,17,0,2,1,399.2
2,62,35,3,1,0,1,47.6
91,85,50,17,0,0,1,399.2
2,66,32,3,1,0,1,47.6
91,51,0,17,0,1,1,399.2
91,2,0,17,1,2,1,399.2
2,68,29,3,1,0,1,47.6
90,29,36,17,0,0,1,399.2
89,12,0,17,0,0,1,399.2
2,71,26,3,1,1,1,47.6
2,72,23,3,1,1,1,47.6
2,75,20,3,1,0,1,47.6
2,77,77,3,2,0,1,47.6
86,42,47,17,0,0,1,399.2
2,78,74,3,2,0,1,47.6
85,71,29,17,0,1,1,399.2
83,22,0,17,0,1,1,399.2
82,45,54,17,0,1,1,399.2
2,82,71,3,2,0,1,47.6
2,83,68,3,2,0,1,47.6
2,85,26,3,2,0,1,47.6
82,20,35,17,1,0,1,399.2
2,86,65,3,2,0,1,47.6
2,92,62,3,2,0,1,47.6
2,93,49,3,2,0,1,47.6
80,91,36,17,0,1,1,399.2
2,97,59,3,2,0,1,47.6
80,27,62,17,0,0,1,399.2
2,98,46,3,2,0,1,47.6
3,1,74,3,0,1,1,47.6
3,5,68,3,0,0,1,47.6
3,6,62,3,0,0,1,47.6
78,40,0,17,0,0,1,399.2
3,15,65,3,0,0,1,47.6
3,21,59,3,0,0,1,47.6
3,23,56,3,0,1,1,47.6
3,26,53,3,0,0,1,47.6
3,30,50,3,0,1,1,47.6
73,49,17,17,1,0,1,399.2
3,31,47,3,0,0,1,47.6
3,33,44,3,0,0,1,47.6
3,38,41,3,0,0,1,47.6
3,45,38,3,0,0,1,47.6
3,53,77,3,1,0,1,47.6
72,56,53,17,0,0,1,399.2
72,43,0,17,0,1,1,399.2
71,76,0,17,1,0,1,399.2
3,54,74,3,1,0,1,47.6
70,37,54,17,0,0,1,399.2
66,86,35,17,0,1,1,399.2
3,63,71,3,1,0,1,47.6
3,64,68,3,1,0,1,47.6
3,66,65,3,1,0,1,47.6
3,69,62,3,1,0,1,47.6
3,78,59,3,1,0,1,47.6
3,85,23,3,1,0,1,47.6
3,93,46,3,1,0,1,47.6
4,1,68,3,0,1,1,47.6
4,5,65,3,0,0,1,47.6
62,12,38,17,0,0,1,399.2
4,6,59,3,0,0,1,47.6
4,7,62,3,0,0,1,47.6
4,8,56,3,0,0,1,47.6
4,9,53,3,0,0,1,47.6
4,10,50,3,0,1,1,47.6
4,11,47,3,0,0,1,47.6
4,12,44,3,0,1,1,47.6
61,9,18,17,0,1,1,399.2
61,7,18,17,1,0,1,399.2
60,58,0,17,0,0,1,399.2
4,13,41,3,0,0,1,47.6
4,15,38,3,0,0,1,47.6
4,16,35,3,0,0,1,47.6
59,39,54,17,0,0,1,399.2
58,72,26,17,0,1,1,399.2
4,19,32,3,0,0,1,47.6
56,59,0,17,1,1,1,399.2
55,73,36,17,0,1,1,399.2
4,22,26,3,0,0,1,47.6
55,61,56,17,0,1,1,399.2
53,42,18,17,0,0,1,399.2
4,25,20,3,0,0,1,47.6
4,26,29,3,0,0,1,47.6
4,27,14,3,0,0,1,47.6
53,16,0,17,0,1,1,399.2
4,29,23,3,0,0,1,47.6
52,79,47,17,0,0,1,399.2
4,30,17,3,0,0,1,47.6
4,31,11,3,0,0,1,47.6
4,33,8,3,0,1,1,47.6
52,42,0,17,0,1,1,399.2
4,34,2,3,0,0,1,47.6
4,35,5,3,0,0,1,47.6
4,36,74,3,1,0,1,47.6
4,37,77,3,1,0,1,47.6
4,38,71,3,1,0,1,47.6
4,40,68,3,1,0,1,47.6
4,41,65,3,1,0,1,47.6
4,42,44,3,1,0,1,47.6
51,63,38,17,1,0,1,399.2
4,43,59,3,1,0,1,47.6
4,44,62,3,1,0,1,47.6
50,98,18,17,0,0,1,399.2
4,45,56,3,1,0,1,47.6
4,46,53,3,1,0,1,47.6
50,78,53,17,0,1,1,399.2
4,47,32,3,1,0,1,47.6
50,10,0,17,1,1,1,399.2
4,48,50,3,1,0,1,47.6
48,78,17,17,0,0,1,399.2
48,39,0,17,0,1,1,399.2
45,7,0,17,0,1,1,399.2
42,93,17,17,1,1,1,399.2
4,49,47,3,1,0,1,47.6
4,50,41,3,1,0,1,47.6
4,52,38,3,1,0,1,47.6
40,3,26,17,0,1,1,399.2
4,55,35,3,1,1,1,47.6
4,57,29,3,1,0,1,47.6
4,58,23,3,1,0,1,47.6
4,60,26,3,1,0,1,47.6
39,5,18,17,0,1,1,399.2
33,50,47,17,0,1,1,399.2
4,61,15,3,1,1,1,47.6
33,36,11,17,1,0,1,399.2
4,64,20,3,1,0,1,47.6
31,47,50,17,0,1,1,399.2
4,65,12,3,1,0,1,47.6
4,66,9,3,1,1,1,47.6
4,67,6,3,1,1,1,47.6
4,68,3,3,1,0,1,47.6
30,31,0,17,1,1,1,399.2
4,69,0,3,1,0,1,47.6
4,70,77,3,2,0,1,47.6
4,71,74,3,2,0,1,47.6
29,45,53,17,0,2,1,399.2
29,20,0,17,1,1,1,399.2
4,74,71,3,2,0,1,47.6
4,75,68,3,2,0,1,47.6
4,78,65,3,2,0,1,47.6
4,79,44,3,2,0,1,47.6
27,47,59,17,1,0,1,399.2
4,80,56,3,2,0,1,47.6
27,16,18,17,1,0,1,399.2
4,82,12,3,2,0,1,47.6
4,83,62,3,2,0,1,47.6
4,84,59,3,2,0,1,47.6
4,85,20,3,2,0,1,47.6
4,86,41,3,2,0,1,47.6
24,13,47,17,0,1,1,399.2
22,31,17,17,1,1,1,399.2
4,87,53,3,2,0,1,47.6
4,89,50,3,2,0,1,47.6
4,91,47,3,2,0,1,47.6
4,94,38,3,2,1,1,47.6
4,96,35,3,2,1,1,47.6
4,97,32,3,2,1,1,47.6
4,98,29,3,2,1,1,47.6
21,78,0,17,0,1,1,399.2
21,34,26,17,0,0,1,399.2
18,58,56,17,0,0,1,399.2
4,99,26,3,2,0,1,47.6
5,0,62,3,0,3,1,47.6
17,59,17,17,0,1,1,399.2
15,22,18,17,0,2,1,399.2
14,29,17,17,0,1,1,399.2
5,1,77,3,0,1,1,47.6
13,58,18,17,0,1,1,399.2
5,4,74,3,0,3,1,47.6
5,6,56,3,0,0,1,47.6
13,20,17,17,1,1,1,399.2
13,1,0,17,1,1,1,399.2
5,7,59,3,0,0,1,47.6
10,11,17,17,1,0,1,399.2
9,42,36,17,0,1,1,399.2
5,9,77,3,1,0,1,47.6
8,15,0,17,0,1,1,399.2
5,10,74,3,1,1,1,47.6
5,97,36,17,1,0,1,399.2
4,95,17,17,3,1,1,399.2
5,11,71,3,1,0,1,47.6
5,13,68,3,1,1,1,47.6
5,16,65,3,1,0,1,47.6
4,59,44,17,3,1,1,399.2
5,19,62,3,1,0,1,47.6
3,37,0,17,1,1,1,399.2
1,74,17,17,1,0,1,399.2
5,20,59,3,1,1,1,47.6
5,22,56,3,1,0,1,47.6
0,55,18,17,3,1,1,399.2
95,21,62,17,1,0,1,397.6
5,23,53,3,1,1,1,47.6
5,24,5,3,1,0,1,47.6
94,61,0,17,1,2,1,397.6
5,26,15,3,1,1,1,47.6
5,29,11,3,1,0,1,47.6
5,30,8,3,1,0,1,47.6
5,32,2,3,1,0,1,47.6
5,34,77,3,2,0,1,47.6
85,72,0,17,1,1,1,397.6
5,39,74,3,2,0,1,47.6
5,40,65,3,2,0,1,47.6
5,41,71,3,2,0,1,47.6
5,42,68,3,2,0,1,47.6
85,63,17,17,1,1,1,397.6
5,45,62,3,2,0,1,47.6
5,46,56,3,2,0,1,47.6
5,47,53,3,2,0,1,47.6
5,48,59,3,2,0,1,47.6
85,12,62,17,1,0,1,397.6
5,50,47,3,2,0,1,47.6
5,51,41,3,2,0,1,47.6
5,52,35,3,2,0,1,47.6
80,89,17,17,1,0,1,397.6
5,55,50,3,2,1,1,47.6
5,56,44,3,2,0,1,47.6
79,62,18,17,1,0,1,397.6
77,55,0,17,0,1,1,397.6
77,7,17,17,0,1,1,397.6
73,45,53,17,1,3,1,397.6
72,75,43,17,1,0,1,397.6
5,57,32,3,2,0,1,47.6
62,46,0,17,0,1,1,397.6
5,58,20,3,2,0,1,47.6
56,82,17,17,1,1,1,397.6
54,7,35,17,1,0,1,397.6
5,61,38,3,2,1,1,47.6
5,63,17,3,2,0,1,47.6
45,77,0,17,1,1,1,397.6
45,33,28,17,1,1,1,397.6
5,67,29,3,2,0,1,47.6
44,56,34,17,0,1,1,397.6
44,51,17,17,0,1,1,397.6
44,30,0,17,0,2,1,397.6
5,68,26,3,2,0,1,47.6
37,96,38,17,1,1,1,397.6
37,39,55,17,1,1,1,397.6
5,70,14,3,2,1,1,47.6
34,20,43,17,0,2,1,397.6
32,15,17,17,0,1,1,397.6
5,72,23,3,2,2,1,47.6
5,75,11,3,2,0,1,47.6
5,77,8,3,2,2,1,47.6
5,80,5,3,2,1,1,47.6
31,33,45,17,1,1,1,397.6
5,82,2,3,2,0,1,47.6
29,47,34,17,1,2,1,397.6
5,84,77,3,3,0,1,47.6
27,39,35,17,1,0,1,397.6
5,85,74,3,3,0,1,47.6
5,86,71,3,3,0,1,47.6
5,87,68,3,3,0,1,47.6
25,43,47,17,0,1,1,397.6
5,94,65,3,3,1,1,47.6
5,98,43,3,3,0,1,47.6
6,0,71,3,0,3,1,47.6
23,50,18,17,1,1,1,397.6
21,10,53,17,1,1,1,397.6
6,2,53,3,0,2,1,47.6
6,4,23,3,0,2,1,47.6
6,9,74,3,0,0,1,47.6
6,12,77,3,0,1,1,47.6
6,21,50,3,0,0,1,47.6
20,90,62,17,1,0,1,397.6
18,27,18,17,0,2,1,397.6
6,25,26,3,0,0,1,47.6
16,45,47,17,0,4,1,397.6
6,26,47,3,0,0,1,47.6
6,28,44,3,0,0,1,47.6
6,35,41,3,0,0,1,47.6
14,26,56,17,0,0,1,397.6
12,2,0,17,1,3,1,397.6
6,39,38,3,0,1,1,47.6
6,45,20,3,0,1,1,47.6
6,47,29,3,0,0,1,47.6
6,52,32,3,0,0,1,47.6
6,55,35,3,0,2,1,47.6
6,57,77,3,1,0,1,47.6
6,64,74,3,1,0,1,47.6
10,90,0,17,2,1,1,397.6
5,71,0,17,3,2,1,397.6
6,66,71,3,1,0,1,47.6
6,75,65,3,1,0,1,47.6
6,86,68,3,1,0,1,47.6
2,9,29,17,2,2,1,397.6
99,98,77,3,0,0,1,47.6
99,95,74,3,0,0,1,47.6
99,94,71,3,0,0,1,47.6
6,96,53,3,1,0,1,47.6
7,3,56,3,0,1,1,47.6
7,6,77,3,0,2,1,47.6
7,9,71,3,0,0,1,47.6
99,93,23,3,0,0,1,47.6
7,14,74,3,0,0,1,47.6
7,18,53,3,0,0,1,47.6
99,92,68,3,0,0,1,47.6
99,91,44,3,0,0,1,47.6
7,22,77,3,1,0,1,47.6
7,23,74,3,1,0,1,47.6
7,24,71,3,1,0,1,47.6
99,90,59,3,0,0,1,47.6
7,26,50,3,1,0,1,47.6
99,89,65,3,0,0,1,47.6
99,88,62,3,0,1,1,47.6
7,27,59,3,1,0,1,47.6
7,30,68,3,1,1,1,47.6
7,32,62,3,1,0,1,47.6
7,33,65,3,1,0,1,47.6
99,87,56,3,0,0,1,47.6
7,34,56,3,1,1,1,47.6
99,85,53,3,0,1,1,47.6
99,84,47,3,0,0,1,47.6
7,38,53,3,1,0,1,47.6
7,40,47,3,1,0,1,47.6
7,41,44,3,1,0,1,47.6
99,83,50,3,0,0,1,47.6
7,45,41,3,1,0,1,47.6
99,82,41,3,0,2,1,47.6
99,81,38,3,0,0,1,47.6
7,48,38,3,1,0,1,47.6
99,80,35,3,0,1,1,47.6
99,79,32,3,0,2,1,47.6
99,78,29,3,0,1,1,47.6
7,49,35,3,1,0,1,47.6
7,50,77,3,2,0,1,47.6
99,76,17,3,0,1,1,47.6
7,51,74,3,2,0,1,47.6
7,57,71,3,2,0,1,47.6
7,58,50,3,2,0,1,47.6
7,62,68,3,2,0,1,47.6
7,64,65,3,2,0,1,47.6
7,70,47,3,2,0,1,47.6
7,71,56,3,2,1,1,47.6
7,73,62,3,2,2,1,47.6
99,74,77,3,1,0,1,47.6
99,72,74,3,1,0,1,47.6
99,71,53,3,1,1,1,47.6
7,74,59,3,2,0,1,47.6
7,75,40,3,2,0,1,47.6
99,69,71,3,1,0,1,47.6
99,68,68,3,1,0,1,47.6
99,67,47,3,1,0,1,47.6
99,66,62,3,1,0,1,47.6
7,78,53,3,2,0,1,47.6
7,80,44,3,2,1,1,47.6
7,81,15,3,2,0,1,47.6
99,63,65,3,1,0,1,47.6
7,82,9,3,2,0,1,47.6
7,83,35,3,2,0,1,47.6
7,88,32,3,2,1,1,47.6
7,93,20,3,2,0,1,47.6
7,94,29,3,2,1,1,47.6
99,62,59,3,1,0,1,47.6
99,59,38,3,1,1,1,47.6
7,96,26,3,2,1,1,47.6
99,58,44,3,1,0,1,47.6
7,97,23,3,2,1,1,47.6
7,98,12,3,2,1,1,47.6
99,57,50,3,1,0,1,47.6
7,99,6,3,2,1,1,47.6
99,56,56,3,1,1,1,47.6
99,55,41,3,1,1,1,47.6
8,0,68,3,0,3,1,47.6
8,2,23,3,0,2,1,47.6
99,53,35,3,1,0,1,47.6
99,52,29,3,1,0,1,47.6
99,48,32,3,1,1,1,47.6
99,47,26,3,1,0,1,47.6
8,3,53,3,0,1,1,47.6
99,46,23,3,1,0,1,47.6
99,44,20,3,1,1,1,47.6
8,7,77,3,0,3,1,47.6
8,10,71,3,0,1,1,47.6
8,11,74,3,0,0,1,47.6
99,43,17,3,1,1,1,47.6
99,41,14,3,1,0,1,47.6
99,40,11,3,1,1,1,47.6
8,12,65,3,0,1,1,47.6
8,13,50,3,0,0,1,47.6
8,14,47,3,0,0,1,47.6
99,39,3,3,1,2,1,47.6
99,37,0,3,1,2,1,47.6
99,36,71,3,2,0,1,47.6
8,16,41,3,0,0,1,47.6
8,17,59,3,0,0,1,47.6
8,18,44,3,0,0,1,47.6
8,19,38,3,0,0,1,47.6
8,20,29,3,0,0,1,47.6
8,21,20,3,0,0,1,47.6
99,34,74,3,2,0,1,47.6
8,22,33,3,0,0,1,47.6
8,23,26,3,0,2,1,47.6
99,33,77,3,2,0,1,47.6
8,24,17,3,0,1,1,47.6
99,32,68,3,2,0,1,47.6
99,31,44,3,2,0,1,47.6
8,25,77,3,1,0,1,47.6
99,30,20,3,2,0,1,47.6
8,26,74,3,1,0,1,47.6
99,29,33,3,2,0,1,47.6
8,27,56,3,1,0,1,47.6
99,26,41,3,2,0,1,47.6
8,30,14,3,1,0,1,47.6
8,33,71,3,1,0,1,47.6
99,23,65,3,2,1,1,47.6
8,34,68,3,1,0,1,47.6
99,20,26,3,2,0,1,47.6
8,35,65,3,1,0,1,47.6
99,19,59,3,2,0,1,47.6
8,36,62,3,1,0,1,47.6
8,37,59,3,1,2,1,47.6
8,38,50,3,1,0,1,47.6
99,18,50,3,2,0,1,47.6
8,39,47,3,1,1,1,47.6
8,40,53,3,1,0,1,47.6
8,42,41,3,1,0,1,47.6
8,43,44,3,1,0,1,47.6
8,46,38,3,1,0,1,47.6
99,17,62,3,2,0,1,47.6
8,47,23,3,1,0,1,47.6
99,16,38,3,2,0,1,47.6
8,49,11,3,1,0,1,47.6
8,52,26,3,1,0,1,47.6
8,53,35,3,1,1,1,47.6
99,15,56,3,2,0,1,47.6
99,14,14,3,2,0,1,47.6
8,54,32,3,1,1,1,47.6
8,55,29,3,1,2,1,47.6
8,56,20,3,1,2,1,47.6
8,57,17,3,1,0,1,47.6
8,58,8,3,1,1,1,47.6
99,13,47,3,2,0,1,47.6
8,59,5,3,1,2,1,47.6
8,60,2,3,1,1,1,47.6
99,12,53,3,2,1,1,47.6
8,61,77,3,2,0,1,47.6
99,11,11,3,2,0,1,47.6
99,10,30,3,2,2,1,47.6
8,62,74,3,2,0,1,47.6
8,63,68,3,2,0,1,47.6
8,64,71,3,2,0,1,47.6
8,65,65,3,2,0,1,47.6
99,9,8,3,2,1,1,47.6
99,8,23,3,2,2,1,47.6
8,66,59,3,2,0,1,47.6
8,69,56,3,2,0,1,47.6
99,7,3,3,2,2,1,47.6
8,70,51,3,2,0,1,47.6
8,71,48,3,2,1,1,47.6
99,6,17,3,2,2,1,47.6
8,72,45,3,2,0,1,47.6
99,4,0,3,2,2,1,47.6
8,74,62,3,2,0,1,47.6
8,75,37,3,2,0,1,47.6
8,77,41,3,2,0,1,47.6
8,78,34,3,2,0,1,47.6
99,2,56,3,3,2,1,47.6
8,80,14,3,2,1,1,47.6
8,81,11,3,2,0,1,47.6
99,1,71,3,3,1,1,47.6
99,0,12,3,3,2,1,47.6
98,99,74,3,0,3,1,47.6
98,96,71,3,0,1,1,47.6
98,95,40,3,0,1,1,47.6
8,82,6,3,2,0,1,47.6
98,92,37,3,0,0,1,47.6
98,91,68,3,0,0,1,47.6
8,83,31,3,2,0,1,47.6
98,90,56,3,1,0,1,47.6
98,88,77,3,1,0,1,47.6
8,85,28,3,2,2,1,47.6
8,86,20,3,2,1,1,47.6
98,87,74,3,1,0,1,47.6
8,88,17,3,2,2,1,47.6
8,90,3,3,2,2,1,47.6
8,91,0,3,2,2,1,47.6
98,86,38,3,1,0,1,47.6
8,92,77,3,3,0,1,47.6
8,93,74,3,3,0,1,47.6
8,95,71,3,3,0,1,47.6
98,85,71,3,1,0,1,47.6
98,83,65,3,1,0,1,47.6
8,96,68,3,3,1,1,47.6
8,97,65,3,3,0,1,47.6
98,81,68,3,1,0,1,47.6
8,98,62,3,3,1,1,47.6
8,99,59,3,3,3,1,47.6
98,80,53,3,1,0,1,47.6
9,1,65,3,0,1,1,47.6
98,79,41,3,1,0,1,47.6
9,2,68,3,0,3,1,47.6
9,8,56,3,0,3,1,47.6
98,78,50,3,1,0,1,47.6
98,77,59,3,1,0,1,47.6
98,76,47,3,1,1,1,47.6
98,75,34,3,1,0,1,47.6
9,17,59,3,0,1,1,47.6
98,74,44,3,1,0,1,47.6
9,18,77,3,1,0,1,47.6
9,20,74,3,1,0,1,47.6
98,72,17,3,1,0,1,47.6
98,71,23,3,1,1,1,47.6
9,21,56,3,1,0,1,47.6
9,24,68,3,1,0,1,47.6
98,70,26,3,1,1,1,47.6
98,68,20,3,1,0,1,47.6
9,25,71,3,1,0,1,47.6
98,67,9,3,1,1,1,47.6
98,65,6,3,1,0,1,47.6
9,31,41,3,1,0,1,47.6
9,34,65,3,1,0,1,47.6
9,38,62,3,1,0,1,47.6
9,44,59,3,1,0,1,47.6
98,64,3,3,1,0,1,47.6
98,61,0,3,1,1,1,47.6
9,47,47,3,1,1,1,47.6
9,52,53,3,1,1,1,47.6
9,53,50,3,1,0,1,47.6
9,54,15,3,1,1,1,47.6
98,60,77,3,2,0,1,47.6
98,58,74,3,2,0,1,47.6
98,56,71,3,2,0,1,47.6
9,57,44,3,1,0,1,47.6
98,55,68,3,2,1,1,47.6
9,62,38,3,1,1,1,47.6
9,63,12,3,1,0,1,47.6
98,54,65,3,2,0,1,47.6
98,52,41,3,2,0,1,47.6
98,47,20,3,2,0,1,47.6
9,65,35,3,1,0,1,47.6
9,66,5,3,1,1,1,47.6
9,67,2,3,1,1,1,47.6
9,73,74,3,2,0,1,47.6
9,76,77,3,2,0,1,47.6
9,80,71,3,2,1,1,47.6
98,45,59,3,2,0,1,47.6
9,84,68,3,2,0,1,47.6
98,43,56,3,2,0,1,47.6
9,88,65,3,2,1,1,47.6
98,42,38,3,2,0,1,47.6
9,89,62,3,2,0,1,47.6
98,41,62,3,2,0,1,47.6
9,90,53,3,2,0,1,47.6
9,92,59,3,2,0,1,47.6
9,93,56,3,2,1,1,47.6
9,98,50,3,2,2,1,47.6
98,40,44,3,2,0,1,47.6
98,38,47,3,2,0,1,47.6
98,33,5,3,2,1,1,47.6
10,4,77,3,1,3,1,47.6
10,7,47,3,1,3,1,47.6
98,32,53,3,2,0,1,47.6
98,31,15,3,2,0,1,47.6
98,30,2,3,2,0,1,47.6
98,28,35,3,2,0,1,47.6
10,12,41,3,1,1,1,47.6
98,27,11,3,2,0,1,47.6
98,26,32,3,2,0,1,47.6
10,15,44,3,1,0,1,47.6
98,23,29,3,2,2,1,47.6
98,22,23,3,2,0,1,47.6
10,17,38,3,1,0,1,47.6
98,21,26,3,2,1,1,47.6
10,18,35,3,1,0,1,47.6
98,20,8,3,2,2,1,47.6
10,20,77,3,2,0,1,47.6
98,18,74,3,3,0,1,47.6
10,22,20,3,2,0,1,47.6
10,23,74,3,2,1,1,47.6
10,26,44,3,2,0,1,47.6
10,33,68,3,2,0,1,47.6
98,17,77,3,3,0,1,47.6
98,15,71,3,3,0,1,47.6
98,14,44,3,3,0,1,47.6
10,36,65,3,2,0,1,47.6
98,13,38,3,3,0,1,47.6
98,11,68,3,3,0,1,47.6
98,9,47,3,3,2,1,47.6
98,8,53,3,3,3,1,47.6
10,37,71,3,2,0,1,47.6
10,39,52,3,2,1,1,47.6
98,7,0,3,3,2,1,47.6
98,6,62,3,3,1,1,47.6
98,5,59,3,3,3,1,47.6
98,4,17,3,3,2,1,47.6
98,3,50,3,3,1,1,47.6
10,45,49,3,2,0,1,47.6
10,47,17,3,2,0,1,47.6
97,98,56,3,0,3,1,47.6
10,50,38,3,2,0,1,47.6
10,51,62,3,2,1,1,47.6
97,96,77,3,0,0,1,47.6
97,95,53,3,0,1,1,47.6
97,94,74,3,0,0,1,47.6
97,93,71,3,0,0,1,47.6
10,52,23,3,2,0,1,47.6
97,92,68,3,0,1,1,47.6
97,91,62,3,0,1,1,47.6
97,89,77,3,1,0,1,47.6
10,54,59,3,2,0,1,47.6
97,88,74,3,1,0,1,47.6
97,87,71,3,1,0,1,47.6
10,56,56,3,2,2,1,47.6
10,57,41,3,2,0,1,47.6
97,83,59,3,1,0,1,47.6
10,58,35,3,2,1,1,47.6
97,82,68,3,1,1,1,47.6
97,81,65,3,1,0,1,47.6
97,80,62,3,1,1,1,47.6
10,59,27,3,2,2,1,47.6
97,79,38,3,1,0,1,47.6
10,60,74,3,3,0,1,47.6
97,78,56,3,1,0,1,47.6
10,62,77,3,3,0,1,47.6
97,75,29,3,1,0,1,47.6
10,63,62,3,3,0,1,47.6
10,65,71,3,3,0,1,47.6
97,74,53,3,1,0,1,47.6
10,67,44,3,3,0,1,47.6
10,70,41,3,3,0,1,47.6
10,75,26,3,3,0,1,47.6
97,70,44,3,1,0,1,47.6
10,78,68,3,3,0,1,47.6
10,81,59,3,3,0,1,47.6
97,67,41,3,1,0,1,47.6
10,83,56,3,3,0,1,47.6
97,64,50,3,1,0,1,47.6
97,62,47,3,1,1,1,47.6
97,61,35,3,1,0,1,47.6
97,60,20,3,1,0,1,47.6
97,59,17,3,1,2,1,47.6
10,89,53,3,3,0,1,47.6
10,96,65,3,3,1,1,47.6
97,58,14,3,1,1,1,47.6
97,56,26,3,1,2,1,47.6
97,54,11,3,1,1,1,47.6
97,52,8,3,1,1,1,47.6
97,50,5,3,1,2,1,47.6
10,97,2,3,3,1,1,47.6
97,48,77,3,2,0,1,47.6
11,2,77,3,0,3,1,47.6
11,3,43,3,0,1,1,47.6
11,4,8,3,0,2,1,47.6
11,6,59,3,0,1,1,47.6
11,7,65,3,0,3,1,47.6
97,47,74,3,2,1,1,47.6
11,8,50,3,0,3,1,47.6
11,9,14,3,0,2,1,47.6
97,44,71,3,2,0,1,47.6
97,41,59,3,2,0,1,47.6
11,10,38,3,0,3,1,47.6
97,37,68,3,2,2,1,47.6
11,12,62,3,0,1,1,47.6
11,13,35,3,0,0,1,47.6
11,14,5,3,0,0,1,47.6
11,15,53,3,0,0,1,47.6
97,36,56,3,2,0,1,47.6
11,17,2,3,0,0,1,47.6
11,18,41,3,1,0,1,47.6
97,35,53,3,2,0,1,47.6
11,19,77,3,1,0,1,47.6
97,34,62,3,2,0,1,47.6
11,20,23,3,1,0,1,47.6
97,33,41,3,2,0,1,47.6
11,22,74,3,1,1,1,47.6
97,32,50,3,2,0,1,47.6
11,23,71,3,1,1,1,47.6
11,24,65,3,1,0,1,47.6
11,25,68,3,1,0,1,47.6
97,31,38,3,2,0,1,47.6
97,30,5,3,2,0,1,47.6
97,28,65,3,2,0,1,47.6
11,26,38,3,1,0,1,47.6
97,26,35,3,2,0,1,47.6
11,27,8,3,1,0,1,47.6
97,24,2,3,2,0,1,47.6
11,28,62,3,1,0,1,47.6
97,22,47,3,2,1,1,47.6
11,29,30,3,1,0,1,47.6
97,21,44,3,2,0,1,47.6
11,31,5,3,1,0,1,47.6
11,32,59,3,1,0,1,47.6
11,33,2,3,1,1,1,47.6
11,34,53,3,1,1,1,47.6
11,35,56,3,1,0,1,47.6
97,18,32,3,2,1,1,47.6
11,36,50,3,1,0,1,47.6
11,38,44,3,1,0,1,47.6
97,16,29,3,2,1,1,47.6
97,15,26,3,2,2,1,47.6
11,39,35,3,1,1,1,47.6
11,40,20,3,1,0,1,47.6
11,41,47,3,1,0,1,47.6
11,42,27,3,1,2,1,47.6
11,43,17,3,1,2,1,47.6
11,44,14,3,1,1,1,47.6
11,45,11,3,1,2,1,47.6
97,14,11,3,2,0,1,47.6
97,13,23,3,2,2,1,47.6
97,10,20,3,2,3,1,47.6
11,46,77,3,2,0,1,47.6
11,47,71,3,2,1,1,47.6
11,48,74,3,2,0,1,47.6
97,9,17,3,2,2,1,47.6
11,49,56,3,2,0,1,47.6
11,51,68,3,2,0,1,47.6
11,52,65,3,2,0,1,47.6
97,8,14,3,2,3,1,47.6
11,54,62,3,2,0,1,47.6
11,55,59,3,2,1,1,47.6
97,7,8,3,2,3,1,47.6
97,4,5,3,3,2,1,47.6
11,56,47,3,2,0,1,47.6
97,3,20,3,3,1,1,47.6
11,57,53,3,2,0,1,47.6
97,2,17,3,3,2,1,47.6
97,1,62,3,3,1,1,47.6
11,58,17,3,2,0,1,47.6
96,99,74,3,0,4,1,47.6
11,61,50,3,2,1,1,47.6
96,97,77,3,1,3,1,47.6
11,62,44,3,2,1,1,47.6
96,95,59,3,1,1,1,47.6
96,89,74,3,1,0,1,47.6
96,87,62,3,1,0,1,47.6
96,84,56,3,1,0,1,47.6
11,64,41,3,2,0,1,47.6
96,83,20,3,1,0,1,47.6
96,82,14,3,1,1,1,47.6
11,65,29,3,2,0,1,47.6
96,77,32,3,1,1,1,47.6
11,66,26,3,2,0,1,47.6
96,76,29,3,1,1,1,47.6
96,75,17,3,1,0,1,47.6
11,67,38,3,2,0,1,47.6
96,72,11,3,1,2,1,47.6
11,68,35,3,2,0,1,47.6
96,70,8,3,1,1,1,47.6
96,62,5,3,1,1,1,47.6
11,69,32,3,2,0,1,47.6
96,57,2,3,1,0,1,47.6
11,70,20,3,2,1,1,47.6
11,71,23,3,2,2,1,47.6
11,72,14,3,2,2,1,47.6
11,74,11,3,2,0,1,47.6
96,53,74,3,2,0,1,47.6
11,76,8,3,2,1,1,47.6
11,77,5,3,2,2,1,47.6
11,80,2,3,2,1,1,47.6
11,81,77,3,3,0,1,47.6
11,82,74,3,3,0,1,47.6
11,85,68,3,3,0,1,47.6
11,86,35,3,3,0,1,47.6
96,50,71,3,2,0,1,47.6
96,44,77,3,2,0,1,47.6
96,42,35,3,2,0,1,47.6
96,41,56,3,2,0,1,47.6
11,87,65,3,3,0,1,47.6
11,88,71,3,3,1,1,47.6
11,89,59,3,3,0,1,47.6
11,90,62,3,3,1,1,47.6
11,92,56,3,3,0,1,47.6
96,38,68,3,2,0,1,47.6
11,94,53,3,3,1,1,47.6
11,95,50,3,3,1,1,47.6
96,36,59,3,2,0,1,47.6
11,96,47,3,3,2,1,47.6
96,31,2,3,2,0,1,47.6
96,25,65,3,2,0,1,47.6
11,97,44,3,3,3,1,47.6
12,7,56,3,0,3,1,47.6
12,15,74,3,1,0,1,47.6
12,16,71,3,1,0,1,47.6
12,20,20,3,1,0,1,47.6
12,21,47,3,1,0,1,47.6
12,22,68,3,1,1,1,47.6
96,21,53,3,2,0,1,47.6
96,19,50,3,2,0,1,47.6
96,17,44,3,2,0,1,47.6
12,30,59,3,1,1,1,47.6
96,8,41,3,2,3,1,47.6
12,35,50,3,1,0,1,47.6
96,7,62,3,2,3,1,47.6
96,6,38,3,2,1,1,47.6
12,38,56,3,1,0,1,47.6
96,4,14,3,2,3,1,47.6
12,39,32,3,1,1,1,47.6
12,43,38,3,1,0,1,47.6
12,47,35,3,1,1,1,47.6
12,48,29,3,1,1,1,47.6
12,51,26,3,1,2,1,47.6
12,54,23,3,1,1,1,47.6
95,99,77,3,0,3,1,47.6
12,58,17,3,1,2,1,47.6
95,98,35,3,1,3,1,47.6
95,96,56,3,1,3,1,47.6
12,59,77,3,2,0,1,47.6
95,94,47,3,1,1,1,47.6
95,92,44,3,1,0,1,47.6
95,90,77,3,2,1,1,47.6
12,63,74,3,2,0,1,47.6
12,65,68,3,2,0,1,47.6
95,87,59,3,2,0,1,47.6
95,84,74,3,2,0,1,47.6
12,66,56,3,2,0,1,47.6
12,68,71,3,2,0,1,47.6
12,69,65,3,2,0,1,47.6
95,81,71,3,2,0,1,47.6
12,73,59,3,2,2,1,47.6
12,75,62,3,2,0,1,47.6
12,76,53,3,2,1,1,47.6
95,79,68,3,2,0,1,47.6
95,77,62,3,2,0,1,47.6
12,82,11,3,2,1,1,47.6
95,70,38,3,2,0,1,47.6
12,84,44,3,2,0,1,47.6
12,91,41,3,2,0,1,47.6
12,95,50,3,2,2,1,47.6
13,11,77,3,0,4,1,47.6
13,14,74,3,0,1,1,47.6
13,15,44,3,0,1,1,47.6
13,17,74,3,1,0,1,47.6
95,65,56,3,2,0,1,47.6
13,21,77,3,1,1,1,47.6
13,24,71,3,1,1,1,47.6
13,25,65,3,1,1,1,47.6
95,63,9,3,2,0,1,47.6
95,62,65,3,2,0,1,47.6
13,26,44,3,1,1,1,47.6
95,61,53,3,2,1,1,47.6
13,30,41,3,1,1,1,47.6
95,59,35,3,2,1,1,47.6
95,56,47,3,2,2,1,47.6
13,35,38,3,1,0,1,47.6
13,37,35,3,1,2,1,47.6
13,40,77,3,2,0,1,47.6
95,55,44,3,2,1,1,47.6
95,53,41,3,2,0,1,47.6
13,43,74,3,2,0,1,47.6
13,46,71,3,2,0,1,47.6
13,52,68,3,2,0,1,47.6
95,52,20,3,2,0,1,47.6
95,50,32,3,2,2,1,47.6
95,49,14,3,2,0,1,47.6
13,57,65,3,2,0,1,47.6
13,64,62,3,2,0,1,47.6
95,48,26,3,2,1,1,47.6
13,71,20,3,2,1,1,47.6
95,40,23,3,2,0,1,47.6
13,72,50,3,2,0,1,47.6
95,39,29,3,2,1,1,47.6
95,36,6,3,2,0,1,47.6
13,74,56,3,2,0,1,47.6
13,78,47,3,2,0,1,47.6
13,80,59,3,2,1,1,47.6
13,86,53,3,2,1,1,47.6
13,91,38,3,2,0,1,47.6
13,93,44,3,2,1,1,47.6
14,9,8,3,0,2,1,47.6
95,35,17,3,2,0,1,47.6
14,11,41,3,0,3,1,47.6
14,13,35,3,0,2,1,47.6
95,30,3,3,2,3,1,47.6
14,16,77,3,0,0,1,47.6
14,17,38,3,0,1,1,47.6
14,19,2,3,0,0,1,47.6
14,21,23,3,1,0,1,47.6
14,23,77,3,1,0,1,47.6
14,27,5,3,1,0,1,47.6
14,32,71,3,1,0,1,47.6
14,35,68,3,1,0,1,47.6
95,27,0,3,2,0,1,47.6
95,24,77,3,3,0,1,47.6
95,23,68,3,3,1,1,47.6
95,22,71,3,3,1,1,47.6
14,36,53,3,1,0,1,47.6
95,15,62,3,3,0,1,47.6
14,37,65,3,1,2,1,47.6
95,8,47,3,3,3,1,47.6
14,38,38,3,1,0,1,47.6
95,7,74,3,3,3,1,47.6
14,42,62,3,1,1,1,47.6
14,45,46,3,1,0,1,47.6
95,2,20,3,3,2,1,47.6
94,99,77,3,0,4,1,47.6
94,97,74,3,1,3,1,47.6
14,49,50,3,1,0,1,47.6
14,55,56,3,1,1,1,47.6
14,60,59,3,1,0,1,47.6
14,61,43,3,1,1,1,47.6
14,64,32,3,1,0,1,47.6
14,68,17,3,1,0,1,47.6
94,90,71,3,1,1,1,47.6
14,73,35,3,1,2,1,47.6
14,75,14,3,1,0,1,47.6
14,76,26,3,1,1,1,47.6
14,78,20,3,1,1,1,47.6
14,81,8,3,1,0,1,47.6
14,88,29,3,1,1,1,47.6
94,89,68,3,1,0,1,47.6
94,87,77,3,1,0,1,47.6
94,85,59,3,1,1,1,47.6
14,91,11,3,1,2,1,47.6
14,93,2,3,1,1,1,47.6
94,84,62,3,1,0,1,47.6
14,97,71,3,2,3,1,47.6
15,10,35,3,0,3,1,47.6
94,83,44,3,1,0,1,47.6
94,82,56,3,1,1,1,47.6
15,12,77,3,0,3,1,47.6
15,16,68,3,0,0,1,47.6
15,21,41,3,0,1,1,47.6
94,81,50,3,1,0,1,47.6
15,24,59,3,0,1,1,47.6
15,30,77,3,1,0,1,47.6
15,35,74,3,1,0,1,47.6
15,42,71,3,1,0,1,47.6
15,45,65,3,1,0,1,47.6
15,52,68,3,1,1,1,47.6
94,80,41,3,1,1,1,47.6
15,56,38,3,1,0,1,47.6
94,79,35,3,1,1,1,47.6
15,58,47,3,1,0,1,47.6
15,70,62,3,1,1,1,47.6
15,71,59,3,1,2,1,47.6
94,76,32,3,1,1,1,47.6
94,75,23,3,1,0,1,47.6
94,73,26,3,1,2,1,47.6
15,76,56,3,1,0,1,47.6
15,77,53,3,1,0,1,47.6
15,78,50,3,1,1,1,47.6
15,81,41,3,1,0,1,47.6
94,70,17,3,1,1,1,47.6
94,69,20,3,1,0,1,47.6
94,67,77,3,2,0,1,47.6
94,66,74,3,2,0,1,47.6
15,89,35,3,1,0,1,47.6
15,90,74,3,2,1,1,47.6
94,65,62,3,2,0,1,47.6
15,92,71,3,2,0,1,47.6
94,64,59,3,2,0,1,47.6
15,97,68,3,2,3,1,47.6
94,63,56,3,2,0,1,47.6
16,3,74,3,0,2,1,47.6
16,4,71,3,1,3,1,47.6
94,62,71,3,2,0,1,47.6
94,58,68,3,2,1,1,47.6
16,5,62,3,1,3,1,47.6
16,19,74,3,1,0,1,47.6
94,57,35,3,2,0,1,47.6
94,56,65,3,2,1,1,47.6
16,31,77,3,1,0,1,47.6
16,33,38,3,1,0,1,47.6
16,34,68,3,1,1,1,47.6
16,43,65,3,1,0,1,47.6
16,65,59,3,1,0,1,47.6
94,54,53,3,2,1,1,47.6
94,53,47,3,2,0,1,47.6
94,51,38,3,2,0,1,47.6
16,80,56,3,1,1,1,47.6
94,49,44,3,2,0,1,47.6
94,48,41,3,2,0,1,47.6
17,1,56,3,0,1,1,47.6
17,2,71,3,0,3,1,47.6
17,3,68,3,0,2,1,47.6
17,4,65,3,0,3,1,47.6
17,6,50,3,0,1,1,47.6
17,7,53,3,0,3,1,47.6
94,46,50,3,2,0,1,47.6
17,8,35,3,0,3,1,47.6
17,9,11,3,0,2,1,47.6
17,10,47,3,0,3,1,47.6
17,12,14,3,0,2,1,47.6
17,13,8,3,0,2,1,47.6
17,14,5,3,0,2,1,47.6
94,45,25,3,2,1,1,47.6
17,15,77,3,1,2,1,47.6
17,16,53,3,1,1,1,47.6
94,44,32,3,2,1,1,47.6
17,19,71,3,1,0,1,47.6
94,43,29,3,2,1,1,47.6
94,41,22,3,2,0,1,47.6
94,40,17,3,2,0,1,47.6
94,39,14,3,2,2,1,47.6
94,37,11,3,2,2,1,47.6
17,20,56,3,1,1,1,47.6
17,21,17,3,1,0,1,47.6
94,36,3,3,2,0,1,47.6
17,22,65,3,1,1,1,47.6
17,23,62,3,1,1,1,47.6
94,35,8,3,2,0,1,47.6
94,34,0,3,2,1,1,47.6
17,24,74,3,1,0,1,47.6
17,26,26,3,1,0,1,47.6
94,32,74,3,3,0,1,47.6
17,27,14,3,1,1,1,47.6
17,28,68,3,1,0,1,47.6
17,29,20,3,1,0,1,47.6
17,30,47,3,1,1,1,47.6
17,31,42,3,1,1,1,47.6
17,34,50,3,1,1,1,47.6
17,36,35,3,1,0,1,47.6
17,37,32,3,1,2,1,47.6
94,29,77,3,3,0,1,47.6
17,38,29,3,1,0,1,47.6
94,24,68,3,3,1,1,47.6
17,40,23,3,1,1,1,47.6
17,41,11,3,1,0,1,47.6
17,42,8,3,1,2,1,47.6
94,22,62,3,3,1,1,47.6
94,21,71,3,3,1,1,47.6
17,43,5,3,1,2,1,47.6
17,44,2,3,1,1,1,47.6
17,45,77,3,2,0,1,47.6
17,46,74,3,2,0,1,47.6
94,17,65,3,3,2,1,47.6
17,47,68,3,2,1,1,47.6
94,15,59,3,3,2,1,47.6
94,14,56,3,3,2,1,47.6
17,48,71,3,2,0,1,47.6
94,13,41,3,3,2,1,47.6
17,49,41,3,2,0,1,47.6
17,50,44,3,2,0,1,47.6
94,12,47,3,3,2,1,47.6
94,8,44,3,3,3,1,47.6
94,7,50,3,3,3,1,47.6
94,6,35,3,3,1,1,47.6
94,5,53,3,3,3,1,47.6
17,51,59,3,2,1,1,47.6
17,55,62,3,2,1,1,47.6
17,56,53,3,2,1,1,47.6
94,4,38,3,3,3,1,47.6
94,2,32,3,3,3,1,47.6
94,1,29,3,3,2,1,47.6
17,57,26,3,2,0,1,47.6
93,99,68,3,1,3,1,47.6
17,60,56,3,2,0,1,47.6
17,64,47,3,2,0,1,47.6
17,66,23,3,2,0,1,47.6
17,67,35,3,2,0,1,47.6
17,68,50,3,2,0,1,47.6
17,70,38,3,2,1,1,47.6
93,97,77,3,0,4,1,47.6
93,95,65,3,1,3,1,47.6
93,92,74,3,1,0,1,47.6
17,71,17,3,2,1,1,47.6
17,73,32,3,2,2,1,47.6
17,75,8,3,2,0,1,47.6
17,76,20,3,2,1,1,47.6
17,77,29,3,2,1,1,47.6
17,78,14,3,2,2,1,47.6
17,79,11,3,2,2,1,47.6
93,91,77,3,1,0,1,47.6
93,87,50,3,1,0,1,47.6
93,86,71,3,1,1,1,47.6
93,85,47,3,1,1,1,47.6
93,83,41,3,1,0,1,47.6
17,82,5,3,2,1,1,47.6
17,83,2,3,2,1,1,47.6
17,86,77,3,3,0,1,47.6
17,88,74,3,3,1,1,47.6
17,90,68,3,3,1,1,47.6
17,92,65,3,3,0,1,47.6
17,94,26,3,3,3,1,47.6
17,95,59,3,3,3,1,47.6
93,82,62,3,1,1,1,47.6
17,97,56,3,3,3,1,47.6
17,99,62,3,3,3,1,47.6
18,0,9,3,1,2,1,47.6
18,1,59,3,1,1,1,47.6
93,81,53,3,1,0,1,47.6
18,2,74,3,1,3,1,47.6
18,3,17,3,1,1,1,47.6
93,79,59,3,1,1,1,47.6
93,78,38,3,1,0,1,47.6
18,4,68,3,1,3,1,47.6
18,5,56,3,1,3,1,47.6
18,7,71,3,1,3,1,47.6
93,77,35,3,1,0,1,47.6
18,8,38,3,1,3,1,47.6
18,12,35,3,1,2,1,47.6
93,75,5,3,1,0,1,47.6
93,74,14,3,1,0,1,47.6
18,13,29,3,1,2,1,47.6
18,15,65,3,1,2,1,47.6
18,16,50,3,1,1,1,47.6
18,17,53,3,1,3,1,47.6
18,19,47,3,1,0,1,47.6
93,73,11,3,1,2,1,47.6
18,20,44,3,1,1,1,47.6
18,23,77,3,1,1,1,47.6
18,24,62,3,1,1,1,47.6
18,25,41,3,1,1,1,47.6
93,71,8,3,1,3,1,47.6
18,28,26,3,1,0,1,47.6
18,29,6,3,1,0,1,47.6
18,30,23,3,1,1,1,47.6
18,31,20,3,1,2,1,47.6
18,32,14,3,1,0,1,47.6
18,35,3,3,1,1,1,47.6
18,36,0,3,1,0,1,47.6
18,38,77,3,2,0,1,47.6
18,39,71,3,2,0,1,47.6
93,69,77,3,2,0,1,47.6
93,68,74,3,2,0,1,47.6
18,42,74,3,2,0,1,47.6
93,67,32,3,2,0,1,47.6
18,44,68,3,2,0,1,47.6
93,65,26,3,2,0,1,47.6
18,47,44,3,2,1,1,47.6
93,64,56,3,2,0,1,47.6
18,48,65,3,2,0,1,47.6
18,49,38,3,2,0,1,47.6
18,50,35,3,2,0,1,47.6
93,60,71,3,2,0,1,47.6
18,52,17,3,2,0,1,47.6
93,59,68,3,2,1,1,47.6
93,58,65,3,2,1,1,47.6
18,54,62,3,2,1,1,47.6
93,53,59,3,2,0,1,47.6
18,56,59,3,2,1,1,47.6
18,57,23,3,2,0,1,47.6
18,59,56,3,2,2,1,47.6
93,52,62,3,2,1,1,47.6
93,48,53,3,2,0,1,47.6
93,44,50,3,2,1,1,47.6
18,60,53,3,2,0,1,47.6
93,42,47,3,2,2,1,47.6
18,63,6,3,2,0,1,47.6
18,64,29,3,2,0,1,47.6
18,65,20,3,2,0,1,47.6
18,66,50,3,2,1,1,47.6
18,68,41,3,2,0,1,47.6
18,71,47,3,2,2,1,47.6
93,41,41,3,2,0,1,47.6
18,72,32,3,2,2,1,47.6
18,74,3,3,2,0,1,47.6
93,40,44,3,2,1,1,47.6
18,75,0,3,2,0,1,47.6
18,77,26,3,2,1,1,47.6
18,78,11,3,2,2,1,47.6
93,39,23,3,2,1,1,47.6
93,38,35,3,2,0,1,47.6
18,81,14,3,2,1,1,47.6
93,37,38,3,2,2,1,47.6
93,33,29,3,2,2,1,47.6
18,83,77,3,3,0,1,47.6
93,30,20,3,2,1,1,47.6
18,85,56,3,3,1,1,47.6
18,86,74,3,3,0,1,47.6
18,87,47,3,3,0,1,47.6
93,27,11,3,2,1,1,47.6
18,88,68,3,3,1,1,47.6
18,89,71,3,3,0,1,47.6
93,26,8,3,2,1,1,47.6
18,90,65,3,3,1,1,47.6
93,21,17,3,2,1,1,47.6
18,92,53,3,3,0,1,47.6
18,93,14,3,3,2,1,47.6
18,95,50,3,3,3,1,47.6
18,96,32,3,3,2,1,47.6
93,20,5,3,2,2,1,47.6
18,97,59,3,3,3,1,47.6
18,98,41,3,3,3,1,47.6
18,99,44,3,3,3,1,47.6
19,0,6,3,0,2,1,47.6
19,1,53,3,0,1,1,47.6
19,2,65,3,0,3,1,47.6
93,18,2,3,2,3,1,47.6
19,5,29,3,0,3,1,47.6
19,6,56,3,0,1,1,47.6
19,7,68,3,0,3,1,47.6
19,8,26,3,0,3,1,47.6
19,10,23,3,0,3,1,47.6
93,17,71,3,3,3,1,47.6
19,11,20,3,0,3,1,47.6
93,16,47,3,3,1,1,47.6
93,12,38,3,3,2,1,47.6
19,12,17,3,0,2,1,47.6
19,13,14,3,0,2,1,47.6
19,14,44,3,0,2,1,47.6
19,15,41,3,0,2,1,47.6
93,10,50,3,3,3,1,47.6
93,9,26,3,3,2,1,47.6
19,16,11,3,0,2,1,47.6
19,17,50,3,1,3,1,47.6
19,18,62,3,1,3,1,47.6
93,8,32,3,3,3,1,47.6
19,20,53,3,1,1,1,47.6
19,21,74,3,1,1,1,47.6
93,5,35,3,3,3,1,47.6
19,23,59,3,1,1,1,47.6
19,24,77,3,1,1,1,47.6
19,25,71,3,1,1,1,47.6
93,2,62,3,3,3,1,47.6
19,26,23,3,1,0,1,47.6
19,27,56,3,1,1,1,47.6
93,1,44,3,3,1,1,47.6
19,29,27,3,1,0,1,47.6
19,30,65,3,1,1,1,47.6
93,0,3,3,3,2,1,47.6
19,31,68,3,1,1,1,47.6
19,32,47,3,1,0,1,47.6
19,33,44,3,1,2,1,47.6
19,34,41,3,1,1,1,47.6
19,36,38,3,1,0,1,47.6
92,99,50,3,0,3,1,47.6
19,37,20,3,1,2,1,47.6
19,39,17,3,1,1,1,47.6
19,40,35,3,1,1,1,47.6
92,98,32,3,0,3,1,47.6
92,97,47,3,0,3,1,47.6
19,41,32,3,1,0,1,47.6
19,42,14,3,1,2,1,47.6
19,43,11,3,1,2,1,47.6
19,44,8,3,1,1,1,47.6
19,45,5,3,1,2,1,47.6
19,46,2,3,1,2,1,47.6
19,47,77,3,2,0,1,47.6
92,95,41,3,0,3,1,47.6
92,91,26,3,0,0,1,47.6
19,48,68,3,2,0,1,47.6
19,49,8,3,2,0,1,47.6
92,88,23,3,0,1,1,47.6
92,87,20,3,0,0,1,47.6
19,50,74,3,2,0,1,47.6
19,51,71,3,2,0,1,47.6
92,86,17,3,0,1,1,47.6
92,84,14,3,0,0,1,47.6
92,83,11,3,0,1,1,47.6
19,54,65,3,2,1,1,47.6
92,81,5,3,0,0,1,47.6
19,56,62,3,2,1,1,47.6
19,57,59,3,2,0,1,47.6
19,58,56,3,2,1,1,47.6
92,80,8,3,0,1,1,47.6
19,59,53,3,2,2,1,47.6
92,79,2,3,0,2,1,47.6
92,78,77,3,1,0,1,47.6
19,60,50,3,2,0,1,47.6
92,77,74,3,1,0,1,47.6
92,75,71,3,1,1,1,47.6
19,62,41,3,2,1,1,47.6
19,63,3,3,2,0,1,47.6
19,66,20,3,2,0,1,47.6
92,74,65,3,1,0,1,47.6
92,73,56,3,1,2,1,47.6
19,67,26,3,2,0,1,47.6
92,71,62,3,1,2,1,47.6
92,70,59,3,1,1,1,47.6
92,69,53,3,1,0,1,47.6
19,68,44,3,2,0,1,47.6
19,70,47,3,2,1,1,47.6
92,67,23,3,1,0,1,47.6
19,71,38,3,2,2,1,47.6
19,74,35,3,2,0,1,47.6
92,66,47,3,1,1,1,47.6
19,75,32,3,2,1,1,47.6
92,65,17,3,1,0,1,47.6
19,76,23,3,2,1,1,47.6
92,64,44,3,1,0,1,47.6
19,77,17,3,2,1,1,47.6
92,62,50,3,1,1,1,47.6
19,78,29,3,2,2,1,47.6
19,79,14,3,2,2,1,47.6
92,61,35,3,1,1,1,47.6
19,80,11,3,2,1,1,47.6
19,81,0,3,2,0,1,47.6
92,59,41,3,1,2,1,47.6
92,57,20,3,1,0,1,47.6
19,83,74,3,3,0,1,47.6
19,84,71,3,3,0,1,47.6
92,56,38,3,1,2,1,47.6
92,54,29,3,1,1,1,47.6
19,85,77,3,3,0,1,47.6
19,87,44,3,3,0,1,47.6
19,88,59,3,3,1,1,47.6
92,53,32,3,1,1,1,47.6
92,52,26,3,1,1,1,47.6
92,51,14,3,1,2,1,47.6
19,90,56,3,3,1,1,47.6
19,91,35,3,3,0,1,47.6
92,49,5,3,1,0,1,47.6
92,48,11,3,1,1,1,47.6
92,47,8,3,1,1,1,47.6
19,92,2,3,3,1,1,47.6
19,93,68,3,3,3,1,47.6
19,94,23,3,3,3,1,47.6
19,95,53,3,3,3,1,47.6
19,96,29,3,3,2,1,47.6
92,46,68,3,2,0,1,47.6
19,97,65,3,3,3,1,47.6
92,44,74,3,2,0,1,47.6
19,98,26,3,3,3,1,47.6
92,43,77,3,2,0,1,47.6
20,1,50,3,1,1,1,47.6
20,5,47,3,1,3,1,47.6
92,42,71,3,2,1,1,47.6
92,40,62,3,2,0,1,47.6
92,39,44,3,2,1,1,47.6
20,17,41,3,1,3,1,47.6
92,38,65,3,2,0,1,47.6
20,22,38,3,1,1,1,47.6
20,23,35,3,1,1,1,47.6
92,37,56,3,2,2,1,47.6
92,36,47,3,2,0,1,47.6
20,27,77,3,2,1,1,47.6
20,28,71,3,2,0,1,47.6
20,33,74,3,2,1,1,47.6
20,40,68,3,2,1,1,47.6
20,42,65,3,2,1,1,47.6
20,46,62,3,2,0,1,47.6
20,52,40,3,2,1,1,47.6
20,53,29,3,2,1,1,47.6
20,55,32,3,2,2,1,47.6
20,59,37,3,2,2,1,47.6
20,60,23,3,2,0,1,47.6
20,66,26,3,2,1,1,47.6
20,76,14,3,2,1,1,47.6
92,35,59,3,2,0,1,47.6
92,34,38,3,2,1,1,47.6
92,33,53,3,2,2,1,47.6
92,32,41,3,2,0,1,47.6
20,81,20,3,2,1,1,47.6
20,87,17,3,2,0,1,47.6
20,88,11,3,2,2,1,47.6
20,92,2,3,2,2,1,47.6
20,94,20,3,3,3,1,47.6
20,96,26,3,3,2,1,47.6
92,31,35,3,2,1,1,47.6
92,28,50,3,2,0,1,47.6
92,27,8,3,2,1,1,47.6
20,99,65,3,3,3,1,47.6
92,26,32,3,2,1,1,47.6
92,25,29,3,2,1,1,47.6
92,24,26,3,2,1,1,47.6
92,23,23,3,2,2,1,47.6
21,0,0,3,1,2,1,47.6
21,1,47,3,1,1,1,47.6
21,2,50,3,1,3,1,47.6
92,22,15,3,2,2,1,47.6
92,21,20,3,2,1,1,47.6
92,20,12,3,2,3,1,47.6
92,19,5,3,2,3,1,47.6
21,3,44,3,1,2,1,47.6
92,17,47,3,3,3,1,47.6
92,16,44,3,3,1,1,47.6
92,15,62,3,3,2,1,47.6
92,14,77,3,3,2,1,47.6
21,4,35,3,1,3,1,47.6
92,13,32,3,3,2,1,47.6
21,6,32,3,1,1,1,47.6
92,12,29,3,3,2,1,47.6
92,11,38,3,3,3,1,47.6
21,11,29,3,1,3,1,47.6
21,13,11,3,1,2,1,47.6
92,10,17,3,3,3,1,47.6
92,9,23,3,3,2,1,47.6
92,7,59,3,3,3,1,47.6
21,14,38,3,1,2,1,47.6
92,6,41,3,3,1,1,47.6
21,18,23,3,1,3,1,47.6
21,19,14,3,1,3,1,47.6
21,24,8,3,1,1,1,47.6
21,25,5,3,1,1,1,47.6
21,26,77,3,2,0,1,47.6
92,5,50,3,3,3,1,47.6
21,30,74,3,2,1,1,47.6
92,4,11,3,3,3,1,47.6
21,31,71,3,2,0,1,47.6
92,3,71,3,3,2,1,47.6
92,2,56,3,3,3,1,47.6
21,32,56,3,2,0,1,47.6
92,1,35,3,3,1,1,47.6
21,37,62,3,2,2,1,47.6
92,0,65,3,3,3,1,47.6
91,98,29,3,0,3,1,47.6
21,38,32,3,2,0,1,47.6
91,97,23,3,0,3,1,47.6
91,96,20,3,0,2,1,47.6
21,39,41,3,2,1,1,47.6
21,40,59,3,2,0,1,47.6
91,95,17,3,0,3,1,47.6
21,41,53,3,2,0,1,47.6
91,94,74,3,0,4,1,47.6
91,93,71,3,0,4,1,47.6
91,92,74,3,1,3,1,47.6
21,43,68,3,2,0,1,47.6
21,46,47,3,2,0,1,47.6
21,47,38,3,2,1,1,47.6
21,48,44,3,2,0,1,47.6
21,51,65,3,2,1,1,47.6
21,52,50,3,2,1,1,47.6
21,53,26,3,2,1,1,47.6
21,54,20,3,2,1,1,47.6
21,55,23,3,2,2,1,47.6
91,90,59,3,1,1,1,47.6
91,89,56,3,1,0,1,47.6
21,58,11,3,2,1,1,47.6
21,59,14,3,2,2,1,47.6
91,88,77,3,1,1,1,47.6
91,87,33,3,1,0,1,47.6
21,60,35,3,2,0,1,47.6
21,62,29,3,2,1,1,47.6
21,66,17,3,2,1,1,47.6
91,86,68,3,1,1,1,47.6
91,84,65,3,1,0,1,47.6
21,67,8,3,2,2,1,47.6
21,68,0,3,2,0,1,47.6
91,83,71,3,1,0,1,47.6
91,79,53,3,1,1,1,47.6
21,70,5,3,2,1,1,47.6
91,78,26,3,1,1,1,47.6
21,72,77,3,3,0,1,47.6
21,74,68,3,3,0,1,47.6
91,77,23,3,1,1,1,47.6
21,79,74,3,3,0,1,47.6
21,81,62,3,3,0,1,47.6
91,76,30,3,1,2,1,47.6
21,82,71,3,3,1,1,47.6
21,83,47,3,3,0,1,47.6
91,74,20,3,1,1,1,47.6
91,73,17,3,1,2,1,47.6
91,72,71,3,2,0,1,47.6
21,86,65,3,3,1,1,47.6
91,71,77,3,2,0,1,47.6
21,87,38,3,3,0,1,47.6
21,89,44,3,3,0,1,47.6
91,70,74,3,2,0,1,47.6
21,90,53,3,3,1,1,47.6
21,91,59,3,3,2,1,47.6
21,92,26,3,3,3,1,47.6
21,93,56,3,3,3,1,47.6
21,94,17,3,3,3,1,47.6
91,69,68,3,2,0,1,47.6
91,67,20,3,2,0,1,47.6
21,95,35,3,3,3,1,47.6
21,96,23,3,3,2,1,47.6
21,98,20,3,3,3,1,47.6
21,99,41,3,3,3,1,47.6
91,65,23,3,2,0,1,47.6
22,12,59,3,1,3,1,47.6
22,15,56,3,1,2,1,47.6
91,64,53,3,2,0,1,47.6
22,16,41,3,1,1,1,47.6
22,23,50,3,1,1,1,47.6
91,63,65,3,2,1,1,47.6
22,29,77,3,1,1,1,47.6
22,34,44,3,1,1,1,47.6
22,43,53,3,1,0,1,47.6
91,61,47,3,2,1,1,47.6
22,45,35,3,1,2,1,47.6
22,47,77,3,2,1,1,47.6
91,58,62,3,2,1,1,47.6
22,48,62,3,2,0,1,47.6
91,55,38,3,2,1,1,47.6
22,50,74,3,2,1,1,47.6
22,51,71,3,2,1,1,47.6
91,54,56,3,2,1,1,47.6
91,53,44,3,2,0,1,47.6
91,52,35,3,2,1,1,47.6
22,56,68,3,2,1,1,47.6
22,60,65,3,2,0,1,47.6
22,62,56,3,2,0,1,47.6
22,66,53,3,2,0,1,47.6
22,67,12,3,2,1,1,47.6
91,50,41,3,2,1,1,47.6
91,49,50,3,2,1,1,47.6
22,84,41,3,2,0,1,47.6
91,47,32,3,2,1,1,47.6
91,46,29,3,2,0,1,47.6
91,45,17,3,2,1,1,47.6
91,44,26,3,2,1,1,47.6
22,85,50,3,2,1,1,47.6
22,86,59,3,2,1,1,47.6
22,93,9,3,2,3,1,47.6
91,42,5,3,2,2,1,47.6
22,95,44,3,2,3,1,47.6
22,96,6,3,2,2,1,47.6
91,41,8,3,2,0,1,47.6
22,98,3,3,2,3,1,47.6
91,40,14,3,2,1,1,47.6
22,99,47,3,2,3,1,47.6
23,0,47,3,1,3,1,47.6
91,38,26,3,3,0,1,47.6
23,2,41,3,1,3,1,47.6
23,4,38,3,1,4,1,47.6
23,6,47,3,2,1,1,47.6
23,9,20,3,2,2,1,47.6
91,35,77,3,3,0,1,47.6
91,32,44,3,3,0,1,47.6
91,31,74,3,3,0,1,47.6
91,29,71,3,3,0,1,47.6
23,10,32,3,2,3,1,47.6
23,13,17,3,2,2,1,47.6
91,28,59,3,3,0,1,47.6
91,25,68,3,3,1,1,47.6
23,14,74,3,2,2,1,47.6
23,16,35,3,2,1,1,47.6
23,17,44,3,2,3,1,47.6
91,24,65,3,3,1,1,47.6
23,20,77,3,2,3,1,47.6
91,23,62,3,3,2,1,47.6
23,22,38,3,2,2,1,47.6
23,28,56,3,2,0,1,47.6
23,29,3,3,2,0,1,47.6
23,30,71,3,2,1,1,47.6
23,31,65,3,2,1,1,47.6
91,22,35,3,3,2,1,47.6
91,21,50,3,3,3,1,47.6
23,32,11,3,2,0,1,47.6
91,20,56,3,3,3,1,47.6
91,16,32,3,3,1,1,47.6
23,34,59,3,2,1,1,47.6
23,36,68,3,2,0,1,47.6
23,38,14,3,2,0,1,47.6
23,40,50,3,2,0,1,47.6
23,42,53,3,2,1,1,47.6
23,44,41,3,2,1,1,47.6
91,14,53,3,3,2,1,47.6
23,47,0,3,2,1,1,47.6
91,13,5,3,3,2,1,47.6
91,12,23,3,3,2,1,47.6
23,51,8,3,2,2,1,47.6
91,11,17,3,3,3,1,47.6
23,52,77,3,3,0,1,47.6
91,8,29,3,3,3,1,47.6
23,54,71,3,3,0,1,47.6
91,5,40,3,3,3,1,47.6
91,3,47,3,3,2,1,47.6
23,56,74,3,3,0,1,47.6
91,1,20,3,3,2,1,47.6
23,60,68,3,3,0,1,47.6
91,0,14,3,3,4,1,47.6
90,96,17,3,1,2,1,47.6
23,63,59,3,3,0,1,47.6
23,65,9,3,3,0,1,47.6
23,71,65,3,3,2,1,47.6
23,73,53,3,3,2,1,47.6
23,77,56,3,3,0,1,47.6
90,95,38,3,1,3,1,47.6
23,81,47,3,3,0,1,47.6
23,83,28,3,3,0,1,47.6
90,94,50,3,1,4,1,47.6
23,87,25,3,3,0,1,47.6
23,88,20,3,3,1,1,47.6
23,90,44,3,3,1,1,47.6
23,94,14,3,3,3,1,47.6
23,96,62,3,3,3,1,47.6
90,88,26,3,1,1,1,47.6
90,87,30,3,1,0,1,47.6
23,97,50,3,3,3,1,47.6
24,1,41,3,1,1,1,47.6
24,2,53,3,1,3,1,47.6
90,84,23,3,1,0,1,47.6
24,5,32,3,1,3,1,47.6
24,7,44,3,1,3,1,47.6
24,9,5,3,1,2,1,47.6
24,10,29,3,1,3,1,47.6
24,11,23,3,1,3,1,47.6
24,12,20,3,1,2,1,47.6
24,14,50,3,1,2,1,47.6
90,81,47,3,1,1,1,47.6
90,77,41,3,1,1,1,47.6
24,15,47,3,1,2,1,47.6
90,75,20,3,1,1,1,47.6
24,16,74,3,1,2,1,47.6
90,74,50,3,2,0,1,47.6
90,69,74,3,2,0,1,47.6
24,17,38,3,1,3,1,47.6
24,19,11,3,1,3,1,47.6
90,67,77,3,2,1,1,47.6
24,20,35,3,1,3,1,47.6
24,21,14,3,1,3,1,47.6
24,22,0,3,1,2,1,47.6
24,26,56,3,1,1,1,47.6
90,66,68,3,2,0,1,47.6
90,65,0,3,2,0,1,47.6
90,63,71,3,2,1,1,47.6
90,62,62,3,2,0,1,47.6
24,27,53,3,2,1,1,47.6
90,61,12,3,2,1,1,47.6
90,60,47,3,2,0,1,47.6
90,59,65,3,2,1,1,47.6
24,31,77,3,2,1,1,47.6
24,33,71,3,2,1,1,47.6
24,34,74,3,2,1,1,47.6
90,58,59,3,2,1,1,47.6
24,37,50,3,2,2,1,47.6
24,38,23,3,2,0,1,47.6
24,39,26,3,2,1,1,47.6
24,40,56,3,2,0,1,47.6
90,49,56,3,2,1,1,47.6
24,41,38,3,2,0,1,47.6
90,48,53,3,2,1,1,47.6
90,43,26,3,2,1,1,47.6
90,39,20,3,2,1,1,47.6
90,37,23,3,2,2,1,47.6
90,28,17,3,2,0,1,47.6
24,42,68,3,2,1,1,47.6
24,43,47,3,2,0,1,47.6
90,27,9,3,2,2,1,47.6
24,44,65,3,2,0,1,47.6
90,21,6,3,2,3,1,47.6
90,20,74,3,3,3,1,47.6
90,17,35,3,3,3,1,47.6
90,16,26,3,3,1,1,47.6
90,14,68,3,3,2,1,47.6
24,45,44,3,2,2,1,47.6
90,13,2,3,3,2,1,47.6
24,47,41,3,2,1,1,47.6
24,48,35,3,2,0,1,47.6
24,49,2,3,2,0,1,47.6
90,12,32,3,3,2,1,47.6
90,11,14,3,3,3,1,47.6
90,2,59,3,3,3,1,47.6
89,99,47,3,0,4,1,47.6
89,98,41,3,0,4,1,47.6
89,97,53,3,1,3,1,47.6
89,96,11,3,1,2,1,47.6
24,51,62,3,2,2,1,47.6
24,52,59,3,2,1,1,47.6
24,53,20,3,2,1,1,47.6
24,54,8,3,2,1,1,47.6
89,95,56,3,1,3,1,47.6
24,55,17,3,2,2,1,47.6
24,56,32,3,2,2,1,47.6
24,57,14,3,2,0,1,47.6
24,59,11,3,2,2,1,47.6
24,60,29,3,2,0,1,47.6
89,94,8,3,1,3,1,47.6
24,66,5,3,2,2,1,47.6
24,67,74,3,3,0,1,47.6
89,93,77,3,1,3,1,47.6
24,68,77,3,3,0,1,47.6
89,91,2,3,1,3,1,47.6
24,69,59,3,3,0,1,47.6
89,90,71,3,1,3,1,47.6
89,88,74,3,1,2,1,47.6
89,87,14,3,1,0,1,47.6
24,70,71,3,3,0,1,47.6
89,85,44,3,1,1,1,47.6
89,83,25,3,1,0,1,47.6
24,72,42,3,3,0,1,47.6
24,73,68,3,3,2,1,47.6
24,79,65,3,3,0,1,47.6
24,80,53,3,3,1,1,47.6
24,81,62,3,3,1,1,47.6
24,82,8,3,3,1,1,47.6
24,83,17,3,3,0,1,47.6
89,82,65,3,1,1,1,47.6
24,84,38,3,3,0,1,47.6
89,79,68,3,1,1,1,47.6
89,78,47,3,1,1,1,47.6
89,77,50,3,1,0,1,47.6
24,85,35,3,3,1,1,47.6
89,76,62,3,1,0,1,47.6
24,88,56,3,3,1,1,47.6
89,75,59,3,1,1,1,47.6
24,89,32,3,3,1,1,47.6
24,90,50,3,3,3,1,47.6
89,74,41,3,1,0,1,47.6
24,91,11,3,3,3,1,47.6
89,72,20,3,1,1,1,47.6
24,92,20,3,3,3,1,47.6
24,96,47,3,3,3,1,47.6
89,69,38,3,1,0,1,47.6
24,97,29,3,3,3,1,47.6
24,98,23,3,3,3,1,47.6
89,67,29,3,1,1,1,47.6
89,66,35,3,1,1,1,47.6
89,65,17,3,1,1,1,47.6
24,99,26,3,3,3,1,47.6
25,1,74,3,0,2,1,47.6
25,12,26,3,1,2,1,47.6
89,64,5,3,1,1,1,47.6
89,63,77,3,2,0,1,47.6
89,61,74,3,2,1,1,47.6
25,16,23,3,1,1,1,47.6
25,24,14,3,1,3,1,47.6
25,30,77,3,1,1,1,47.6
89,59,71,3,2,0,1,47.6
89,58,53,3,2,1,1,47.6
89,56,68,3,2,2,1,47.6
25,31,74,3,1,1,1,47.6
25,32,38,3,1,0,1,47.6
89,54,59,3,2,1,1,47.6
25,38,20,3,1,0,1,47.6
25,39,62,3,1,2,1,47.6
25,40,59,3,1,1,1,47.6
89,53,65,3,2,0,1,47.6
25,42,56,3,1,1,1,47.6
89,52,56,3,2,1,1,47.6
25,47,17,3,1,1,1,47.6
89,49,62,3,2,1,1,47.6
89,48,47,3,2,0,1,47.6
25,56,53,3,1,2,1,47.6
25,61,9,3,1,1,1,47.6
89,46,44,3,2,0,1,47.6
89,45,50,3,2,1,1,47.6
89,44,38,3,2,1,1,47.6
89,42,41,3,2,2,1,47.6
89,41,35,3,2,0,1,47.6
25,65,50,3,1,1,1,47.6
25,66,44,3,1,1,1,47.6
25,68,32,3,1,0,1,47.6
25,82,2,3,1,1,1,47.6
25,84,35,3,1,0,1,47.6
25,87,47,3,1,1,1,47.6
89,40,32,3,2,1,1,47.6
25,89,29,3,2,2,1,47.6
89,37,26,3,2,2,1,47.6
25,93,74,3,2,3,1,47.6
89,36,23,3,2,1,1,47.6
26,0,59,3,1,3,1,47.6
26,2,47,3,1,3,1,47.6
26,4,62,3,1,3,1,47.6
26,6,29,3,1,1,1,47.6
89,34,20,3,2,1,1,47.6
89,33,17,3,2,2,1,47.6
26,7,41,3,1,3,1,47.6
26,10,12,3,1,3,1,47.6
26,14,65,3,1,2,1,47.6
26,16,20,3,1,1,1,47.6
89,32,8,3,2,0,1,47.6
26,17,23,3,1,3,1,47.6
89,31,14,3,2,2,1,47.6
89,30,11,3,2,3,1,47.6
26,18,38,3,1,3,1,47.6
89,29,0,3,2,0,1,47.6
26,19,50,3,1,3,1,47.6
26,20,71,3,1,3,1,47.6
26,24,5,3,1,3,1,47.6
26,25,77,3,1,2,1,47.6
26,28,53,3,1,0,1,47.6
89,28,5,3,2,0,1,47.6
26,29,74,3,1,0,1,47.6
89,27,5,3,3,1,1,47.6
89,25,71,3,3,2,1,47.6
89,24,2,3,3,3,1,47.6
26,31,68,3,1,2,1,47.6
26,32,35,3,1,0,1,47.6
26,33,26,3,1,2,1,47.6
26,35,0,3,1,1,1,47.6
89,22,77,3,3,3,1,47.6
89,21,32,3,3,3,1,47.6
89,20,68,3,3,3,1,47.6
26,36,44,3,2,0,1,47.6
89,19,62,3,3,3,1,47.6
26,37,74,3,2,0,1,47.6
26,38,17,3,2,0,1,47.6
26,43,71,3,2,0,1,47.6
26,44,56,3,2,0,1,47.6
26,46,41,3,2,0,1,47.6
26,47,29,3,2,1,1,47.6
26,48,77,3,2,1,1,47.6
26,51,68,3,2,1,1,47.6
89,17,29,3,3,3,1,47.6
26,52,65,3,2,1,1,47.6
89,16,17,3,3,1,1,47.6
26,54,26,3,2,1,1,47.6
26,55,53,3,2,1,1,47.6
89,15,53,3,3,2,1,47.6
89,13,26,3,3,2,1,47.6
26,57,62,3,2,0,1,47.6
89,11,11,3,3,3,1,47.6
89,10,8,3,3,3,1,47.6
26,58,50,3,2,1,1,47.6
26,61,6,3,2,1,1,47.6
26,62,59,3,2,1,1,47.6
26,63,0,3,2,0,1,47.6
26,64,38,3,2,0,1,47.6
26,66,32,3,2,1,1,47.6
26,68,23,3,2,0,1,47.6
89,9,74,3,3,3,1,47.6
26,71,35,3,2,2,1,47.6
26,72,47,3,2,2,1,47.6
26,74,14,3,2,1,1,47.6
89,7,38,3,3,3,1,47.6
89,4,41,3,3,3,1,47.6
26,75,11,3,2,1,1,47.6
89,3,65,3,3,2,1,47.6
26,76,3,3,2,1,1,47.6
26,77,20,3,2,1,1,47.6
89,2,44,3,3,3,1,47.6
89,0,56,3,3,3,1,47.6
88,94,5,3,2,3,1,47.6
26,79,77,3,3,0,1,47.6
88,82,77,3,2,0,1,47.6
26,80,74,3,3,1,1,47.6
88,76,71,3,2,0,1,47.6
26,81,44,3,3,0,1,47.6
88,75,68,3,2,1,1,47.6
26,82,59,3,3,1,1,47.6
26,85,41,3,3,1,1,47.6
26,86,62,3,3,1,1,47.6
88,72,65,3,2,1,1,47.6
26,87,11,3,3,0,1,47.6
88,66,62,3,2,1,1,47.6
26,88,56,3,3,2,1,47.6
26,89,50,3,3,3,1,47.6
88,62,53,3,2,1,1,47.6
88,61,59,3,2,2,1,47.6
26,90,65,3,3,3,1,47.6
88,55,47,3,2,1,1,47.6
88,50,44,3,2,1,1,47.6
26,91,8,3,3,3,1,47.6
26,92,68,3,3,3,1,47.6
26,93,53,3,3,3,1,47.6
26,94,2,3,3,3,1,47.6
88,42,50,3,2,2,1,47.6
26,95,32,3,3,3,1,47.6
88,35,35,3,2,0,1,47.6
26,97,38,3,3,3,1,47.6
88,32,41,3,2,1,1,47.6
88,30,32,3,2,1,1,47.6
26,98,14,3,3,3,1,47.6
26,99,35,3,3,3,1,47.6
88,29,38,3,2,2,1,47.6
27,1,2,3,1,2,1,47.6
27,2,38,3,2,3,1,47.6
88,25,26,3,2,2,1,47.6
27,3,77,3,2,2,1,47.6
88,19,20,3,2,3,1,47.6
27,5,74,3,2,4,1,47.6
88,16,29,3,2,2,1,47.6
88,11,8,3,2,3,1,47.6
88,2,23,3,2,3,1,47.6
27,9,2,3,2,2,1,47.6
27,11,5,3,2,3,1,47.6
27,12,71,3,2,3,1,47.6
87,99,8,3,0,3,1,47.6
27,13,68,3,2,3,1,47.6
27,14,62,3,2,2,1,47.6
27,18,35,3,2,3,1,47.6
27,19,47,3,2,3,1,47.6
27,23,41,3,2,3,1,47.6
87,98,5,3,0,4,1,47.6
87,97,2,3,0,3,1,47.6
27,29,65,3,2,1,1,47.6
87,96,77,3,1,3,1,47.6
87,93,65,3,1,3,1,47.6
27,31,59,3,2,2,1,47.6
27,32,56,3,2,1,1,47.6
27,33,50,3,2,2,1,47.6
27,34,15,3,2,1,1,47.6
27,41,53,3,2,1,1,47.6
27,44,44,3,2,1,1,47.6
87,91,74,3,1,4,1,47.6
87,90,62,3,1,3,1,47.6
27,45,12,3,2,3,1,47.6
87,89,59,3,1,3,1,47.6
27,49,77,3,3,1,1,47.6
87,88,14,3,1,2,1,47.6
87,86,56,3,1,1,1,47.6
27,51,74,3,3,1,1,47.6
27,53,71,3,3,0,1,47.6
87,85,38,3,1,1,1,47.6
27,56,65,3,3,2,1,47.6
27,64,26,3,3,0,1,47.6
87,84,53,3,1,0,1,47.6
27,66,68,3,3,1,1,47.6
87,83,71,3,1,1,1,47.6
27,68,62,3,3,0,1,47.6
27,71,56,3,3,2,1,47.6
87,82,68,3,1,2,1,47.6
87,81,50,3,1,1,1,47.6
27,72,17,3,3,1,1,47.6
27,77,47,3,3,0,1,47.6
27,81,59,3,3,1,1,47.6
87,80,44,3,1,2,1,47.6
87,77,35,3,1,1,1,47.6
87,76,41,3,1,1,1,47.6
27,86,32,3,3,1,1,47.6
87,75,29,3,1,1,1,47.6
87,74,8,3,1,0,1,47.6
87,73,23,3,1,2,1,47.6
27,92,53,3,3,3,1,47.6
27,95,29,3,3,3,1,47.6
27,98,11,3,3,3,1,47.6
87,72,26,3,1,2,1,47.6
87,71,32,3,1,2,1,47.6
27,99,38,3,3,3,1,47.6
28,0,38,3,0,3,1,47.6
87,70,11,3,1,1,1,47.6
28,1,77,3,0,2,1,47.6
28,2,29,3,0,3,1,47.6
87,69,17,3,1,0,1,47.6
87,68,20,3,1,1,1,47.6
28,3,32,3,0,2,1,47.6
87,65,3,3,1,0,1,47.6
87,64,0,3,1,0,1,47.6
87,63,77,3,2,1,1,47.6
87,61,3,3,2,1,1,47.6
28,4,8,3,0,3,1,47.6
28,5,23,3,0,3,1,47.6
87,59,74,3,2,0,1,47.6
28,6,20,3,0,1,1,47.6
87,58,71,3,2,1,1,47.6
28,7,14,3,0,3,1,47.6
28,8,11,3,0,3,1,47.6
87,57,68,3,2,0,1,47.6
87,55,65,3,2,1,1,47.6
28,9,47,3,0,3,1,47.6
28,10,2,3,0,4,1,47.6
28,11,32,3,1,3,1,47.6
28,12,8,3,1,2,1,47.6
28,13,77,3,1,3,1,47.6
28,14,59,3,1,2,1,47.6
28,15,50,3,1,2,1,47.6
87,52,47,3,2,1,1,47.6
28,16,71,3,1,2,1,47.6
28,17,20,3,1,3,1,47.6
87,50,38,3,2,1,1,47.6
28,18,29,3,1,3,1,47.6
28,19,41,3,1,3,1,47.6
87,49,59,3,2,1,1,47.6
87,48,56,3,2,0,1,47.6
87,47,26,3,2,1,1,47.6
87,46,35,3,2,0,1,47.6
28,20,62,3,1,3,1,47.6
87,45,53,3,2,0,1,47.6
28,21,11,3,1,3,1,47.6
28,22,74,3,1,3,1,47.6
28,23,38,3,1,3,1,47.6
28,24,68,3,1,4,1,47.6
28,25,65,3,1,2,1,47.6
87,44,62,3,2,1,1,47.6
87,43,50,3,2,0,1,47.6
28,26,47,3,1,3,1,47.6
87,42,44,3,2,2,1,47.6
87,40,41,3,2,1,1,47.6
28,27,44,3,1,3,1,47.6
28,29,17,3,1,0,1,47.6
28,30,56,3,1,1,1,47.6
28,31,53,3,1,2,1,47.6
87,39,32,3,2,2,1,47.6
28,32,5,3,1,0,1,47.6
28,33,35,3,1,2,1,47.6
87,38,11,3,2,0,1,47.6
28,34,26,3,1,1,1,47.6
28,35,23,3,1,0,1,47.6
28,36,14,3,1,1,1,47.6
28,37,2,3,1,3,1,47.6
87,37,29,3,2,2,1,47.6
28,38,8,3,2,0,1,47.6
87,35,20,3,2,0,1,47.6
87,34,23,3,2,1,1,47.6
28,39,77,3,2,0,1,47.6
28,40,74,3,2,0,1,47.6
28,41,50,3,2,0,1,47.6
28,43,41,3,2,0,1,47.6
28,44,53,3,2,0,1,47.6
87,33,14,3,2,2,1,47.6
87,32,17,3,2,1,1,47.6
28,46,32,3,2,0,1,47.6
87,31,8,3,2,2,1,47.6
87,30,0,3,2,3,1,47.6
28,47,23,3,2,1,1,47.6
87,29,74,3,3,1,1,47.6
28,48,71,3,2,1,1,47.6
87,28,68,3,3,2,1,47.6
87,27,50,3,3,3,1,47.6
87,26,71,3,3,3,1,47.6
28,49,65,3,2,1,1,47.6
28,50,35,3,2,1,1,47.6
28,51,56,3,2,1,1,47.6
87,25,62,3,3,2,1,47.6
87,24,77,3,3,4,1,47.6
28,52,44,3,2,1,1,47.6
87,23,35,3,3,3,1,47.6
28,53,38,3,2,0,1,47.6
28,55,62,3,2,2,1,47.6
87,22,65,3,3,3,1,47.6
28,57,11,3,2,0,1,47.6
87,21,29,3,3,3,1,47.6
87,20,59,3,3,3,1,47.6
28,58,47,3,2,1,1,47.6
28,59,59,3,2,2,1,47.6
28,60,17,3,2,0,1,47.6
28,61,29,3,2,2,1,47.6
28,62,26,3,2,1,1,47.6
28,63,14,3,2,1,1,47.6
28,64,20,3,2,1,1,47.6
28,65,5,3,2,1,1,47.6
28,66,2,3,2,1,1,47.6
28,67,74,3,3,1,1,47.6
87,19,38,3,3,3,1,47.6
87,18,26,3,3,3,1,47.6
28,68,65,3,3,0,1,47.6
28,69,50,3,3,0,1,47.6
87,17,32,3,3,3,1,47.6
28,70,77,3,3,1,1,47.6
87,16,56,3,3,2,1,47.6
28,71,71,3,3,2,1,47.6
28,72,68,3,3,1,1,47.6
87,15,44,3,3,2,1,47.6
87,14,47,3,3,2,1,47.6
87,12,5,3,3,2,1,47.6
28,73,47,3,3,2,1,47.6
28,74,38,3,3,0,1,47.6
87,11,2,3,3,3,1,47.6
28,75,62,3,3,1,1,47.6
87,10,53,3,3,4,1,47.6
28,76,59,3,3,0,1,47.6
28,78,44,3,3,0,1,47.6
87,9,41,3,3,3,1,47.6
28,80,56,3,3,2,1,47.6
28,81,53,3,3,1,1,47.6
87,8,23,3,3,3,1,47.6
28,82,35,3,3,2,1,47.6
28,84,32,3,3,0,1,47.6
28,85,41,3,3,2,1,47.6
28,87,20,3,3,3,1,47.6
87,7,17,3,3,3,1,47.6
28,89,23,3,3,3,1,47.6
87,5,14,3,3,4,1,47.6
87,4,11,3,3,4,1,47.6
87,3,8,3,3,2,1,47.6
87,1,38,3,4,1,1,47.6
28,90,29,3,3,3,1,47.6
28,91,26,3,3,4,1,47.6
87,0,53,3,4,3,1,47.6
28,92,14,3,3,3,1,47.6
86,95,26,3,1,3,1,47.6
28,93,17,3,3,3,1,47.6
28,94,11,3,3,3,1,47.6
86,93,29,3,1,3,1,47.6
86,91,77,3,1,4,1,47.6
28,96,8,3,3,3,1,47.6
28,97,5,3,3,4,1,47.6
28,98,2,3,3,4,1,47.6
28,99,53,3,4,3,1,47.6
29,1,71,3,1,2,1,47.6
29,3,62,3,1,2,1,47.6
86,87,74,3,1,4,1,47.6
29,5,68,3,1,4,1,47.6
86,84,11,3,1,0,1,47.6
29,6,59,3,1,2,1,47.6
86,82,23,3,1,2,1,47.6
29,10,56,3,1,4,1,47.6
86,81,8,3,1,1,1,47.6
29,11,53,3,1,4,1,47.6
86,80,14,3,1,2,1,47.6
86,78,5,3,1,2,1,47.6
29,12,2,3,2,2,1,47.6
29,13,74,3,2,3,1,47.6
86,75,2,3,1,1,1,47.6
86,68,59,3,2,0,1,47.6
29,16,77,3,2,2,1,47.6
86,66,77,3,2,0,1,47.6
86,59,74,3,2,1,1,47.6
29,17,17,3,2,3,1,47.6
86,57,8,3,2,0,1,47.6
29,19,32,3,2,3,1,47.6
86,56,71,3,2,1,1,47.6
29,22,71,3,2,3,1,47.6
29,27,41,3,2,3,1,47.6
86,50,68,3,2,1,1,47.6
29,30,62,3,2,1,1,47.6
29,31,65,3,2,2,1,47.6
86,49,53,3,2,1,1,47.6
29,33,68,3,2,1,1,47.6
86,48,65,3,2,1,1,47.6
29,35,47,3,2,0,1,47.6
29,38,5,3,2,0,1,47.6
29,39,59,3,2,2,1,47.6
86,46,26,3,2,0,1,47.6
29,40,56,3,2,1,1,47.6
29,41,29,3,2,0,1,47.6
29,43,44,3,2,1,1,47.6
29,44,53,3,2,1,1,47.6
86,44,56,3,2,1,1,47.6
29,46,20,3,2,0,1,47.6
29,54,50,3,2,2,1,47.6
29,55,26,3,2,2,1,47.6
29,57,35,3,2,1,1,47.6
29,60,23,3,2,1,1,47.6
29,62,14,3,2,1,1,47.6
29,63,11,3,2,1,1,47.6
29,64,8,3,2,0,1,47.6
29,65,77,3,3,0,1,47.6
29,66,74,3,3,1,1,47.6
86,43,41,3,2,1,1,47.6
29,67,71,3,3,1,1,47.6
86,41,19,3,2,0,1,47.6
29,68,56,3,3,0,1,47.6
86,40,62,3,2,1,1,47.6
29,69,47,3,3,0,1,47.6
86,38,2,3,2,0,1,47.6
29,70,68,3,3,1,1,47.6
29,71,53,3,3,2,1,47.6
86,37,47,3,2,2,1,47.6
29,73,65,3,3,2,1,47.6
29,74,0,3,3,0,1,47.6
29,75,50,3,3,1,1,47.6
86,35,44,3,2,0,1,47.6
29,76,62,3,3,1,1,47.6
86,30,35,3,2,1,1,47.6
29,77,38,3,3,0,1,47.6
29,78,44,3,3,1,1,47.6
86,21,50,3,2,4,1,47.6
29,81,41,3,3,1,1,47.6
29,82,59,3,3,2,1,47.6
86,18,11,3,2,3,1,47.6
29,84,29,3,3,0,1,47.6
29,85,35,3,3,2,1,47.6
29,86,32,3,3,2,1,47.6
29,87,26,3,3,4,1,47.6
86,17,14,3,2,3,1,47.6
29,88,23,3,3,3,1,47.6
29,89,20,3,3,3,1,47.6
29,93,14,3,3,3,1,47.6
86,16,38,3,2,2,1,47.6
86,14,29,3,2,2,1,47.6
86,13,23,3,2,3,1,47.6
29,94,17,3,3,4,1,47.6
86,12,5,3,2,3,1,47.6
29,97,11,3,3,3,1,47.6
29,98,8,3,3,3,1,47.6
86,10,5,3,3,3,1,47.6
86,7,35,3,3,3,1,47.6
86,5,26,3,3,3,1,47.6
30,7,29,3,1,3,1,47.6
85,99,32,3,2,3,1,47.6
30,8,17,3,1,3,1,47.6
30,11,26,3,1,3,1,47.6
85,97,14,3,2,3,1,47.6
30,12,53,3,1,3,1,47.6
30,26,44,3,1,4,1,47.6
30,37,77,3,2,1,1,47.6
30,43,74,3,2,1,1,47.6
85,95,23,3,2,3,1,47.6
30,47,20,3,2,1,1,47.6
30,51,35,3,2,1,1,47.6
30,53,68,3,2,0,1,47.6
30,56,71,3,2,2,1,47.6
85,94,77,3,2,4,1,47.6
30,59,62,3,2,1,1,47.6
85,92,8,3,2,3,1,47.6
85,87,71,3,2,4,1,47.6
30,60,44,3,2,0,1,47.6
30,62,65,3,2,1,1,47.6
30,66,59,3,2,1,1,47.6
85,86,74,3,2,3,1,47.6
30,78,41,3,2,1,1,47.6
85,82,53,3,2,1,1,47.6
30,79,56,3,2,1,1,47.6
30,80,50,3,2,1,1,47.6
85,77,68,3,2,0,1,47.6
30,88,53,3,2,3,1,47.6
30,95,47,3,2,4,1,47.6
30,97,32,3,2,3,1,47.6
30,98,38,3,2,4,1,47.6
31,0,71,3,1,4,1,47.6
31,3,39,3,1,2,1,47.6
85,76,65,3,2,0,1,47.6
85,73,50,3,2,2,1,47.6
85,70,56,3,2,1,1,47.6
85,69,44,3,2,0,1,47.6
31,4,62,3,1,4,1,47.6
85,66,38,3,2,1,1,47.6
31,9,77,3,2,3,1,47.6
31,14,41,3,2,2,1,47.6
85,60,62,3,2,0,1,47.6
31,27,35,3,2,3,1,47.6
31,41,74,3,2,0,1,47.6
31,42,71,3,2,2,1,47.6
31,49,47,3,2,1,1,47.6
31,55,56,3,2,2,1,47.6
85,58,5,3,2,1,1,47.6
85,55,59,3,2,2,1,47.6
31,58,44,3,2,1,1,47.6
31,60,38,3,2,0,1,47.6
85,53,47,3,2,1,1,47.6
85,52,20,3,2,1,1,47.6
85,51,17,3,2,2,1,47.6
85,50,11,3,2,2,1,47.6
85,42,2,3,2,2,1,47.6
31,61,62,3,2,2,1,47.6
31,65,32,3,2,1,1,47.6
85,41,77,3,3,0,1,47.6
31,69,29,3,2,0,1,47.6
31,71,50,3,2,2,1,47.6
85,40,74,3,3,1,1,47.6
31,73,5,3,2,2,1,47.6
31,77,26,3,2,2,1,47.6
31,80,23,3,2,2,1,47.6
85,36,41,3,3,0,1,47.6
85,32,71,3,3,1,1,47.6
31,86,17,3,2,3,1,47.6
31,88,2,3,2,2,1,47.6
31,90,11,3,2,3,1,47.6
85,17,11,3,3,3,1,47.6
31,93,59,3,3,3,1,47.6
31,95,14,3,3,3,1,47.6
31,98,65,3,3,3,1,47.6
32,3,59,3,1,2,1,47.6
32,4,5,3,1,3,1,47.6
32,5,20,3,1,3,1,47.6
85,9,68,3,3,3,1,47.6
85,5,17,3,3,3,1,47.6
85,2,35,3,3,3,1,47.6
32,6,44,3,1,1,1,47.6
85,0,50,3,3,3,1,47.6
32,7,32,3,1,3,1,47.6
32,8,8,3,1,3,1,47.6
32,9,65,3,1,3,1,47.6
84,99,20,3,0,3,1,47.6
32,10,77,3,1,4,1,47.6
84,98,26,3,0,4,1,47.6
32,12,74,3,1,3,1,47.6
84,97,8,3,0,3,1,47.6
32,13,62,3,1,3,1,47.6
84,96,17,3,0,3,1,47.6
32,14,35,3,1,2,1,47.6
84,95,5,3,0,3,1,47.6
32,16,68,3,1,2,1,47.6
32,17,2,3,1,3,1,47.6
32,18,53,3,1,4,1,47.6
32,20,50,3,1,3,1,47.6
84,94,2,3,0,4,1,47.6
32,22,47,3,1,3,1,47.6
84,93,41,3,1,3,1,47.6
32,24,38,3,1,4,1,47.6
84,92,5,3,1,3,1,47.6
32,27,23,3,1,3,1,47.6
32,28,29,3,1,4,1,47.6
32,30,26,3,1,2,1,47.6
32,31,11,3,1,3,1,47.6
32,33,14,3,1,3,1,47.6
84,90,77,3,1,3,1,47.6
84,89,47,3,1,3,1,47.6
32,34,71,3,2,0,1,47.6
32,38,77,3,2,1,1,47.6
32,41,26,3,2,0,1,47.6
84,88,74,3,1,3,1,47.6
84,86,71,3,1,3,1,47.6
32,42,74,3,2,1,1,47.6
32,43,68,3,2,1,1,47.6
32,44,65,3,2,1,1,47.6
84,85,65,3,1,3,1,47.6
32,45,47,3,2,1,1,47.6
84,83,68,3,1,1,1,47.6
32,47,14,3,2,1,1,47.6
32,48,62,3,2,1,1,47.6
32,50,59,3,2,2,1,47.6
32,52,32,3,2,1,1,47.6
32,53,56,3,2,0,1,47.6
32,54,5,3,2,1,1,47.6
84,82,62,3,1,2,1,47.6
32,56,50,3,2,2,1,47.6
84,81,56,3,1,1,1,47.6
32,57,53,3,2,1,1,47.6
84,80,38,3,1,1,1,47.6
32,58,41,3,2,1,1,47.6
84,79,50,3,1,1,1,47.6
32,59,44,3,2,2,1,47.6
32,61,38,3,2,2,1,47.6
84,77,59,3,1,1,1,47.6
32,62,35,3,2,1,1,47.6
84,76,44,3,1,1,1,47.6
32,63,8,3,2,1,1,47.6
84,75,53,3,1,1,1,47.6
32,66,29,3,2,1,1,47.6
84,74,35,3,1,1,1,47.6
32,69,23,3,2,0,1,47.6
84,72,29,3,1,2,1,47.6
32,70,2,3,2,1,1,47.6
32,71,20,3,2,2,1,47.6
32,72,17,3,2,2,1,47.6
32,76,11,3,2,1,1,47.6
84,71,26,3,1,2,1,47.6
32,77,71,3,3,0,1,47.6
32,78,77,3,3,1,1,47.6
84,70,32,3,1,1,1,47.6
84,69,14,3,1,0,1,47.6
32,80,68,3,3,1,1,47.6
32,83,74,3,3,1,1,47.6
32,84,23,3,3,1,1,47.6
84,68,11,3,1,0,1,47.6
32,85,62,3,3,3,1,47.6
84,67,20,3,1,1,1,47.6
84,65,8,3,1,1,1,47.6
32,86,65,3,3,3,1,47.6
32,88,59,3,3,3,1,47.6
32,89,35,3,3,3,1,47.6
32,90,56,3,3,3,1,47.6
84,64,17,3,1,0,1,47.6
84,62,2,3,1,1,1,47.6
32,91,53,3,3,4,1,47.6
32,93,20,3,3,3,1,47.6
84,60,41,3,2,0,1,47.6
32,94,47,3,3,4,1,47.6
84,59,77,3,2,1,1,47.6
84,58,74,3,2,1,1,47.6
84,57,5,3,2,0,1,47.6
32,95,11,3,3,3,1,47.6
84,56,62,3,2,2,1,47.6
84,55,71,3,2,1,1,47.6
32,96,50,3,3,3,1,47.6
32,97,41,3,3,3,1,47.6
32,98,44,3,3,4,1,47.6
84,53,53,3,2,0,1,47.6
33,0,77,3,1,4,1,47.6
33,1,65,3,1,2,1,47.6
33,3,62,3,1,3,1,47.6
84,50,65,3,2,1,1,47.6
84,49,68,3,2,1,1,47.6
33,4,2,3,2,3,1,47.6
33,5,77,3,2,4,1,47.6
33,6,23,3,2,1,1,47.6
84,48,59,3,2,1,1,47.6
84,45,50,3,2,2,1,47.6
33,12,68,3,2,3,1,47.6
84,44,47,3,2,1,1,47.6
84,43,38,3,2,1,1,47.6
84,41,2,3,2,0,1,47.6
33,13,71,3,2,3,1,47.6
84,40,29,3,2,1,1,47.6
33,15,38,3,2,2,1,47.6
84,39,56,3,2,2,1,47.6
33,18,20,3,2,3,1,47.6
84,37,44,3,2,2,1,47.6
84,36,32,3,2,0,1,47.6
33,19,8,3,2,3,1,47.6
33,20,47,3,2,3,1,47.6
84,35,26,3,2,0,1,47.6
33,21,74,3,2,4,1,47.6
33,22,62,3,2,3,1,47.6
33,25,59,3,2,2,1,47.6
33,26,5,3,2,3,1,47.6
84,34,35,3,2,1,1,47.6
84,32,17,3,2,3,1,47.6
84,31,23,3,2,3,1,47.6
84,30,20,3,2,3,1,47.6
84,29,14,3,2,4,1,47.6
33,27,65,3,2,4,1,47.6
33,28,56,3,2,4,1,47.6
33,29,41,3,2,4,1,47.6
33,30,32,3,2,3,1,47.6
33,32,11,3,2,4,1,47.6
84,28,11,3,2,4,1,47.6
33,34,77,3,3,1,1,47.6
33,35,32,3,3,0,1,47.6
33,37,74,3,3,1,1,47.6
84,27,8,3,2,3,1,47.6
84,26,29,3,3,3,1,47.6
33,38,71,3,3,1,1,47.6
84,25,68,3,3,2,1,47.6
33,39,68,3,3,2,1,47.6
33,40,65,3,3,1,1,47.6
84,24,74,3,3,4,1,47.6
84,23,32,3,3,3,1,47.6
33,41,5,3,3,0,1,47.6
33,42,59,3,3,1,1,47.6
84,22,59,3,3,3,1,47.6
84,21,3,3,3,3,1,47.6
33,46,62,3,3,1,1,47.6
33,47,11,3,3,1,1,47.6
84,20,53,3,3,3,1,47.6
33,56,44,3,3,2,1,47.6
33,59,50,3,3,2,1,47.6
33,60,56,3,3,1,1,47.6
84,19,17,3,3,3,1,47.6
33,66,53,3,3,1,1,47.6
33,67,26,3,3,1,1,47.6
84,18,8,3,3,3,1,47.6
84,17,77,3,3,4,1,47.6
84,16,65,3,3,2,1,47.6
33,70,41,3,3,1,1,47.6
33,71,29,3,3,2,1,47.6
84,15,35,3,3,2,1,47.6
84,14,26,3,3,2,1,47.6
84,13,56,3,3,3,1,47.6
84,12,62,3,3,3,1,47.6
84,11,71,3,3,4,1,47.6
84,9,50,3,3,3,1,47.6
84,8,20,3,3,3,1,47.6
33,74,47,3,3,0,1,47.6
84,7,23,3,3,3,1,47.6
33,75,38,3,3,1,1,47.6
84,6,47,3,3,2,1,47.6
33,76,35,3,3,1,1,47.6
84,4,44,3,3,4,1,47.6
84,3,14,3,3,2,1,47.6
33,77,23,3,3,2,1,47.6
84,2,41,3,3,4,1,47.6
84,0,38,3,3,4,1,47.6
33,78,17,3,3,1,1,47.6
83,99,29,3,1,3,1,47.6
33,80,20,3,3,2,1,47.6
33,88,8,3,3,3,1,47.6
83,98,77,3,1,4,1,47.6
83,97,35,3,1,3,1,47.6
83,96,65,3,1,3,1,47.6
83,95,8,3,1,3,1,47.6
33,93,0,3,3,3,1,47.6
83,94,62,3,1,4,1,47.6
83,92,59,3,1,4,1,47.6
33,94,71,3,4,4,1,47.6
83,91,56,3,1,4,1,47.6
33,95,2,3,4,3,1,47.6
83,90,53,3,1,3,1,47.6
83,89,14,3,1,3,1,47.6
83,88,50,3,1,3,1,47.6
33,99,23,3,4,3,1,47.6
34,1,62,3,1,2,1,47.6
34,8,5,3,1,3,1,47.6
34,15,32,3,1,2,1,47.6
34,17,8,3,1,3,1,47.6
83,87,47,3,1,4,1,47.6
34,18,71,3,1,4,1,47.6
83,86,44,3,1,3,1,47.6
34,37,65,3,1,3,1,47.6
83,84,41,3,1,4,1,47.6
34,38,47,3,1,1,1,47.6
83,82,38,3,1,2,1,47.6
83,81,32,3,1,1,1,47.6
34,58,29,3,1,2,1,47.6
34,62,11,3,1,1,1,47.6
83,80,26,3,1,2,1,47.6
34,73,77,3,2,1,1,47.6
34,87,68,3,2,4,1,47.6
83,79,23,3,1,2,1,47.6
83,78,20,3,1,2,1,47.6
83,77,17,3,1,2,1,47.6
34,95,74,3,2,4,1,47.6
83,75,5,3,1,1,1,47.6
34,97,26,3,2,3,1,47.6
83,74,77,3,2,1,1,47.6
34,99,17,3,2,3,1,47.6
83,73,74,3,2,1,1,47.6
83,71,68,3,2,2,1,47.6
35,0,29,3,0,4,1,47.6
83,70,71,3,2,1,1,47.6
83,69,41,3,2,0,1,47.6
35,1,14,3,0,2,1,47.6
83,68,53,3,2,0,1,47.6
83,67,33,3,2,1,1,47.6
83,66,65,3,2,1,1,47.6
35,2,11,3,0,4,1,47.6
35,3,56,3,1,2,1,47.6
35,4,77,3,1,4,1,47.6
83,65,62,3,2,1,1,47.6
35,5,71,3,1,4,1,47.6
35,6,26,3,1,1,1,47.6
83,64,23,3,2,0,1,47.6
35,7,20,3,1,3,1,47.6
83,63,59,3,2,1,1,47.6
35,8,74,3,1,4,1,47.6
35,9,62,3,1,3,1,47.6
35,10,68,3,1,4,1,47.6
35,11,65,3,1,4,1,47.6
35,13,59,3,1,3,1,47.6
83,62,56,3,2,1,1,47.6
35,14,32,3,1,2,1,47.6
35,15,29,3,1,2,1,47.6
35,16,53,3,1,2,1,47.6
83,61,50,3,2,2,1,47.6
35,17,50,3,1,4,1,47.6
83,60,47,3,2,1,1,47.6
35,18,17,3,1,3,1,47.6
35,20,44,3,1,3,1,47.6
35,21,47,3,1,4,1,47.6
35,22,41,3,1,3,1,47.6
35,24,35,3,1,4,1,47.6
35,25,38,3,1,2,1,47.6
83,59,30,3,2,2,1,47.6
35,26,23,3,1,3,1,47.6
35,27,14,3,1,3,1,47.6
35,28,8,3,1,4,1,47.6
35,29,11,3,1,4,1,47.6
35,30,29,3,2,2,1,47.6
35,31,77,3,2,3,1,47.6
83,58,38,3,2,1,1,47.6
35,32,38,3,2,3,1,47.6
83,57,44,3,2,1,1,47.6
83,56,17,3,2,2,1,47.6
35,33,74,3,2,4,1,47.6
35,34,71,3,2,2,1,47.6
35,36,68,3,2,1,1,47.6
35,37,53,3,2,2,1,47.6
35,40,50,3,2,1,1,47.6
83,55,20,3,2,2,1,47.6
35,41,65,3,2,1,1,47.6
35,42,62,3,2,2,1,47.6
35,43,35,3,2,1,1,47.6
83,54,2,3,2,1,1,47.6
35,44,59,3,2,1,1,47.6
35,46,56,3,2,1,1,47.6
83,53,14,3,2,1,1,47.6
35,47,5,3,2,1,1,47.6
83,52,11,3,2,1,1,47.6
83,51,5,3,2,2,1,47.6
83,49,27,3,2,1,1,47.6
83,47,8,3,2,2,1,47.6
35,48,47,3,2,1,1,47.6
35,49,44,3,2,1,1,47.6
35,50,41,3,2,2,1,47.6
83,43,77,3,3,1,1,47.6
83,41,74,3,3,1,1,47.6
35,51,32,3,2,2,1,47.6
35,52,23,3,2,1,1,47.6
35,53,17,3,2,1,1,47.6
35,54,26,3,2,2,1,47.6
35,55,14,3,2,2,1,47.6
83,40,71,3,3,1,1,47.6
35,56,11,3,2,2,1,47.6
83,39,65,3,3,2,1,47.6
35,57,20,3,2,1,1,47.6
83,38,68,3,3,1,1,47.6
83,37,41,3,3,2,1,47.6
35,58,2,3,2,1,1,47.6
35,59,8,3,2,2,1,47.6
83,35,62,3,3,3,1,47.6
35,60,32,3,3,0,1,47.6
35,62,77,3,3,1,1,47.6
83,34,59,3,3,2,1,47.6
35,64,14,3,3,0,1,47.6
35,65,74,3,3,0,1,47.6
35,66,71,3,3,1,1,47.6
83,33,56,3,3,4,1,47.6
35,67,23,3,3,1,1,47.6
35,68,38,3,3,0,1,47.6
83,32,32,3,3,3,1,47.6
35,69,35,3,3,0,1,47.6
83,31,53,3,3,3,1,47.6
35,71,44,3,3,2,1,47.6
83,30,23,3,3,2,1,47.6
83,29,5,3,3,3,1,47.6
35,73,41,3,3,2,1,47.6
35,74,68,3,3,1,1,47.6
35,75,65,3,3,1,1,47.6
35,76,59,3,3,1,1,47.6
83,27,20,3,3,3,1,47.6
83,26,26,3,3,3,1,47.6
83,25,50,3,3,2,1,47.6
35,78,56,3,3,2,1,47.6
35,79,47,3,3,1,1,47.6
83,24,47,3,3,4,1,47.6
83,23,17,3,3,3,1,47.6
35,81,29,3,3,1,1,47.6
35,84,11,3,3,3,1,47.6
35,86,53,3,3,3,1,47.6
35,89,50,3,3,4,1,47.6
35,91,20,3,3,4,1,47.6
35,92,2,3,3,3,1,47.6
35,93,6,3,3,3,1,47.6
35,95,26,3,3,4,1,47.6
83,21,0,3,3,3,1,47.6
35,96,17,3,3,4,1,47.6
35,97,74,3,4,4,1,47.6
36,0,44,3,1,3,1,47.6
36,5,29,3,0,4,1,47.6
83,19,44,3,3,4,1,47.6
83,18,38,3,3,4,1,47.6
83,17,35,3,3,4,1,47.6
83,16,14,3,3,2,1,47.6
83,15,11,3,3,2,1,47.6
36,7,26,3,1,3,1,47.6
36,8,2,3,1,3,1,47.6
83,14,8,3,3,2,1,47.6
83,13,29,3,3,3,1,47.6
83,12,65,3,4,3,1,47.6
83,11,74,3,4,4,1,47.6
36,16,62,3,1,2,1,47.6
83,10,71,3,4,4,1,47.6
36,19,77,3,1,4,1,47.6
83,9,59,3,4,3,1,47.6
36,20,41,3,1,3,1,47.6
36,27,5,3,1,3,1,47.6
36,33,65,3,1,4,1,47.6
36,34,56,3,1,2,1,47.6
36,40,53,3,1,1,1,47.6
83,7,11,3,4,3,1,47.6
83,6,68,3,4,2,1,47.6
36,43,71,3,1,1,1,47.6
36,44,74,3,1,1,1,47.6
36,53,59,3,1,1,1,47.6
36,57,50,3,1,1,1,47.6
83,5,62,3,4,4,1,47.6
36,61,47,3,1,2,1,47.6
83,3,53,3,4,2,1,47.6
83,2,26,3,4,3,1,47.6
83,1,56,3,4,2,1,47.6
36,66,20,3,1,1,1,47.6
83,0,41,3,4,3,1,47.6
36,67,17,3,1,1,1,47.6
36,73,38,3,1,2,1,47.6
82,98,74,3,1,4,1,47.6
82,96,77,3,1,4,1,47.6
36,74,32,3,1,1,1,47.6
36,83,35,3,1,4,1,47.6
36,85,29,3,1,3,1,47.6
36,86,11,3,1,3,1,47.6
37,19,74,3,2,4,1,47.6
82,95,77,3,2,4,1,47.6
37,25,17,3,2,2,1,47.6
37,35,77,3,2,4,1,47.6
37,38,14,3,2,1,1,47.6
37,41,71,3,2,1,1,47.6
37,43,8,3,2,2,1,47.6
37,46,5,3,2,2,1,47.6
82,92,74,3,2,4,1,47.6
37,47,77,3,3,2,1,47.6
37,65,74,3,3,1,1,47.6
82,87,65,3,2,4,1,47.6
37,71,41,3,3,2,1,47.6
37,76,71,3,3,1,1,47.6
82,86,56,3,2,3,1,47.6
37,77,68,3,3,1,1,47.6
37,80,47,3,3,1,1,47.6
37,81,44,3,3,1,1,47.6
82,85,53,3,2,3,1,47.6
37,94,59,3,3,4,1,47.6
37,95,62,3,3,4,1,47.6
37,98,56,3,3,4,1,47.6
82,81,71,3,2,1,1,47.6
38,1,59,3,1,2,1,47.6
38,2,20,3,1,3,1,47.6
82,79,44,3,2,1,1,47.6
38,3,50,3,1,2,1,47.6
38,4,74,3,1,4,1,47.6
38,5,65,3,1,4,1,47.6
38,6,62,3,1,2,1,47.6
38,7,5,3,1,3,1,47.6
82,78,32,3,2,1,1,47.6
38,8,56,3,1,4,1,47.6
82,77,50,3,2,1,1,47.6
38,9,53,3,1,3,1,47.6
38,10,44,3,1,4,1,47.6
82,76,0,3,2,1,1,47.6
38,12,41,3,1,3,1,47.6
82,74,47,3,2,1,1,47.6
38,15,23,3,1,2,1,47.6
38,16,35,3,1,2,1,47.6
38,17,38,3,1,4,1,47.6
38,18,32,3,1,4,1,47.6
82,73,29,3,2,2,1,47.6
82,70,26,3,2,2,1,47.6
82,69,11,3,2,0,1,47.6
38,19,29,3,1,4,1,47.6
38,20,17,3,1,3,1,47.6
82,68,14,3,2,0,1,47.6
38,21,26,3,1,4,1,47.6
82,67,20,3,2,2,1,47.6
82,66,17,3,2,2,1,47.6
82,65,8,3,2,2,1,47.6
82,64,5,3,2,2,1,47.6
82,63,74,3,3,1,1,47.6
38,23,2,3,1,3,1,47.6
38,24,11,3,1,4,1,47.6
38,27,8,3,1,4,1,47.6
38,28,77,3,2,4,1,47.6
82,59,71,3,3,1,1,47.6
82,57,77,3,3,1,1,47.6
82,55,68,3,3,2,1,47.6
38,29,74,3,2,4,1,47.6
82,54,65,3,3,2,1,47.6
38,31,71,3,2,3,1,47.6
82,52,29,3,3,1,1,47.6
82,51,59,3,3,2,1,47.6
82,50,62,3,3,2,1,47.6
82,49,41,3,3,1,1,47.6
82,48,56,3,3,1,1,47.6
38,32,29,3,2,3,1,47.6
38,33,68,3,2,4,1,47.6
82,46,53,3,3,1,1,47.6
38,34,65,3,2,2,1,47.6
38,37,53,3,2,3,1,47.6
38,40,47,3,2,1,1,47.6
38,41,62,3,2,1,1,47.6
38,43,32,3,2,1,1,47.6
38,44,35,3,2,1,1,47.6
38,45,41,3,2,2,1,47.6
38,46,59,3,2,1,1,47.6
38,48,50,3,2,1,1,47.6
38,49,38,3,2,1,1,47.6
38,50,56,3,2,2,1,47.6
38,51,44,3,2,2,1,47.6
38,52,17,3,2,1,1,47.6
38,53,23,3,2,1,1,47.6
38,55,11,3,2,2,1,47.6
38,57,26,3,2,1,1,47.6
38,58,20,3,2,2,1,47.6
82,43,23,3,3,1,1,47.6
38,59,2,3,2,2,1,47.6
38,60,14,3,2,1,1,47.6
38,61,8,3,2,3,1,47.6
82,41,50,3,3,1,1,47.6
82,37,38,3,3,3,1,47.6
38,62,5,3,2,2,1,47.6
38,63,68,3,3,1,1,47.6
38,65,77,3,3,1,1,47.6
38,66,56,3,3,1,1,47.6
38,67,74,3,3,2,1,47.6
38,68,8,3,3,0,1,47.6
38,70,65,3,3,1,1,47.6
82,36,8,3,3,1,1,47.6
38,71,17,3,3,2,1,47.6
38,72,71,3,3,1,1,47.6
82,33,47,3,3,4,1,47.6
82,31,44,3,3,3,1,47.6
38,73,44,3,3,2,1,47.6
38,74,62,3,3,1,1,47.6
38,75,47,3,3,1,1,47.6
82,29,35,3,3,4,1,47.6
38,76,50,3,3,1,1,47.6
82,28,32,3,3,4,1,47.6
38,77,53,3,3,1,1,47.6
38,78,38,3,3,1,1,47.6
38,79,41,3,3,1,1,47.6
38,80,59,3,3,2,1,47.6
82,27,2,3,3,3,1,47.6
82,26,20,3,3,3,1,47.6
38,81,35,3,3,1,1,47.6
38,82,26,3,3,3,1,47.6
38,85,32,3,3,3,1,47.6
38,86,29,3,3,3,1,47.6
38,88,20,3,3,3,1,47.6
38,89,23,3,3,4,1,47.6
38,90,5,3,3,3,1,47.6
82,25,14,3,3,2,1,47.6
38,91,14,3,3,4,1,47.6
38,92,11,3,3,4,1,47.6
82,22,17,3,3,3,1,47.6
38,93,2,3,3,4,1,47.6
82,21,11,3,3,4,1,47.6
82,12,5,3,3,4,1,47.6
38,94,68,3,4,4,1,47.6
82,11,68,3,4,4,1,47.6
82,10,74,3,4,4,1,47.6
38,95,71,3,4,4,1,47.6
38,96,74,3,4,3,1,47.6
38,97,65,3,4,4,1,47.6
82,9,71,3,4,3,1,47.6
82,8,77,3,4,4,1,47.6
82,4,65,3,4,4,1,47.6
82,3,36,3,4,2,1,47.6
38,99,5,3,4,3,1,47.6
39,2,77,3,1,4,1,47.6
39,6,74,3,1,2,1,47.6
39,9,44,3,2,3,1,47.6
39,11,50,3,2,4,1,47.6
39,17,74,3,2,4,1,47.6
82,0,62,3,4,4,1,47.6
39,24,71,3,2,4,1,47.6
39,25,53,3,2,2,1,47.6
39,26,17,3,2,3,1,47.6
39,32,26,3,2,3,1,47.6
39,34,47,3,2,2,1,47.6
81,99,2,3,1,3,1,47.6
81,98,68,3,1,4,1,47.6
39,36,77,3,2,2,1,47.6
81,97,38,3,1,4,1,47.6
39,38,41,3,2,4,1,47.6
39,43,20,3,2,1,1,47.6
39,44,29,3,2,1,1,47.6
81,95,65,3,1,4,1,47.6
39,45,38,3,2,2,1,47.6
39,47,23,3,2,2,1,47.6
39,48,35,3,2,1,1,47.6
81,94,26,3,1,4,1,47.6
81,93,74,3,0,4,1,47.6
39,49,11,3,2,1,1,47.6
81,92,77,3,1,4,1,47.6
39,53,8,3,2,1,1,47.6
39,54,0,3,2,2,1,47.6
81,90,23,3,1,3,1,47.6
39,56,77,3,3,0,1,47.6
81,89,74,3,1,4,1,47.6
39,57,74,3,3,0,1,47.6
81,88,17,3,1,3,1,47.6
81,87,11,3,1,4,1,47.6
81,85,5,3,1,3,1,47.6
39,59,71,3,3,2,1,47.6
39,60,68,3,3,1,1,47.6
39,61,65,3,3,2,1,47.6
39,63,62,3,3,1,1,47.6
39,64,11,3,3,0,1,47.6
39,69,8,3,3,0,1,47.6
81,83,77,3,2,4,1,47.6
39,70,53,3,3,1,1,47.6
39,71,59,3,3,3,1,47.6
81,82,59,3,2,4,1,47.6
81,80,65,3,2,1,1,47.6
39,72,56,3,3,2,1,47.6
39,73,20,3,3,2,1,47.6
39,74,50,3,3,1,1,47.6
39,76,38,3,3,1,1,47.6
81,79,71,3,2,0,1,47.6
81,78,74,3,2,1,1,47.6
81,77,62,3,2,1,1,47.6
81,76,68,3,2,1,1,47.6
39,78,35,3,3,1,1,47.6
39,79,47,3,3,2,1,47.6
39,80,41,3,3,2,1,47.6
81,75,56,3,2,1,1,47.6
39,82,44,3,3,4,1,47.6
39,84,0,3,3,3,1,47.6
39,86,32,3,3,3,1,47.6
39,92,29,3,3,4,1,47.6
39,93,23,3,3,3,1,47.6
39,99,26,3,3,4,1,47.6
40,0,26,3,1,4,1,47.6
40,1,38,3,1,2,1,47.6
40,6,20,3,1,2,1,47.6
40,7,2,3,1,3,1,47.6
40,8,17,3,1,4,1,47.6
81,74,53,3,2,1,1,47.6
40,10,8,3,1,4,1,47.6
40,11,5,3,1,4,1,47.6
40,14,77,3,1,3,1,47.6
40,15,20,3,2,2,1,47.6
40,16,59,3,2,2,1,47.6
81,73,14,3,2,2,1,47.6
40,17,5,3,2,3,1,47.6
40,18,77,3,2,4,1,47.6
40,20,38,3,2,3,1,47.6
81,69,5,3,2,0,1,47.6
40,22,68,3,2,3,1,47.6
40,23,74,3,2,4,1,47.6
40,24,65,3,2,4,1,47.6
81,66,41,3,2,1,1,47.6
40,25,56,3,2,2,1,47.6
40,26,71,3,2,4,1,47.6
40,27,62,3,2,4,1,47.6
81,63,50,3,2,1,1,47.6
40,28,50,3,2,4,1,47.6
40,29,53,3,2,4,1,47.6
81,61,44,3,2,2,1,47.6
40,30,17,3,2,2,1,47.6
40,32,14,3,2,3,1,47.6
40,34,44,3,2,2,1,47.6
81,60,38,3,2,1,1,47.6
81,59,47,3,2,2,1,47.6
81,53,11,3,2,1,1,47.6
40,39,47,3,2,4,1,47.6
81,52,2,3,2,1,1,47.6
40,41,41,3,2,1,1,47.6
40,42,35,3,2,2,1,47.6
40,43,32,3,2,2,1,47.6
40,44,23,3,2,1,1,47.6
81,50,35,3,2,2,1,47.6
40,45,29,3,2,2,1,47.6
40,46,26,3,2,1,1,47.6
81,49,32,3,2,1,1,47.6
40,47,11,3,2,2,1,47.6
40,48,8,3,2,1,1,47.6
40,49,2,3,2,1,1,47.6
40,50,77,3,3,1,1,47.6
81,48,23,3,2,1,1,47.6
40,54,68,3,3,0,1,47.6
40,55,74,3,3,0,1,47.6
40,56,59,3,3,2,1,47.6
40,57,71,3,3,1,1,47.6
81,47,29,3,2,2,1,47.6
81,45,26,3,2,2,1,47.6
40,58,65,3,3,2,1,47.6
81,44,17,3,2,1,1,47.6
40,60,62,3,3,1,1,47.6
40,61,56,3,3,2,1,47.6
81,42,20,3,2,2,1,47.6
40,62,32,3,3,1,1,47.6
40,63,53,3,3,1,1,47.6
81,40,8,3,2,3,1,47.6
40,65,47,3,3,1,1,47.6
40,66,23,3,3,1,1,47.6
81,39,17,3,3,3,1,47.6
40,67,50,3,3,2,1,47.6
40,70,44,3,3,1,1,47.6
81,38,77,3,3,4,1,47.6
40,73,2,3,3,2,1,47.6
40,74,41,3,3,1,1,47.6
81,37,50,3,3,3,1,47.6
40,76,38,3,3,2,1,47.6
40,77,35,3,3,2,1,47.6
40,79,29,3,3,2,1,47.6
40,81,26,3,3,3,1,47.6
40,83,20,3,3,4,1,47.6
81,36,74,3,3,2,1,47.6
81,35,71,3,3,4,1,47.6
40,84,17,3,3,4,1,47.6
40,85,14,3,3,3,1,47.6
40,86,11,3,3,4,1,47.6
40,87,5,3,3,4,1,47.6
81,34,62,3,3,2,1,47.6
40,88,77,3,4,3,1,47.6
40,91,71,3,4,4,1,47.6
40,92,68,3,4,4,1,47.6
40,94,65,3,4,4,1,47.6
81,33,59,3,3,4,1,47.6
81,32,8,3,3,3,1,47.6
40,95,59,3,4,4,1,47.6
40,96,53,3,4,3,1,47.6
81,30,68,3,3,3,1,47.6
81,29,65,3,3,4,1,47.6
40,98,62,3,4,4,1,47.6
81,28,47,3,3,4,1,47.6
40,99,56,3,4,4,1,47.6
81,27,56,3,3,4,1,47.6
41,0,35,3,1,3,1,47.6
41,1,68,3,1,2,1,47.6
41,2,17,3,1,3,1,47.6
41,3,29,3,1,2,1,47.6
41,4,59,3,1,4,1,47.6
41,5,56,3,1,4,1,47.6
81,26,53,3,3,4,1,47.6
41,6,44,3,1,2,1,47.6
81,21,44,3,3,4,1,47.6
41,7,77,3,1,4,1,47.6
81,20,32,3,3,3,1,47.6
81,19,41,3,3,4,1,47.6
41,8,47,3,1,4,1,47.6
41,9,38,3,1,3,1,47.6
81,16,23,3,3,2,1,47.6
41,10,32,3,1,4,1,47.6
41,11,26,3,1,4,1,47.6
81,15,14,3,3,2,1,47.6
81,14,20,3,3,2,1,47.6
41,12,23,3,1,3,1,47.6
81,13,38,3,3,3,1,47.6
81,10,35,3,3,4,1,47.6
81,9,29,3,3,3,1,47.6
41,13,20,3,1,3,1,47.6
81,7,11,3,3,4,1,47.6
81,6,5,3,3,2,1,47.6
81,4,2,3,3,4,1,47.6
41,15,8,3,1,2,1,47.6
41,16,5,3,1,2,1,47.6
81,3,26,3,4,2,1,47.6
41,17,14,3,1,4,1,47.6
41,18,11,3,1,4,1,47.6
41,19,2,3,1,4,1,47.6
41,20,29,3,2,3,1,47.6
41,21,77,3,2,4,1,47.6
41,22,56,3,2,3,1,47.6
81,1,53,3,4,2,1,47.6
81,0,74,3,4,4,1,47.6
41,23,6,3,2,3,1,47.6
80,97,71,3,2,4,1,47.6
41,24,62,3,2,4,1,47.6
41,25,47,3,2,2,1,47.6
41,28,74,3,2,4,1,47.6
41,29,71,3,2,4,1,47.6
41,30,65,3,2,3,1,47.6
41,31,68,3,2,3,1,47.6
80,96,68,3,2,3,1,47.6
80,94,53,3,2,4,1,47.6
80,93,77,3,1,4,1,47.6
41,32,3,3,2,3,1,47.6
80,92,65,3,2,4,1,47.6
80,88,62,3,2,3,1,47.6
41,33,53,3,2,4,1,47.6
41,34,50,3,2,2,1,47.6
80,87,77,3,2,4,1,47.6
41,35,59,3,2,4,1,47.6
41,37,35,3,2,3,1,47.6
80,86,50,3,2,3,1,47.6
41,39,14,3,2,3,1,47.6
41,40,44,3,2,4,1,47.6
41,42,38,3,2,2,1,47.6
80,84,74,3,2,4,1,47.6
80,82,47,3,2,4,1,47.6
41,44,11,3,2,1,1,47.6
41,45,32,3,2,2,1,47.6
41,47,26,3,2,2,1,47.6
80,79,38,3,2,1,1,47.6
80,78,35,3,2,2,1,47.6
41,49,23,3,2,1,1,47.6
41,50,20,3,2,2,1,47.6
41,51,41,3,2,2,1,47.6
80,75,17,3,2,1,1,47.6
41,52,17,3,2,2,1,47.6
41,53,0,3,2,1,1,47.6
80,74,29,3,2,1,1,47.6
80,73,8,3,2,2,1,47.6
80,69,32,3,2,1,1,47.6
41,54,77,3,3,0,1,47.6
41,55,74,3,3,1,1,47.6
41,56,41,3,3,2,1,47.6
41,57,68,3,3,1,1,47.6
80,64,11,3,2,1,1,47.6
80,63,5,3,2,1,1,47.6
41,58,71,3,3,2,1,47.6
41,59,65,3,3,2,1,47.6
41,60,59,3,3,1,1,47.6
80,62,2,3,2,2,1,47.6
41,61,53,3,3,2,1,47.6
41,63,56,3,3,1,1,47.6
41,65,44,3,3,1,1,47.6
80,60,77,3,3,1,1,47.6
41,66,14,3,3,1,1,47.6
41,67,62,3,3,2,1,47.6
41,68,50,3,3,1,1,47.6
80,59,74,3,3,2,1,47.6
41,69,47,3,3,1,1,47.6
41,70,35,3,3,1,1,47.6
41,71,38,3,3,3,1,47.6
80,58,68,3,3,2,1,47.6
41,72,20,3,3,2,1,47.6
41,73,32,3,3,3,1,47.6
41,74,26,3,3,1,1,47.6
41,75,23,3,3,1,1,47.6
41,76,17,3,3,2,1,47.6
41,77,29,3,3,2,1,47.6
41,80,11,3,3,3,1,47.6
41,83,8,3,3,4,1,47.6
41,85,2,3,3,3,1,47.6
80,53,71,3,3,1,1,47.6
80,50,65,3,3,2,1,47.6
41,86,5,3,3,4,1,47.6
41,88,71,3,4,3,1,47.6
41,90,47,3,4,3,1,47.6
41,92,62,3,4,4,1,47.6
41,93,68,3,4,4,1,47.6
41,95,56,3,4,4,1,47.6
41,97,59,3,4,4,1,47.6
41,98,65,3,4,4,1,47.6
41,99,53,3,4,4,1,47.6
80,49,35,3,3,1,1,47.6
80,48,44,3,3,1,1,47.6
42,2,74,3,2,4,1,47.6
42,9,77,3,0,4,1,47.6
42,10,65,3,2,4,1,47.6
42,13,77,3,1,4,1,47.6
80,47,62,3,3,2,1,47.6
42,15,17,3,2,2,1,47.6
80,46,50,3,3,1,1,47.6
80,44,5,3,3,1,1,47.6
80,43,59,3,3,2,1,47.6
42,16,32,3,2,2,1,47.6
80,42,56,3,3,2,1,47.6
80,41,41,3,3,4,1,47.6
42,20,23,3,2,3,1,47.6
42,24,59,3,2,4,1,47.6
42,26,77,3,2,4,1,47.6
42,29,68,3,2,4,1,47.6
80,37,32,3,3,3,1,47.6
42,34,53,3,2,2,1,47.6
80,36,53,3,3,2,1,47.6
42,41,11,3,2,4,1,47.6
80,35,47,3,3,4,1,47.6
80,34,38,3,3,2,1,47.6
80,33,29,3,3,4,1,47.6
42,48,74,3,3,1,1,47.6
42,49,71,3,3,1,1,47.6
80,32,0,3,3,3,1,47.6
42,52,77,3,3,1,1,47.6
80,30,26,3,3,3,1,47.6
80,28,23,3,3,4,1,47.6
80,26,20,3,3,4,1,47.6
80,19,17,3,3,4,1,47.6
42,57,65,3,3,1,1,47.6
80,18,14,3,3,4,1,47.6
80,14,8,3,3,3,1,47.6
42,60,53,3,3,1,1,47.6
42,69,68,3,3,1,1,47.6
42,70,50,3,3,1,1,47.6
80,12,56,3,4,3,1,47.6
42,75,44,3,3,1,1,47.6
42,83,47,3,3,4,1,47.6
42,84,62,3,3,4,1,47.6
42,92,56,3,3,4,1,47.6
80,11,62,3,4,4,1,47.6
42,98,59,3,3,4,1,47.6
80,7,74,3,4,4,1,47.6
80,6,71,3,4,2,1,47.6
80,4,68,3,4,4,1,47.6
42,99,41,3,3,4,1,47.6
80,2,65,3,4,4,1,47.6
80,1,50,3,4,2,1,47.6
79,96,71,3,1,3,1,47.6
79,95,68,3,2,4,1,47.6
79,93,65,3,1,4,1,47.6
43,1,65,3,1,3,1,47.6
43,5,53,3,2,4,1,47.6
43,15,2,3,2,2,1,47.6
79,90,77,3,1,4,1,47.6
43,28,71,3,2,4,1,47.6
43,29,77,3,2,4,1,47.6
43,39,74,3,2,4,1,47.6
43,72,62,3,2,1,1,47.6
43,76,65,3,2,1,1,47.6
43,87,56,3,2,4,1,47.6
43,95,50,3,2,4,1,47.6
44,0,68,3,1,4,1,47.6
44,1,77,3,1,3,1,47.6
44,2,71,3,1,4,1,47.6
79,89,62,3,1,4,1,47.6
44,3,23,3,2,2,1,47.6
79,88,74,3,1,4,1,47.6
44,4,71,3,2,4,1,47.6
44,6,65,3,2,2,1,47.6
44,7,68,3,2,4,1,47.6
44,8,62,3,2,4,1,47.6
79,75,77,3,2,0,1,47.6
44,9,56,3,2,3,1,47.6
44,10,59,3,2,4,1,47.6
44,11,47,3,2,4,1,47.6
44,12,50,3,2,3,1,47.6
44,15,5,3,2,2,1,47.6
44,16,44,3,2,2,1,47.6
79,73,71,3,2,1,1,47.6
79,70,74,3,2,1,1,47.6
79,65,65,3,2,1,1,47.6
79,58,62,3,2,2,1,47.6
79,56,35,3,2,2,1,47.6
44,17,53,3,2,4,1,47.6
44,19,38,3,2,4,1,47.6
44,20,9,3,2,3,1,47.6
44,21,41,3,2,4,1,47.6
44,22,35,3,2,3,1,47.6
79,45,20,3,2,2,1,47.6
79,38,59,3,2,4,1,47.6
79,35,56,3,2,4,1,47.6
79,33,50,3,2,4,1,47.6
44,23,77,3,2,4,1,47.6
79,31,41,3,2,3,1,47.6
79,30,53,3,2,3,1,47.6
44,26,74,3,2,4,1,47.6
44,27,32,3,2,4,1,47.6
44,31,29,3,2,3,1,47.6
79,27,44,3,2,4,1,47.6
44,34,20,3,2,2,1,47.6
79,26,38,3,2,4,1,47.6
44,35,26,3,2,4,1,47.6
79,25,8,3,2,2,1,47.6
79,23,26,3,2,4,1,47.6
44,36,17,3,2,2,1,47.6
44,37,14,3,2,3,1,47.6
44,39,2,3,2,4,1,47.6
79,22,5,3,2,3,1,47.6
44,40,74,3,3,4,1,47.6
44,41,77,3,3,4,1,47.6
44,42,38,3,3,3,1,47.6
44,43,68,3,3,2,1,47.6
44,45,71,3,3,0,1,47.6
79,20,17,3,2,4,1,47.6
79,17,71,3,3,4,1,47.6
79,9,35,3,3,3,1,47.6
79,1,47,3,3,2,1,47.6
44,47,65,3,3,2,1,47.6
44,50,53,3,3,2,1,47.6
44,54,62,3,3,2,1,47.6
44,55,50,3,3,2,1,47.6
78,99,71,3,0,4,1,47.6
78,97,23,3,1,4,1,47.6
44,58,59,3,3,2,1,47.6
44,59,34,3,3,2,1,47.6
44,60,44,3,3,1,1,47.6
44,62,23,3,3,1,1,47.6
44,63,47,3,3,1,1,47.6
44,64,56,3,3,1,1,47.6
44,65,41,3,3,1,1,47.6
78,96,71,3,1,4,1,47.6
44,66,31,3,3,2,1,47.6
78,91,68,3,2,4,1,47.6
44,67,28,3,3,2,1,47.6
78,89,77,3,2,4,1,47.6
44,68,17,3,3,1,1,47.6
78,85,59,3,2,3,1,47.6
44,70,20,3,3,2,1,47.6
44,72,8,3,3,2,1,47.6
44,73,14,3,3,3,1,47.6
44,74,11,3,3,1,1,47.6
78,80,53,3,2,4,1,47.6
78,74,74,3,2,1,1,47.6
44,75,5,3,3,2,1,47.6
78,73,71,3,2,2,1,47.6
78,71,65,3,2,3,1,47.6
78,69,62,3,2,1,1,47.6
44,76,2,3,3,2,1,47.6
78,67,47,3,2,2,1,47.6
78,66,50,3,2,2,1,47.6
78,65,38,3,2,1,1,47.6
44,77,77,3,4,1,1,47.6
78,55,44,3,2,2,1,47.6
44,80,59,3,4,4,1,47.6
44,81,71,3,4,4,1,47.6
44,82,56,3,4,4,1,47.6
78,51,23,3,2,2,1,47.6
78,50,26,3,2,2,1,47.6
78,47,17,3,2,2,1,47.6
78,46,41,3,2,1,1,47.6
44,84,68,3,4,4,1,47.6
44,86,62,3,4,3,1,47.6
78,43,32,3,2,3,1,47.6
44,87,50,3,4,4,1,47.6
44,88,65,3,4,3,1,47.6
78,39,8,3,2,4,1,47.6
44,90,44,3,4,3,1,47.6
44,91,47,3,4,4,1,47.6
44,92,53,3,4,4,1,47.6
44,93,41,3,4,4,1,47.6
44,94,38,3,4,4,1,47.6
44,95,35,3,4,4,1,47.6
78,36,2,3,2,2,1,47.6
78,30,77,3,3,3,1,47.6
44,96,32,3,4,3,1,47.6
78,29,62,3,3,4,1,47.6
44,98,29,3,4,4,1,47.6
78,27,74,3,3,4,1,47.6
45,2,47,3,2,4,1,47.6
45,5,23,3,2,4,1,47.6
45,9,74,3,0,4,1,47.6
45,11,17,3,2,4,1,47.6
78,19,71,3,3,4,1,47.6
45,15,77,3,1,3,1,47.6
78,16,50,3,3,2,1,47.6
45,16,74,3,1,3,1,47.6
45,21,71,3,1,4,1,47.6
45,22,14,3,2,3,1,47.6
45,31,74,3,2,3,1,47.6
78,15,68,3,3,3,1,47.6
78,12,47,3,3,3,1,47.6
45,35,8,3,2,4,1,47.6
45,36,71,3,2,2,1,47.6
45,37,77,3,2,4,1,47.6
78,11,59,3,3,4,1,47.6
45,39,5,3,3,3,1,47.6
45,41,2,3,2,4,1,47.6
45,51,77,3,3,0,1,47.6
45,53,74,3,3,1,1,47.6
45,57,47,3,3,1,1,47.6
45,64,71,3,3,1,1,47.6
78,7,65,3,3,4,1,47.6
77,99,65,3,1,4,1,47.6
45,71,50,3,3,3,1,47.6
45,74,44,3,3,1,1,47.6
45,75,41,3,3,1,1,47.6
77,92,71,3,1,4,1,47.6
45,80,38,3,3,4,1,47.6
45,81,35,3,3,4,1,47.6
45,84,32,3,3,4,1,47.6
77,91,44,3,1,4,1,47.6
45,86,23,3,3,3,1,47.6
77,90,38,3,1,3,1,47.6
77,86,47,3,1,3,1,47.6
45,89,29,3,3,4,1,47.6
45,92,26,3,3,4,1,47.6
45,97,20,3,3,4,1,47.6
45,98,17,3,3,4,1,47.6
77,84,56,3,1,4,1,47.6
77,82,53,3,2,4,1,47.6
46,5,47,3,1,4,1,47.6
46,7,71,3,1,4,1,47.6
46,9,32,3,1,3,1,47.6
46,10,38,3,1,4,1,47.6
77,78,74,3,1,4,1,47.6
46,13,65,3,1,3,1,47.6
77,75,74,3,2,0,1,47.6
46,14,23,3,1,2,1,47.6
77,72,77,3,2,1,1,47.6
77,70,71,3,2,2,1,47.6
77,68,68,3,2,1,1,47.6
46,17,68,3,1,4,1,47.6
46,18,74,3,1,4,1,47.6
77,67,65,3,2,2,1,47.6
46,19,35,3,1,4,1,47.6
77,66,62,3,2,2,1,47.6
77,65,59,3,2,1,1,47.6
46,20,77,3,1,4,1,47.6
46,22,44,3,1,3,1,47.6
77,64,50,3,2,1,1,47.6
77,63,44,3,2,1,1,47.6
77,61,41,3,2,2,1,47.6
46,26,29,3,1,4,1,47.6
77,59,20,3,2,2,1,47.6
46,30,17,3,1,3,1,47.6
46,34,20,3,1,3,1,47.6
46,36,68,3,2,2,1,47.6
77,58,56,3,2,2,1,47.6
46,41,74,3,2,4,1,47.6
46,42,35,3,2,3,1,47.6
46,43,47,3,2,2,1,47.6
46,47,71,3,2,2,1,47.6
46,50,77,3,2,2,1,47.6
46,61,32,3,2,2,1,47.6
77,54,47,3,2,2,1,47.6
46,65,56,3,2,1,1,47.6
77,53,38,3,2,1,1,47.6
77,52,14,3,2,1,1,47.6
77,51,11,3,2,2,1,47.6
46,67,59,3,2,2,1,47.6
77,50,2,3,2,2,1,47.6
46,69,65,3,2,1,1,47.6
77,49,32,3,2,2,1,47.6
77,47,74,3,3,2,1,47.6
46,70,29,3,2,1,1,47.6
46,73,62,3,2,3,1,47.6
77,46,53,3,3,2,1,47.6
46,75,26,3,2,1,1,47.6
77,45,9,3,3,3,1,47.6
46,91,50,3,2,4,1,47.6
77,44,26,3,3,4,1,47.6
77,43,44,3,3,2,1,47.6
77,42,32,3,3,3,1,47.6
77,40,50,3,3,4,1,47.6
77,39,77,3,3,4,1,47.6
47,5,59,3,2,4,1,47.6
47,9,20,3,2,3,1,47.6
47,13,53,3,2,3,1,47.6
77,38,62,3,3,4,1,47.6
47,16,2,3,2,2,1,47.6
47,17,56,3,2,4,1,47.6
47,19,68,3,2,4,1,47.6
77,36,65,3,3,2,1,47.6
47,26,14,3,2,4,1,47.6
77,35,68,3,3,4,1,47.6
47,27,5,3,2,4,1,47.6
47,30,74,3,3,3,1,47.6
47,34,41,3,3,2,1,47.6
47,38,56,3,3,4,1,47.6
77,33,41,3,3,4,1,47.6
47,41,50,3,3,4,1,47.6
47,49,20,3,3,1,1,47.6
77,32,71,3,3,4,1,47.6
47,52,71,3,3,0,1,47.6
77,31,56,3,3,3,1,47.6
77,30,59,3,3,3,1,47.6
47,57,62,3,3,1,1,47.6
47,63,38,3,3,1,1,47.6
47,64,77,3,3,0,1,47.6
47,66,68,3,3,2,1,47.6
47,76,65,3,3,2,1,47.6
47,82,33,3,3,4,1,47.6
47,84,59,3,3,4,1,47.6
47,85,47,3,3,3,1,47.6
47,88,44,3,3,3,1,47.6
47,90,17,3,3,3,1,47.6
47,99,30,3,3,4,1,47.6
77,29,47,3,3,4,1,47.6
77,28,38,3,3,4,1,47.6
48,0,41,3,1,4,1,47.6
48,2,68,3,1,4,1,47.6
48,3,20,3,1,2,1,47.6
48,4,17,3,1,4,1,47.6
48,5,38,3,1,4,1,47.6
48,6,14,3,1,2,1,47.6
48,7,5,3,1,4,1,47.6
48,8,2,3,1,4,1,47.6
48,9,26,3,2,3,1,47.6
77,27,35,3,3,4,1,47.6
48,10,62,3,2,4,1,47.6
77,26,23,3,3,4,1,47.6
77,25,20,3,3,2,1,47.6
77,24,29,3,3,4,1,47.6
77,21,17,3,3,4,1,47.6
77,20,6,3,3,3,1,47.6
77,19,14,3,3,4,1,47.6
77,18,3,3,3,4,1,47.6
77,17,0,3,3,4,1,47.6
48,13,50,3,2,3,1,47.6
48,14,17,3,2,2,1,47.6
77,16,47,3,4,2,1,47.6
48,15,74,3,2,3,1,47.6
77,14,14,3,4,2,1,47.6
77,13,44,3,4,3,1,47.6
48,19,65,3,2,4,1,47.6
77,11,56,3,4,4,1,47.6
77,9,23,3,4,3,1,47.6
77,8,71,3,4,4,1,47.6
48,20,3,3,2,3,1,47.6
77,6,53,3,4,2,1,47.6
48,22,53,3,2,3,1,47.6
48,23,71,3,2,4,1,47.6
48,25,44,3,2,2,1,47.6
48,26,68,3,2,4,1,47.6
48,27,77,3,2,4,1,47.6
77,1,41,3,4,2,1,47.6
77,0,65,3,4,4,1,47.6
48,28,59,3,2,4,1,47.6
48,31,47,3,2,3,1,47.6
48,32,56,3,2,4,1,47.6
76,97,56,3,1,4,1,47.6
48,33,38,3,2,4,1,47.6
48,35,41,3,2,4,1,47.6
76,96,74,3,0,4,1,47.6
48,36,35,3,2,2,1,47.6
48,40,32,3,2,4,1,47.6
48,41,29,3,2,4,1,47.6
48,42,23,3,2,3,1,47.6
48,44,20,3,2,4,1,47.6
48,46,14,3,2,2,1,47.6
48,49,8,3,2,1,1,47.6
48,50,11,3,2,3,1,47.6
48,51,0,3,2,2,1,47.6
76,94,56,3,2,4,1,47.6
76,91,62,3,2,4,1,47.6
48,52,74,3,3,0,1,47.6
76,90,74,3,1,4,1,47.6
48,53,77,3,3,1,1,47.6
48,54,71,3,3,1,1,47.6
76,86,77,3,1,3,1,47.6
48,58,53,3,3,2,1,47.6
76,84,77,3,2,4,1,47.6
76,82,50,3,2,4,1,47.6
48,59,68,3,3,2,1,47.6
48,60,65,3,3,1,1,47.6
48,61,35,3,3,2,1,47.6
48,62,62,3,3,1,1,47.6
48,63,41,3,3,1,1,47.6
48,64,59,3,3,1,1,47.6
76,81,68,3,2,4,1,47.6
76,80,47,3,2,4,1,47.6
48,65,29,3,3,1,1,47.6
76,79,74,3,2,3,1,47.6
76,78,53,3,2,3,1,47.6
48,66,56,3,3,2,1,47.6
76,74,71,3,2,1,1,47.6
48,67,44,3,3,2,1,47.6
48,69,50,3,3,1,1,47.6
48,70,47,3,3,2,1,47.6
48,72,38,3,3,2,1,47.6
48,73,26,3,3,3,1,47.6
48,74,23,3,3,1,1,47.6
48,75,14,3,3,1,1,47.6
76,73,59,3,2,3,1,47.6
48,76,20,3,3,2,1,47.6
76,70,44,3,2,2,1,47.6
76,69,41,3,2,1,1,47.6
48,77,32,3,3,4,1,47.6
48,79,17,3,3,3,1,47.6
48,80,11,3,3,4,1,47.6
48,81,8,3,3,4,1,47.6
48,82,5,3,3,4,1,47.6
76,67,35,3,2,2,1,47.6
48,84,2,3,3,4,1,47.6
76,66,27,3,2,2,1,47.6
76,63,24,3,2,2,1,47.6
76,62,8,3,2,1,1,47.6
76,60,11,3,2,1,1,47.6
48,85,56,3,4,3,1,47.6
48,86,68,3,4,3,1,47.6
48,87,62,3,4,4,1,47.6
48,88,47,3,4,3,1,47.6
76,59,14,3,2,3,1,47.6
76,48,5,3,2,4,1,47.6
48,90,41,3,4,3,1,47.6
76,47,53,3,3,3,1,47.6
48,91,65,3,4,4,1,47.6
48,94,44,3,4,4,1,47.6
48,96,59,3,4,3,1,47.6
76,46,44,3,3,2,1,47.6
48,99,50,3,4,4,1,47.6
49,8,14,3,1,4,1,47.6
49,11,44,3,2,4,1,47.6
76,45,2,3,3,3,1,47.6
76,43,41,3,3,2,1,47.6
49,12,17,3,1,3,1,47.6
49,17,5,3,1,4,1,47.6
49,27,71,3,2,4,1,47.6
49,28,68,3,2,4,1,47.6
49,31,74,3,1,4,1,47.6
76,42,29,3,3,3,1,47.6
76,41,38,3,3,4,1,47.6
76,40,47,3,3,4,1,47.6
49,32,77,3,2,4,1,47.6
49,34,35,3,2,2,1,47.6
76,39,71,3,3,4,1,47.6
49,46,41,3,2,2,1,47.6
76,37,26,3,3,3,1,47.6
49,63,2,3,2,1,1,47.6
49,66,74,3,2,2,1,47.6
49,75,8,3,2,1,1,47.6
49,84,65,3,2,4,1,47.6
49,94,29,3,2,4,1,47.6
76,36,62,3,3,2,1,47.6
49,97,62,3,2,4,1,47.6
49,99,59,3,2,4,1,47.6
50,1,71,3,1,3,1,47.6
76,35,65,3,3,4,1,47.6
50,7,50,3,2,4,1,47.6
50,19,47,3,2,4,1,47.6
50,30,71,3,2,3,1,47.6
50,34,29,3,2,2,1,47.6
50,37,23,3,2,3,1,47.6
50,55,74,3,2,2,1,47.6
76,34,32,3,3,2,1,47.6
76,33,77,3,3,4,1,47.6
76,32,74,3,3,4,1,47.6
76,31,50,3,3,3,1,47.6
50,65,68,3,2,1,1,47.6
50,70,38,3,2,2,1,47.6
76,30,56,3,3,3,1,47.6
50,84,44,3,2,4,1,47.6
76,28,35,3,3,4,1,47.6
50,86,14,3,2,3,1,47.6
50,96,8,3,2,4,1,47.6
51,6,77,3,1,3,1,47.6
51,8,68,3,2,4,1,47.6
51,13,47,3,2,3,1,47.6
76,27,68,3,3,4,1,47.6
76,26,59,3,3,4,1,47.6
51,16,20,3,2,2,1,47.6
51,22,50,3,2,3,1,47.6
76,25,23,3,3,2,1,47.6
51,25,35,3,2,2,1,47.6
51,28,65,3,2,4,1,47.6
76,24,20,3,3,4,1,47.6
51,29,56,3,2,4,1,47.6
51,38,53,3,2,4,1,47.6
76,21,14,3,3,4,1,47.6
51,41,44,3,3,4,1,47.6
76,18,5,3,3,3,1,47.6
51,42,77,3,2,4,1,47.6
76,16,17,3,3,2,1,47.6
76,15,11,3,3,3,1,47.6
76,13,8,3,3,3,1,47.6
51,48,74,3,2,4,1,47.6
76,12,44,3,4,3,1,47.6
51,50,71,3,2,3,1,47.6
51,53,38,3,2,2,1,47.6
51,56,29,3,2,2,1,47.6
76,9,17,3,4,3,1,47.6
51,61,77,3,3,1,1,47.6
76,8,65,3,4,4,1,47.6
76,7,62,3,4,4,1,47.6
76,6,56,3,4,2,1,47.6
76,1,35,3,4,2,1,47.6
76,0,59,3,4,4,1,47.6
75,98,35,3,1,4,1,47.6
51,62,74,3,3,1,1,47.6
75,95,53,3,2,4,1,47.6
51,68,71,3,3,1,1,47.6
51,69,59,3,3,1,1,47.6
75,94,41,3,2,4,1,47.6
75,93,62,3,2,4,1,47.6
51,72,68,3,3,2,1,47.6
51,78,56,3,3,3,1,47.6
51,80,41,3,3,4,1,47.6
51,83,50,3,3,4,1,47.6
51,84,53,3,3,4,1,47.6
51,87,35,3,3,4,1,47.6
51,89,65,3,3,4,1,47.6
75,92,50,3,2,4,1,47.6
75,90,20,3,2,3,1,47.6
75,89,71,3,2,4,1,47.6
51,94,32,3,3,4,1,47.6
51,96,38,3,3,3,1,47.6
51,98,47,3,3,4,1,47.6
52,1,5,3,1,2,1,47.6
75,88,77,3,1,4,1,47.6
52,2,62,3,2,4,1,47.6
52,4,56,3,2,4,1,47.6
75,87,59,3,2,4,1,47.6
52,5,50,3,2,4,1,47.6
75,86,74,3,1,4,1,47.6
52,6,74,3,1,3,1,47.6
52,7,59,3,2,4,1,47.6
75,84,47,3,2,4,1,47.6
52,8,53,3,2,4,1,47.6
52,10,47,3,2,4,1,47.6
75,82,30,3,2,4,1,47.6
52,11,41,3,2,4,1,47.6
75,79,77,3,2,3,1,47.6
52,12,71,3,1,4,1,47.6
75,78,44,3,2,3,1,47.6
52,13,35,3,2,3,1,47.6
52,14,11,3,2,2,1,47.6
75,77,74,3,2,4,1,47.6
75,76,68,3,2,4,1,47.6
52,15,71,3,2,3,1,47.6
52,16,26,3,2,2,1,47.6
52,17,65,3,2,4,1,47.6
75,73,65,3,2,3,1,47.6
75,71,56,3,2,3,1,47.6
52,18,68,3,2,4,1,47.6
75,70,35,3,2,2,1,47.6
52,20,0,3,2,3,1,47.6
75,69,38,3,2,1,1,47.6
75,68,27,3,2,1,1,47.6
52,21,38,3,2,4,1,47.6
52,22,32,3,2,3,1,47.6
75,66,24,3,2,2,1,47.6
52,23,44,3,2,4,1,47.6
75,65,14,3,2,1,1,47.6
75,64,17,3,2,1,1,47.6
52,24,23,3,2,4,1,47.6
52,25,5,3,2,2,1,47.6
75,62,11,3,2,2,1,47.6
52,26,8,3,2,4,1,47.6
52,28,20,3,2,4,1,47.6
75,61,2,3,2,3,1,47.6
75,60,8,3,2,1,1,47.6
52,29,29,3,2,4,1,47.6
75,58,77,3,3,0,1,47.6
52,31,77,3,2,4,1,47.6
75,57,74,3,3,1,1,47.6
75,56,23,3,3,2,1,47.6
75,55,71,3,3,2,1,47.6
52,32,14,3,2,4,1,47.6
75,54,68,3,3,1,1,47.6
52,34,74,3,2,3,1,47.6
52,35,62,3,3,4,1,47.6
52,38,50,3,3,4,1,47.6
52,39,68,3,3,4,1,47.6
52,40,41,3,3,4,1,47.6
75,53,65,3,3,1,1,47.6
75,50,17,3,3,2,1,47.6
75,49,56,3,3,2,1,47.6
52,41,35,3,3,4,1,47.6
75,46,38,3,3,2,1,47.6
52,45,77,3,3,4,1,47.6
52,46,23,3,3,2,1,47.6
52,49,53,3,3,2,1,47.6
52,50,74,3,3,3,1,47.6
52,53,56,3,3,1,1,47.6
52,54,71,3,3,2,1,47.6
52,56,14,3,3,2,1,47.6
52,57,59,3,3,1,1,47.6
75,44,14,3,3,4,1,47.6
52,58,47,3,3,2,1,47.6
52,60,32,3,3,1,1,47.6
75,43,35,3,3,2,1,47.6
75,42,26,3,3,3,1,47.6
75,40,29,3,3,4,1,47.6
52,61,26,3,3,2,1,47.6
52,62,20,3,3,1,1,47.6
52,63,65,3,3,2,1,47.6
75,39,62,3,3,4,1,47.6
52,64,44,3,3,1,1,47.6
52,65,11,3,3,1,1,47.6
52,66,38,3,3,2,1,47.6
52,67,17,3,3,2,1,47.6
52,68,8,3,3,1,1,47.6
75,38,47,3,3,4,1,47.6
52,70,29,3,3,2,1,47.6
52,74,5,3,3,1,1,47.6
75,36,59,3,3,2,1,47.6
52,75,2,3,3,3,1,47.6
52,76,77,3,4,4,1,47.6
52,77,68,3,4,4,1,47.6
75,35,53,3,3,4,1,47.6
52,78,41,3,4,3,1,47.6
52,81,65,3,4,4,1,47.6
75,33,44,3,3,4,1,47.6
75,32,50,3,3,4,1,47.6
52,82,27,3,4,4,1,47.6
52,83,44,3,4,4,1,47.6
52,84,71,3,4,4,1,47.6
52,85,38,3,4,3,1,47.6
75,31,32,3,3,3,1,47.6
52,86,59,3,4,3,1,47.6
52,87,32,3,4,4,1,47.6
75,30,41,3,3,3,1,47.6
52,88,56,3,4,3,1,47.6
75,26,11,3,3,4,1,47.6
52,89,53,3,4,4,1,47.6
52,90,8,3,4,3,1,47.6
52,91,35,3,4,4,1,47.6
52,93,50,3,4,4,1,47.6
75,25,20,3,3,3,1,47.6
52,95,23,3,4,4,1,47.6
75,24,8,3,3,4,1,47.6
52,96,20,3,4,3,1,47.6
75,23,5,3,3,4,1,47.6
52,97,47,3,4,4,1,47.6
75,20,74,3,4,4,1,47.6
52,98,14,3,4,4,1,47.6
75,19,62,3,4,4,1,47.6
53,0,53,3,1,4,1,47.6
75,17,59,3,4,4,1,47.6
53,1,44,3,1,2,1,47.6
53,2,50,3,1,4,1,47.6
53,3,5,3,1,2,1,47.6
53,4,41,3,1,4,1,47.6
53,5,44,3,2,4,1,47.6
75,15,65,3,4,3,1,47.6
53,6,68,3,1,3,1,47.6
53,7,56,3,2,4,1,47.6
75,14,2,3,4,2,1,47.6
53,8,59,3,2,4,1,47.6
75,13,41,3,4,3,1,47.6
53,9,62,3,1,4,1,47.6
53,10,50,3,2,4,1,47.6
53,11,35,3,2,4,1,47.6
53,12,32,3,2,3,1,47.6
53,14,74,3,2,3,1,47.6
53,18,65,3,2,4,1,47.6
75,12,38,3,4,3,1,47.6
53,19,53,3,2,4,1,47.6
75,11,32,3,4,4,1,47.6
75,10,29,3,4,4,1,47.6
53,20,71,3,2,4,1,47.6
75,9,14,3,4,3,1,47.6
75,8,50,3,4,4,1,47.6
53,21,68,3,2,4,1,47.6
75,7,53,3,4,4,1,47.6
53,26,62,3,2,4,1,47.6
53,27,47,3,2,4,1,47.6
53,28,41,3,2,4,1,47.6
53,29,26,3,2,4,1,47.6
53,30,29,3,2,3,1,47.6
53,31,20,3,2,3,1,47.6
53,32,23,3,2,4,1,47.6
53,34,14,3,2,2,1,47.6
53,35,17,3,2,4,1,47.6
53,36,11,3,2,2,1,47.6
53,37,8,3,2,3,1,47.6
53,38,2,3,2,4,1,47.6
75,6,35,3,4,2,1,47.6
75,4,47,3,4,4,1,47.6
75,0,56,3,4,4,1,47.6
53,39,5,3,2,4,1,47.6
53,40,38,3,3,4,1,47.6
53,41,32,3,3,4,1,47.6
74,99,38,3,1,4,1,47.6
53,43,77,3,2,3,1,47.6
53,44,74,3,3,4,1,47.6
53,45,71,3,3,4,1,47.6
74,98,8,3,1,4,1,47.6
74,97,17,3,1,4,1,47.6
74,96,2,3,1,3,1,47.6
53,46,20,3,3,2,1,47.6
74,94,35,3,2,4,1,47.6
53,47,27,3,3,3,1,47.6
53,48,77,3,3,4,1,47.6
53,49,50,3,3,2,1,47.6
53,50,68,3,3,3,1,47.6
74,93,59,3,1,4,1,47.6
74,92,47,3,2,4,1,47.6
74,91,59,3,2,4,1,47.6
74,90,65,3,1,4,1,47.6
53,51,62,3,3,3,1,47.6
74,89,56,3,1,4,1,47.6
53,54,59,3,3,2,1,47.6
53,55,65,3,3,2,1,47.6
74,87,44,3,2,4,1,47.6
53,56,8,3,3,2,1,47.6
74,85,26,3,2,3,1,47.6
74,84,50,3,2,4,1,47.6
53,57,56,3,3,1,1,47.6
53,59,24,3,3,2,1,47.6
74,82,41,3,2,4,1,47.6
74,81,77,3,2,4,1,47.6
53,60,41,3,3,1,1,47.6
53,64,53,3,3,1,1,47.6
53,67,14,3,3,2,1,47.6
74,80,32,3,2,4,1,47.6
74,79,68,3,2,3,1,47.6
53,68,47,3,3,1,1,47.6
53,69,44,3,3,1,1,47.6
53,70,17,3,3,2,1,47.6
74,78,38,3,2,3,1,47.6
53,72,35,3,3,2,1,47.6
74,76,74,3,2,4,1,47.6
53,73,11,3,3,3,1,47.6
53,74,5,3,3,2,1,47.6
74,75,71,3,2,4,1,47.6
53,75,77,3,4,4,1,47.6
74,73,56,3,2,3,1,47.6
74,72,65,3,2,2,1,47.6
53,77,2,3,3,4,1,47.6
74,70,62,3,2,2,1,47.6
53,78,35,3,4,3,1,47.6
53,79,65,3,4,3,1,47.6
74,69,53,3,2,1,1,47.6
74,68,23,3,2,1,1,47.6
53,81,62,3,4,4,1,47.6
74,67,11,3,2,2,1,47.6
74,65,20,3,2,1,1,47.6
53,83,38,3,4,4,1,47.6
74,64,29,3,2,1,1,47.6
74,62,17,3,2,1,1,47.6
74,58,14,3,2,2,1,47.6
53,84,29,3,4,4,1,47.6
53,85,44,3,4,3,1,47.6
53,86,41,3,4,3,1,47.6
74,57,8,3,2,1,1,47.6
53,88,68,3,4,3,1,47.6
53,89,59,3,4,4,1,47.6
53,90,71,3,4,4,1,47.6
53,91,32,3,4,4,1,47.6
53,93,56,3,4,4,1,47.6
53,94,23,3,4,4,1,47.6
74,56,2,3,2,2,1,47.6
53,97,53,3,4,4,1,47.6
53,98,50,3,4,4,1,47.6
74,55,77,3,3,0,1,47.6
74,54,74,3,3,1,1,47.6
74,53,47,3,3,4,1,47.6
54,0,44,3,2,4,1,47.6
54,2,56,3,2,4,1,47.6
54,4,53,3,2,4,1,47.6
54,6,77,3,1,4,1,47.6
54,8,41,3,2,4,1,47.6
54,12,35,3,2,3,1,47.6
74,51,29,3,3,3,1,47.6
74,50,65,3,3,3,1,47.6
54,13,32,3,2,3,1,47.6
54,14,68,3,2,3,1,47.6
54,15,38,3,2,3,1,47.6
54,16,8,3,2,2,1,47.6
54,17,29,3,2,4,1,47.6
74,49,38,3,3,2,1,47.6
74,48,71,3,3,4,1,47.6
54,18,23,3,2,4,1,47.6
74,47,24,3,3,3,1,47.6
74,46,17,3,3,2,1,47.6
54,19,20,3,2,4,1,47.6
74,43,21,3,3,2,1,47.6
54,20,14,3,2,4,1,47.6
54,22,11,3,2,3,1,47.6
74,42,14,3,3,3,1,47.6
74,40,35,3,3,4,1,47.6
74,39,59,3,3,4,1,47.6
54,23,17,3,2,4,1,47.6
74,38,44,3,3,4,1,47.6
54,24,5,3,2,4,1,47.6
54,25,77,3,2,3,1,47.6
54,26,65,3,3,4,1,47.6
54,28,62,3,3,4,1,47.6
54,29,59,3,3,4,1,47.6
54,32,68,3,3,4,1,47.6
54,34,74,3,2,4,1,47.6
54,35,50,3,3,4,1,47.6
74,36,56,3,3,2,1,47.6
54,36,47,3,3,2,1,47.6
54,37,29,3,3,3,1,47.6
54,41,26,3,3,4,1,47.6
74,35,32,3,3,4,1,47.6
74,34,11,3,3,2,1,47.6
74,33,62,3,3,4,1,47.6
54,42,20,3,3,3,1,47.6
74,32,53,3,3,4,1,47.6
74,30,50,3,3,3,1,47.6
54,45,74,3,3,4,1,47.6
74,27,41,3,3,4,1,47.6
74,26,5,3,3,4,1,47.6
74,25,2,3,3,2,1,47.6
74,23,68,3,3,4,1,47.6
54,46,11,3,3,2,1,47.6
54,47,14,3,3,3,1,47.6
54,48,53,3,3,4,1,47.6
74,22,8,3,3,3,1,47.6
74,20,68,3,4,4,1,47.6
74,19,59,3,4,4,1,47.6
54,49,23,3,3,2,1,47.6
74,18,62,3,4,4,1,47.6
74,17,47,3,4,4,1,47.6
54,53,17,3,3,4,1,47.6
54,55,77,3,3,1,1,47.6
74,16,41,3,4,2,1,47.6
74,15,56,3,4,3,1,47.6
54,56,5,3,3,2,1,47.6
54,60,71,3,3,1,1,47.6
74,14,71,3,4,3,1,47.6
74,13,26,3,4,3,1,47.6
74,12,29,3,4,3,1,47.6
74,11,38,3,4,4,1,47.6
74,10,23,3,4,4,1,47.6
54,62,56,3,3,2,1,47.6
74,9,11,3,4,3,1,47.6
74,8,44,3,4,4,1,47.6
54,65,35,3,3,1,1,47.6
54,66,44,3,3,2,1,47.6
74,6,50,3,4,2,1,47.6
74,5,35,3,4,4,1,47.6
74,4,32,3,4,4,1,47.6
74,2,53,3,4,4,1,47.6
54,68,41,3,3,1,1,47.6
74,1,17,3,4,2,1,47.6
54,69,8,3,3,1,1,47.6
74,0,20,3,4,4,1,47.6
54,70,32,3,3,2,1,47.6
73,99,68,3,3,4,1,47.6
73,92,44,3,3,4,1,47.6
54,71,2,3,3,3,1,47.6
73,88,41,3,3,3,1,47.6
73,87,29,3,3,4,1,47.6
54,77,38,3,3,4,1,47.6
73,86,77,3,2,4,1,47.6
73,85,74,3,2,4,1,47.6
54,78,32,3,4,3,1,47.6
73,84,38,3,3,4,1,47.6
54,79,62,3,4,3,1,47.6
73,82,23,3,3,4,1,47.6
54,81,59,3,4,4,1,47.6
54,82,20,3,4,4,1,47.6
54,83,29,3,4,4,1,47.6
54,85,23,3,4,3,1,47.6
54,87,41,3,4,4,1,47.6
54,89,68,3,4,4,1,47.6
73,80,77,3,3,4,1,47.6
73,79,53,3,3,3,1,47.6
54,90,56,3,4,4,1,47.6
54,91,38,3,4,4,1,47.6
73,75,20,3,3,4,1,47.6
73,70,74,3,3,2,1,47.6
54,92,35,3,4,4,1,47.6
73,66,71,3,3,2,1,47.6
54,97,50,3,4,4,1,47.6
55,1,8,3,2,2,1,47.6
55,4,5,3,2,4,1,47.6
55,6,41,3,2,2,1,47.6
55,7,47,3,2,4,1,47.6
55,10,41,3,3,4,1,47.6
55,11,2,3,2,4,1,47.6
55,13,53,3,2,4,1,47.6
73,64,47,3,3,1,1,47.6
55,14,38,3,2,3,1,47.6
55,15,77,3,2,4,1,47.6
55,16,77,3,3,3,1,47.6
55,17,62,3,3,4,1,47.6
55,19,56,3,3,4,1,47.6
55,21,65,3,3,4,1,47.6
55,22,38,3,3,3,1,47.6
55,28,44,3,3,4,1,47.6
55,31,35,3,3,3,1,47.6
55,32,59,3,3,4,1,47.6
55,34,23,3,3,2,1,47.6
55,35,29,3,3,4,1,47.6
73,61,17,3,3,2,1,47.6
73,60,50,3,3,1,1,47.6
55,51,26,3,3,3,1,47.6
55,54,74,3,3,4,1,47.6
73,59,35,3,3,3,1,47.6
73,54,8,3,3,4,1,47.6
73,53,5,3,3,4,1,47.6
73,52,2,3,3,4,1,47.6
55,56,71,3,3,3,1,47.6
73,50,77,3,4,3,1,47.6
55,59,68,3,3,3,1,47.6
55,60,20,3,3,1,1,47.6
73,48,38,3,4,4,1,47.6
55,62,53,3,3,2,1,47.6
55,64,32,3,3,1,1,47.6
73,47,11,3,4,3,1,47.6
73,42,17,3,4,3,1,47.6
55,66,47,3,3,2,1,47.6
73,35,44,3,4,4,1,47.6
55,68,14,3,3,1,1,47.6
55,69,17,3,3,1,1,47.6
55,71,11,3,3,3,1,47.6
73,32,65,3,4,4,1,47.6
55,74,8,3,3,4,1,47.6
73,31,62,3,4,3,1,47.6
73,24,56,3,4,4,1,47.6
73,21,59,3,4,4,1,47.6
73,19,50,3,4,4,1,47.6
55,77,50,3,3,4,1,47.6
73,16,71,3,4,3,1,47.6
55,79,5,3,3,3,1,47.6
55,80,2,3,3,4,1,47.6
73,15,53,3,4,3,1,47.6
55,81,56,3,4,4,1,47.6
55,82,17,3,4,4,1,47.6
73,14,47,3,4,3,1,47.6
55,84,35,3,4,4,1,47.6
55,86,38,3,4,3,1,47.6
55,87,23,3,4,4,1,47.6
55,88,32,3,4,3,1,47.6
55,91,41,3,4,4,1,47.6
55,92,20,3,4,4,1,47.6
55,95,44,3,4,4,1,47.6
55,99,62,3,4,4,1,47.6
56,3,77,3,1,3,1,47.6
56,8,38,3,3,4,1,47.6
73,12,26,3,4,3,1,47.6
56,9,8,3,3,3,1,47.6
73,4,35,3,4,4,1,47.6
73,1,32,3,4,2,1,47.6
56,10,26,3,3,4,1,47.6
56,11,29,3,3,4,1,47.6
56,12,74,3,1,4,1,47.6
56,13,74,3,2,4,1,47.6
73,0,23,3,4,4,1,47.6
72,98,71,3,2,4,1,47.6
56,15,62,3,3,3,1,47.6
56,17,44,3,3,4,1,47.6
56,20,65,3,3,4,1,47.6
72,97,44,3,2,4,1,47.6
56,21,56,3,3,4,1,47.6
56,24,53,3,3,4,1,47.6
56,29,50,3,3,4,1,47.6
72,96,41,3,2,3,1,47.6
56,30,77,3,2,4,1,47.6
72,95,5,3,2,4,1,47.6
56,33,35,3,3,4,1,47.6
56,34,5,3,3,2,1,47.6
56,36,41,3,3,2,1,47.6
56,37,20,3,3,3,1,47.6
72,93,53,3,2,4,1,47.6
72,92,2,3,2,4,1,47.6
56,38,32,3,3,4,1,47.6
56,40,23,3,3,4,1,47.6
72,90,62,3,2,4,1,47.6
56,41,17,3,3,4,1,47.6
56,44,11,3,3,4,1,47.6
72,88,59,3,2,4,1,47.6
56,45,68,3,3,4,1,47.6
56,48,14,3,3,4,1,47.6
72,86,50,3,2,4,1,47.6
56,50,59,3,3,3,1,47.6
72,85,77,3,2,4,1,47.6
56,51,2,3,3,3,1,47.6
56,55,77,3,3,4,1,47.6
56,57,74,3,3,2,1,47.6
72,84,26,3,3,4,1,47.6
56,58,47,3,3,3,1,47.6
72,83,32,3,3,4,1,47.6
72,81,50,3,3,4,1,47.6
72,80,44,3,3,4,1,47.6
56,62,71,3,4,1,1,47.6
72,77,77,3,3,4,1,47.6
72,76,71,3,3,4,1,47.6
56,63,35,3,4,1,1,47.6
72,73,74,3,1,4,1,47.6
56,64,77,3,4,1,1,47.6
72,69,74,3,2,1,1,47.6
56,65,53,3,4,1,1,47.6
56,67,68,3,4,2,1,47.6
72,68,74,3,3,1,1,47.6
56,68,65,3,4,1,1,47.6
56,70,59,3,4,2,1,47.6
56,71,74,3,4,2,1,47.6
56,75,44,3,4,4,1,47.6
56,76,50,3,4,4,1,47.6
72,58,41,3,3,2,1,47.6
72,55,68,3,3,4,1,47.6
56,77,62,3,4,4,1,47.6
56,86,20,3,4,3,1,47.6
72,52,62,3,3,4,1,47.6
72,51,23,3,3,3,1,47.6
56,92,41,3,4,4,1,47.6
56,95,38,3,4,4,1,47.6
72,48,35,3,3,4,1,47.6
56,97,32,3,4,4,1,47.6
57,0,32,3,1,4,1,47.6
57,1,23,3,1,2,1,47.6
57,2,38,3,1,4,1,47.6
57,3,17,3,1,2,1,47.6
72,47,8,3,3,3,1,47.6
57,4,29,3,1,4,1,47.6
72,45,65,3,3,4,1,47.6
72,42,11,3,3,3,1,47.6
57,6,11,3,1,2,1,47.6
57,7,41,3,1,4,1,47.6
57,8,5,3,1,4,1,47.6
57,9,2,3,1,3,1,47.6
72,37,17,3,3,3,1,47.6
72,35,38,3,3,4,1,47.6
57,11,14,3,1,4,1,47.6
72,32,47,3,3,4,1,47.6
57,12,20,3,2,3,1,47.6
72,27,59,3,3,4,1,47.6
57,13,17,3,2,3,1,47.6
57,14,65,3,2,3,1,47.6
57,15,59,3,2,3,1,47.6
72,25,56,3,3,3,1,47.6
57,16,68,3,2,3,1,47.6
72,20,53,3,3,4,1,47.6
57,17,41,3,2,4,1,47.6
72,17,20,3,3,4,1,47.6
57,18,56,3,2,4,1,47.6
72,15,29,3,3,3,1,47.6
72,14,14,3,3,3,1,47.6
72,4,50,3,4,4,1,47.6
57,19,32,3,2,4,1,47.6
57,20,62,3,2,4,1,47.6
57,22,29,3,2,3,1,47.6
72,3,2,3,3,2,1,47.6
57,23,53,3,2,4,1,47.6
57,25,11,3,2,2,1,47.6
72,2,5,3,3,4,1,47.6
71,91,29,3,3,4,1,47.6
71,86,71,3,3,4,1,47.6
57,26,50,3,2,4,1,47.6
71,84,23,3,3,4,1,47.6
57,27,38,3,2,4,1,47.6
71,82,14,3,3,4,1,47.6
71,81,47,3,3,4,1,47.6
57,28,26,3,2,4,1,47.6
71,78,77,3,1,4,1,47.6
57,29,44,3,2,4,1,47.6
57,30,47,3,2,3,1,47.6
57,31,8,3,2,3,1,47.6
57,33,14,3,2,4,1,47.6
71,77,35,3,3,4,1,47.6
71,75,68,3,3,4,1,47.6
71,74,77,3,2,4,1,47.6
57,34,2,3,2,2,1,47.6
57,35,35,3,2,4,1,47.6
57,36,23,3,2,2,1,47.6
57,37,5,3,2,3,1,47.6
71,65,26,3,3,1,1,47.6
57,38,38,3,3,4,1,47.6
57,39,65,3,3,4,1,47.6
71,64,74,3,3,1,1,47.6
57,40,26,3,3,4,1,47.6
71,56,17,3,3,4,1,47.6
71,51,20,3,3,3,1,47.6
57,41,23,3,3,4,1,47.6
57,42,71,3,2,4,1,47.6
57,44,17,3,3,4,1,47.6
57,45,44,3,3,4,1,47.6
57,46,77,3,2,3,1,47.6
71,50,62,3,3,3,1,47.6
57,48,32,3,3,4,1,47.6
71,48,29,3,4,4,1,47.6
57,49,47,3,3,2,1,47.6
71,47,5,3,3,3,1,47.6
57,50,56,3,3,3,1,47.6
71,46,53,3,3,3,1,47.6
57,53,74,3,3,4,1,47.6
57,54,77,3,3,4,1,47.6
57,55,71,3,3,4,1,47.6
71,29,32,3,3,4,1,47.6
57,59,62,3,3,2,1,47.6
57,60,35,3,3,1,1,47.6
57,61,68,3,3,2,1,47.6
71,26,41,3,3,4,1,47.6
71,25,44,3,3,3,1,47.6
57,62,59,3,3,2,1,47.6
57,63,53,3,3,2,1,47.6
57,65,2,3,3,1,1,47.6
71,24,50,3,4,4,1,47.6
57,66,41,3,3,2,1,47.6
71,20,59,3,4,4,1,47.6
57,67,5,3,3,2,1,47.6
71,15,47,3,4,3,1,47.6
57,69,29,3,3,1,1,47.6
57,70,50,3,3,2,1,47.6
57,71,20,3,3,4,1,47.6
57,72,14,3,3,4,1,47.6
57,73,8,3,3,4,1,47.6
57,74,74,3,4,4,1,47.6
57,75,11,3,3,4,1,47.6
71,12,77,3,3,4,1,47.6
57,76,53,3,4,4,1,47.6
57,77,59,3,4,4,1,47.6
71,10,17,3,4,4,1,47.6
57,78,29,3,4,3,1,47.6
71,1,26,3,4,2,1,47.6
57,79,56,3,4,3,1,47.6
57,80,35,3,4,4,1,47.6
70,98,53,3,2,4,1,47.6
57,82,11,3,4,4,1,47.6
70,97,68,3,2,4,1,47.6
70,96,23,3,2,3,1,47.6
57,86,8,3,4,3,1,47.6
70,94,14,3,2,4,1,47.6
57,87,20,3,4,4,1,47.6
70,92,8,3,2,4,1,47.6
70,91,11,3,2,4,1,47.6
70,87,2,3,2,4,1,47.6
57,89,47,3,4,4,1,47.6
70,86,65,3,2,4,1,47.6
57,90,68,3,4,4,1,47.6
70,85,56,3,2,4,1,47.6
70,83,5,3,2,4,1,47.6
57,92,38,3,4,4,1,47.6
70,81,41,3,2,4,1,47.6
57,93,44,3,4,4,1,47.6
57,94,5,3,4,4,1,47.6
57,96,26,3,4,3,1,47.6
57,98,32,3,4,4,1,47.6
57,99,23,3,4,4,1,47.6
58,3,77,3,1,4,1,47.6
58,22,26,3,2,3,1,47.6
58,29,38,3,2,4,1,47.6
58,35,23,3,2,4,1,47.6
58,37,11,3,2,3,1,47.6
70,80,29,3,3,4,1,47.6
58,38,35,3,2,4,1,47.6
58,39,50,3,2,4,1,47.6
58,42,8,3,2,3,1,47.6
58,45,32,3,2,4,1,47.6
70,78,26,3,3,3,1,47.6
70,77,20,3,3,4,1,47.6
70,75,23,3,3,4,1,47.6
70,73,68,3,3,4,1,47.6
58,53,2,3,2,4,1,47.6
58,55,74,3,2,4,1,47.6
58,57,77,3,2,4,1,47.6
58,59,44,3,2,3,1,47.6
58,73,5,3,2,4,1,47.6
58,75,26,3,3,4,1,47.6
58,76,41,3,3,4,1,47.6
58,78,23,3,3,3,1,47.6
70,72,77,3,2,4,1,47.6
58,79,59,3,3,3,1,47.6
70,71,77,3,3,4,1,47.6
58,86,2,3,3,3,1,47.6
70,69,71,3,3,1,1,47.6
58,95,32,3,3,4,1,47.6
59,19,26,3,3,4,1,47.6
59,34,77,3,2,3,1,47.6
59,35,20,3,3,4,1,47.6
59,38,29,3,3,4,1,47.6
59,55,65,3,3,4,1,47.6
59,66,77,3,3,1,1,47.6
59,67,71,3,3,2,1,47.6
70,68,62,3,3,1,1,47.6
70,67,56,3,3,2,1,47.6
59,81,38,3,3,4,1,47.6
70,63,74,3,3,2,1,47.6
70,61,65,3,3,3,1,47.6
70,59,59,3,3,3,1,47.6
59,82,8,3,3,4,1,47.6
70,56,47,3,3,4,1,47.6
59,89,41,3,3,4,1,47.6
59,96,11,3,3,3,1,47.6
70,55,53,3,3,4,1,47.6
59,97,2,3,3,4,1,47.6
70,53,14,3,3,4,1,47.6
70,50,50,3,3,3,1,47.6
60,0,17,3,1,4,1,47.6
70,48,17,3,3,4,1,47.6
60,1,74,3,1,3,1,47.6
60,3,29,3,1,3,1,47.6
70,47,2,3,3,3,1,47.6
60,4,26,3,1,4,1,47.6
60,5,5,3,1,4,1,47.6
60,6,38,3,2,2,1,47.6
60,7,44,3,2,4,1,47.6
60,8,35,3,2,4,1,47.6
60,10,20,3,2,4,1,47.6
70,45,41,3,3,4,1,47.6
70,43,38,3,3,2,1,47.6
70,42,5,3,3,3,1,47.6
70,38,11,3,3,4,1,47.6
60,11,23,3,2,4,1,47.6
70,36,44,3,3,2,1,47.6
70,35,14,3,4,4,1,47.6
60,12,14,3,2,3,1,47.6
70,34,8,3,3,2,1,47.6
70,33,32,3,3,4,1,47.6
70,32,35,3,3,4,1,47.6
70,31,38,3,4,3,1,47.6
60,13,11,3,2,3,1,47.6
60,15,50,3,2,3,1,47.6
70,30,62,3,4,3,1,47.6
70,25,41,3,4,2,1,47.6
60,16,65,3,2,3,1,47.6
60,17,32,3,2,4,1,47.6
60,19,8,3,2,4,1,47.6
60,20,56,3,2,4,1,47.6
60,21,62,3,2,4,1,47.6
70,24,44,3,4,4,1,47.6
60,22,2,3,2,3,1,47.6
60,23,59,3,2,4,1,47.6
70,23,65,3,4,4,1,47.6
60,26,47,3,2,4,1,47.6
60,28,17,3,2,4,1,47.6
70,19,23,3,4,4,1,47.6
70,17,26,3,4,4,1,47.6
70,16,59,3,4,3,1,47.6
70,15,35,3,4,3,1,47.6
60,29,5,3,2,4,1,47.6
60,30,74,3,2,4,1,47.6
60,31,26,3,2,3,1,47.6
70,14,56,3,4,3,1,47.6
60,32,41,3,2,4,1,47.6
70,13,5,3,4,3,1,47.6
60,33,26,3,3,4,1,47.6
60,35,11,3,3,4,1,47.6
60,37,71,3,2,4,1,47.6
60,38,23,3,3,4,1,47.6
60,40,20,3,3,4,1,47.6
70,12,11,3,4,3,1,47.6
60,41,14,3,3,4,1,47.6
60,42,68,3,2,4,1,47.6
60,43,29,3,2,2,1,47.6
60,45,38,3,3,4,1,47.6
70,8,32,3,4,4,1,47.6
60,47,77,3,2,4,1,47.6
70,5,20,3,4,4,1,47.6
60,48,8,3,3,4,1,47.6
60,49,53,3,2,3,1,47.6
70,2,29,3,4,4,1,47.6
70,1,68,3,4,3,1,47.6
60,50,53,3,3,3,1,47.6
60,51,17,3,3,3,1,47.6
69,99,35,3,1,4,1,47.6
69,98,23,3,1,4,1,47.6
69,97,26,3,1,4,1,47.6
60,53,26,3,4,4,1,47.6
60,54,71,3,3,4,1,47.6
60,55,59,3,3,4,1,47.6
60,56,56,3,3,4,1,47.6
60,57,65,3,3,4,1,47.6
69,96,14,3,1,3,1,47.6
60,59,74,3,3,3,1,47.6
60,61,77,3,3,2,1,47.6
60,62,68,3,3,1,1,47.6
60,64,62,3,3,1,1,47.6
60,65,50,3,3,2,1,47.6
69,95,20,3,1,4,1,47.6
60,66,35,3,3,2,1,47.6
69,93,11,3,1,4,1,47.6
69,92,5,3,1,4,1,47.6
60,67,41,3,3,2,1,47.6
69,91,2,3,1,4,1,47.6
60,68,44,3,3,1,1,47.6
69,90,59,3,2,4,1,47.6
60,69,47,3,3,2,1,47.6
60,70,2,3,3,4,1,47.6
60,71,32,3,3,4,1,47.6
60,72,29,3,3,4,1,47.6
60,73,41,3,4,4,1,47.6
60,75,5,3,3,4,1,47.6
69,89,44,3,2,4,1,47.6
60,77,29,3,4,4,1,47.6
60,78,20,3,4,3,1,47.6
60,79,50,3,4,3,1,47.6
60,80,23,3,4,4,1,47.6
60,81,44,3,4,4,1,47.6
69,88,56,3,1,4,1,47.6
60,82,2,3,4,4,1,47.6
69,86,68,3,2,4,1,47.6
60,85,8,3,4,3,1,47.6
69,85,20,3,2,3,1,47.6
69,84,14,3,2,4,1,47.6
69,83,23,3,2,4,1,47.6
60,86,62,3,4,4,1,47.6
60,87,17,3,4,4,1,47.6
60,88,38,3,4,3,1,47.6
60,89,35,3,4,4,1,47.6
69,82,0,2,1,0,2,47.6
60,90,53,3,4,4,1,47.6
60,91,5,3,4,4,1,47.6
60,93,47,3,4,4,1,47.6
60,96,68,3,4,4,1,47.6
69,81,32,3,2,4,1,47.6
60,97,14,3,4,4,1,47.6
69,80,26,3,2,4,1,47.6
69,79,77,3,1,4,1,47.6
69,78,17,3,2,3,1,47.6
60,98,11,3,4,4,1,47.6
60,99,0,2,1,3,2,47.6
69,76,38,3,2,4,1,47.6
61,3,74,3,2,3,1,47.6
69,74,65,3,2,4,1,47.6
69,72,74,3,2,4,1,47.6
69,71,71,3,2,4,1,47.6
61,4,23,3,2,4,1,47.6
69,70,77,3,2,4,1,47.6
61,5,41,3,3,4,1,47.6
69,68,56,3,2,1,1,47.6
61,8,20,3,2,4,1,47.6
61,11,20,3,3,4,1,47.6
61,12,68,3,3,4,1,47.6
69,67,53,3,2,2,1,47.6
61,13,71,3,2,4,1,47.6
61,14,62,3,3,3,1,47.6
69,66,11,3,2,2,1,47.6
69,65,62,3,2,2,1,47.6
69,64,41,3,2,1,1,47.6
61,25,32,3,3,2,1,47.6
61,28,14,3,3,4,1,47.6
61,29,23,3,3,4,1,47.6
69,61,50,3,2,3,1,47.6
69,60,77,3,3,4,1,47.6
61,31,17,3,3,3,1,47.6
69,59,5,3,2,3,1,47.6
69,58,35,3,2,3,1,47.6
61,34,71,3,3,3,1,47.6
69,57,2,3,2,4,1,47.6
69,55,29,3,2,4,1,47.6
61,36,38,3,3,2,1,47.6
61,37,74,3,3,4,1,47.6
69,54,65,3,3,4,1,47.6
69,53,8,3,2,4,1,47.6
69,52,74,3,3,4,1,47.6
61,38,26,3,3,4,1,47.6
61,48,11,3,3,4,1,47.6
61,52,5,3,3,4,1,47.6
61,55,47,3,3,4,1,47.6
61,58,77,3,3,3,1,47.6
69,51,14,3,3,3,1,47.6
69,49,26,3,3,2,1,47.6
61,62,44,3,3,2,1,47.6
61,64,35,3,3,1,1,47.6
69,47,71,3,3,4,1,47.6
69,46,8,3,3,2,1,47.6
61,69,59,3,3,3,1,47.6
69,45,35,3,3,4,1,47.6
61,70,53,3,3,4,1,47.6
69,44,23,3,3,4,1,47.6
69,43,68,3,3,3,1,47.6
69,41,20,3,3,4,1,47.6
61,72,56,3,3,4,1,47.6
69,40,17,3,3,4,1,47.6
61,73,29,3,3,4,1,47.6
61,74,14,3,4,4,1,47.6
61,75,17,3,4,4,1,47.6
61,81,29,3,4,4,1,47.6
61,85,71,3,4,4,1,47.6
61,86,59,3,4,4,1,47.6
69,39,56,3,3,4,1,47.6
69,38,20,3,4,4,1,47.6
69,37,62,3,3,4,1,47.6
69,36,50,3,3,2,1,47.6
61,93,38,3,4,4,1,47.6
61,97,41,3,4,4,1,47.6
61,98,20,3,4,4,1,47.6
61,99,44,3,4,4,1,47.6
62,0,50,3,2,4,1,47.6
69,35,5,3,3,4,1,47.6
62,1,62,3,2,3,1,47.6
69,33,11,3,3,4,1,47.6
62,2,35,3,2,4,1,47.6
62,4,20,3,2,4,1,47.6
69,30,44,3,3,3,1,47.6
62,5,32,3,2,4,1,47.6
62,6,29,3,2,2,1,47.6
62,8,26,3,2,4,1,47.6
69,29,2,3,3,4,1,47.6
62,9,71,3,2,4,1,47.6
62,10,14,3,2,4,1,47.6
69,27,53,3,3,4,1,47.6
69,26,32,3,3,4,1,47.6
69,25,47,3,3,3,1,47.6
62,13,68,3,2,4,1,47.6
62,14,41,3,2,3,1,47.6
62,15,23,3,2,3,1,47.6
62,16,47,3,2,3,1,47.6
62,17,17,3,2,4,1,47.6
69,23,41,3,3,4,1,47.6
69,22,38,3,3,4,1,47.6
62,18,8,3,2,4,1,47.6
62,19,11,3,3,4,1,47.6
62,21,53,3,3,4,1,47.6
62,22,77,3,2,4,1,47.6
69,21,29,3,3,4,1,47.6
69,20,50,3,4,4,1,47.6
62,24,41,3,3,4,1,47.6
69,19,5,3,4,4,1,47.6
62,25,74,3,2,3,1,47.6
62,26,56,3,3,4,1,47.6
69,18,59,3,4,4,1,47.6
69,17,23,3,4,4,1,47.6
69,16,62,3,4,3,1,47.6
62,29,20,3,3,4,1,47.6
69,15,44,3,4,3,1,47.6
62,30,38,3,2,3,1,47.6
69,14,53,3,4,3,1,47.6
62,31,65,3,2,4,1,47.6
69,13,14,3,4,3,1,47.6
62,32,62,3,3,4,1,47.6
69,12,8,3,4,3,1,47.6
69,11,11,3,4,4,1,47.6
62,33,17,3,3,4,1,47.6
62,34,68,3,3,3,1,47.6
62,38,14,3,3,4,1,47.6
69,10,0,2,3,3,2,47.6
62,41,8,3,3,4,1,47.6
69,9,68,3,4,4,1,47.6
62,42,2,3,3,3,1,47.6
62,43,26,3,3,2,1,47.6
62,44,5,3,3,4,1,47.6
69,8,29,3,4,4,1,47.6
69,7,38,3,4,4,1,47.6
69,6,32,3,4,2,1,47.6
62,45,29,3,3,4,1,47.6
62,47,74,3,3,4,1,47.6
69,5,26,3,4,4,1,47.6
62,49,77,3,3,3,1,47.6
62,52,17,3,4,4,1,47.6
62,55,50,3,3,4,1,47.6
62,56,23,3,3,4,1,47.6
69,3,71,3,4,3,1,47.6
62,57,71,3,3,4,1,47.6
62,58,65,3,3,3,1,47.6
62,59,47,3,3,3,1,47.6
62,60,59,3,3,4,1,47.6
62,63,44,3,3,2,1,47.6
69,1,56,3,4,3,1,47.6
62,64,38,3,3,1,1,47.6
62,65,35,3,3,2,1,47.6
69,0,47,3,4,4,1,47.6
62,66,32,3,3,3,1,47.6
68,99,11,3,1,4,1,47.6
62,67,77,3,4,2,1,47.6
62,69,74,3,4,4,1,47.6
62,70,71,3,4,4,1,47.6
62,71,68,3,4,4,1,47.6
62,72,65,3,4,4,1,47.6
62,73,20,3,4,4,1,47.6
62,76,47,3,4,4,1,47.6
62,80,14,3,4,4,1,47.6
62,81,23,3,4,4,1,47.6
68,97,35,3,1,4,1,47.6
62,82,0,2,1,3,2,47.6
62,84,11,3,4,4,1,47.6
62,85,62,3,4,4,1,47.6
68,96,5,3,1,3,1,47.6
62,86,56,3,4,4,1,47.6
62,87,8,3,4,4,1,47.6
68,94,20,3,2,4,1,47.6
68,93,32,3,1,4,1,47.6
62,89,38,3,4,4,1,47.6
62,91,0,2,3,3,2,47.6
68,92,32,3,2,4,1,47.6
62,93,35,3,4,4,1,47.6
62,95,41,3,4,4,1,47.6
62,96,44,3,4,3,1,47.6
62,97,29,3,4,4,1,47.6
62,99,5,3,4,4,1,47.6
63,1,11,3,2,2,1,47.6
63,2,59,3,2,4,1,47.6
63,3,68,3,2,3,1,47.6
68,91,23,3,2,4,1,47.6
63,4,14,3,2,4,1,47.6
68,90,38,3,1,4,1,47.6
63,5,17,3,2,4,1,47.6
68,89,2,3,1,4,1,47.6
63,6,8,3,2,2,1,47.6
68,88,53,3,1,4,1,47.6
68,87,14,3,2,4,1,47.6
68,86,53,3,2,4,1,47.6
63,7,35,3,2,4,1,47.6
63,8,23,3,3,4,1,47.6
63,9,5,3,2,3,1,47.6
63,13,2,3,2,3,1,47.6
68,85,59,3,1,4,1,47.6
63,15,41,3,2,3,1,47.6
63,17,11,3,3,4,1,47.6
68,84,8,3,2,4,1,47.6
63,18,50,3,2,4,1,47.6
68,83,17,3,2,4,1,47.6
68,81,11,3,2,4,1,47.6
63,19,0,2,1,0,2,47.6
68,80,5,3,2,4,1,47.6
63,21,32,3,2,4,1,47.6
63,22,21,3,2,3,1,47.6
68,79,44,3,2,3,1,47.6
68,78,2,3,2,3,1,47.6
63,24,32,3,3,4,1,47.6
63,25,71,3,2,3,1,47.6
68,77,26,3,2,4,1,47.6
68,76,29,3,2,4,1,47.6
63,26,35,3,3,4,1,47.6
68,75,8,3,3,4,1,47.6
68,74,5,3,3,4,1,47.6
63,27,29,3,2,4,1,47.6
63,29,17,3,3,4,1,47.6
68,73,14,3,3,4,1,47.6
63,30,62,3,2,4,1,47.6
68,72,71,3,2,4,1,47.6
63,31,56,3,2,4,1,47.6
63,32,38,3,2,4,1,47.6
68,71,74,3,2,4,1,47.6
63,33,20,3,3,4,1,47.6
68,69,77,3,1,4,1,47.6
68,67,38,3,2,2,1,47.6
63,34,47,3,2,3,1,47.6
63,35,2,3,3,4,1,47.6
63,36,77,3,2,3,1,47.6
68,66,77,3,2,2,1,47.6
63,39,53,3,3,4,1,47.6
68,65,68,3,2,2,1,47.6
63,41,5,3,3,4,1,47.6
63,43,14,3,3,2,1,47.6
63,45,26,3,3,4,1,47.6
63,46,74,3,3,3,1,47.6
68,64,65,3,2,1,1,47.6
63,47,68,3,3,4,1,47.6
63,48,26,3,4,4,1,47.6
68,63,62,3,2,3,1,47.6
63,49,71,3,3,3,1,47.6
63,50,47,3,3,3,1,47.6
68,62,59,3,2,4,1,47.6
68,61,56,3,2,4,1,47.6
68,59,50,3,2,3,1,47.6
63,51,8,3,3,3,1,47.6
63,52,11,3,4,4,1,47.6
63,57,50,3,3,4,1,47.6
63,58,56,3,3,3,1,47.6
63,59,77,3,3,4,1,47.6
63,60,65,3,3,4,1,47.6
63,66,59,3,3,2,1,47.6
68,58,47,3,2,4,1,47.6
63,67,44,3,3,3,1,47.6
68,57,41,3,2,4,1,47.6
68,56,29,3,3,4,1,47.6
68,54,53,3,3,4,1,47.6
63,68,41,3,3,3,1,47.6
63,70,74,3,4,4,1,47.6
63,74,2,3,4,4,1,47.6
68,53,20,3,3,4,1,47.6
68,52,0,2,1,3,2,47.6
68,51,35,3,2,4,1,47.6
63,76,32,3,4,4,1,47.6
68,50,44,3,3,3,1,47.6
68,49,17,3,3,2,1,47.6
68,48,23,3,3,4,1,47.6
68,47,65,3,3,4,1,47.6
68,45,11,3,3,4,1,47.6
68,44,2,3,3,4,1,47.6
63,77,17,3,4,4,1,47.6
63,78,38,3,3,4,1,47.6
68,43,74,3,3,3,1,47.6
63,79,29,3,3,3,1,47.6
63,80,20,3,4,4,1,47.6
63,84,5,3,4,4,1,47.6
63,85,68,3,4,4,1,47.6
63,86,47,3,4,4,1,47.6
68,42,62,3,3,4,1,47.6
63,87,0,2,3,3,2,47.6
63,88,35,3,4,3,1,47.6
63,89,14,3,4,4,1,47.6
63,90,50,3,4,4,1,47.6
63,95,29,3,4,4,1,47.6
63,96,65,3,4,4,1,47.6
68,40,14,3,4,4,1,47.6
68,39,38,3,3,4,1,47.6
63,97,8,3,4,4,1,47.6
64,0,8,3,1,4,1,47.6
68,38,17,3,4,4,1,47.6
64,1,26,3,1,3,1,47.6
64,2,23,3,1,4,1,47.6
64,3,14,3,1,3,1,47.6
68,37,68,3,3,4,1,47.6
68,36,32,3,3,2,1,47.6
68,34,59,3,3,3,1,47.6
68,33,8,3,4,4,1,47.6
68,32,26,3,3,4,1,47.6
64,4,8,3,2,4,1,47.6
68,31,71,3,3,4,1,47.6
68,30,35,3,3,3,1,47.6
64,5,2,3,1,4,1,47.6
64,6,68,3,1,4,1,47.6
64,7,32,3,2,4,1,47.6
64,8,11,3,2,4,1,47.6
68,28,5,3,4,4,1,47.6
64,9,65,3,2,4,1,47.6
68,27,50,3,3,4,1,47.6
64,10,11,3,3,4,1,47.6
64,11,8,3,3,4,1,47.6
64,12,2,3,2,3,1,47.6
68,26,26,3,4,4,1,47.6
64,13,62,3,2,4,1,47.6
68,25,77,3,3,4,1,47.6
64,14,59,3,2,3,1,47.6
64,15,26,3,2,3,1,47.6
64,16,56,3,2,3,1,47.6
64,17,8,3,4,4,1,47.6
64,18,47,3,2,4,1,47.6
64,19,0,2,1,3,2,47.6
64,20,44,3,2,4,1,47.6
64,21,35,3,2,4,1,47.6
64,22,74,3,2,4,1,47.6
64,23,50,3,2,4,1,47.6
64,24,17,3,2,4,1,47.6
64,25,68,3,2,3,1,47.6
68,23,56,3,3,4,1,47.6
64,26,17,3,3,4,1,47.6
68,22,47,3,3,4,1,47.6
64,28,2,3,3,4,1,47.6
68,20,47,3,4,4,1,47.6
64,30,23,3,2,3,1,47.6
64,31,53,3,2,4,1,47.6
68,18,44,3,4,4,1,47.6
68,17,0,2,3,0,2,47.6
68,16,53,3,4,3,1,47.6
64,32,29,3,2,4,1,47.6
64,34,41,3,2,3,1,47.6
68,15,32,3,4,3,1,47.6
68,14,50,3,4,3,1,47.6
68,12,65,3,4,4,1,47.6
64,35,0,2,3,2,2,47.6
64,36,20,3,2,2,1,47.6
64,39,14,3,2,4,1,47.6
68,9,59,3,4,4,1,47.6
68,7,29,3,4,4,1,47.6
64,40,5,3,3,4,1,47.6
68,2,20,3,4,4,1,47.6
68,1,41,3,4,3,1,47.6
68,0,35,3,4,4,1,47.6
64,42,38,3,2,4,1,47.6
64,43,71,3,2,3,1,47.6
67,92,23,3,2,4,1,47.6
67,90,32,3,2,4,1,47.6
67,89,32,3,3,4,1,47.6
64,45,23,3,3,4,1,47.6
64,46,77,3,2,4,1,47.6
67,87,6,2,3,1,2,47.6
67,81,2,3,2,4,1,47.6
64,48,20,3,3,4,1,47.6
67,79,41,3,3,3,1,47.6
67,78,14,3,3,3,1,47.6
64,49,14,3,3,2,1,47.6
64,50,41,3,3,3,1,47.6
64,51,77,3,3,4,1,47.6
67,77,11,3,3,4,1,47.6
67,76,26,3,3,4,1,47.6
64,53,11,3,4,4,1,47.6
64,54,47,3,3,4,1,47.6
64,55,26,3,3,4,1,47.6
64,56,26,3,4,4,1,47.6
67,73,2,3,3,4,1,47.6
67,71,65,3,3,4,1,47.6
64,57,62,3,3,4,1,47.6
64,58,74,3,3,3,1,47.6
67,70,50,3,3,4,1,47.6
64,59,56,3,3,3,1,47.6
64,60,71,3,3,4,1,47.6
67,69,35,3,3,4,1,47.6
64,61,68,3,3,4,1,47.6
64,62,53,3,3,4,1,47.6
67,68,77,3,3,4,1,47.6
64,65,65,3,3,2,1,47.6
67,65,71,3,3,1,1,47.6
64,66,59,3,3,3,1,47.6
64,67,38,3,3,3,1,47.6
67,63,62,3,3,4,1,47.6
67,62,50,3,4,4,1,47.6
64,68,74,3,4,4,1,47.6
64,69,65,3,4,4,1,47.6
67,61,74,3,3,4,1,47.6
67,59,53,3,3,3,1,47.6
64,72,44,3,3,4,1,47.6
67,57,17,3,3,4,1,47.6
67,56,8,3,3,4,1,47.6
64,76,23,3,4,4,1,47.6
64,79,32,3,3,3,1,47.6
64,80,17,3,4,4,1,47.6
67,55,14,3,4,4,1,47.6
64,81,20,3,4,4,1,47.6
67,54,44,3,4,4,1,47.6
64,83,14,3,4,4,1,47.6
64,85,50,3,3,4,1,47.6
67,49,20,3,3,2,1,47.6
64,88,29,3,3,3,1,47.6
67,48,2,3,4,4,1,47.6
67,47,59,3,3,4,1,47.6
67,46,68,3,3,3,1,47.6
64,90,35,3,3,4,1,47.6
67,44,8,3,4,4,1,47.6
67,42,56,3,3,4,1,47.6
64,93,29,3,4,4,1,47.6
67,41,0,2,1,0,2,47.6
64,95,2,3,4,4,1,47.6
64,96,35,3,4,3,1,47.6
67,40,11,3,4,4,1,47.6
67,39,29,3,3,4,1,47.6
67,36,47,3,3,3,1,47.6
67,34,23,3,3,3,1,47.6
67,33,0,2,3,1,2,47.6
67,32,32,3,4,4,1,47.6
65,3,23,3,1,3,1,47.6
65,7,26,3,2,4,1,47.6
67,31,68,3,4,4,1,47.6
65,10,5,3,2,4,1,47.6
65,12,59,3,2,4,1,47.6
65,13,56,3,2,4,1,47.6
65,16,44,3,2,3,1,47.6
65,34,53,3,2,3,1,47.6
65,38,8,3,3,4,1,47.6
65,40,2,3,2,4,1,47.6
65,42,74,3,2,4,1,47.6
65,49,11,3,2,2,1,47.6
65,69,41,3,2,4,1,47.6
65,74,0,2,1,1,2,47.6
65,79,38,3,2,3,1,47.6
65,80,8,3,4,4,1,47.6
67,27,26,3,4,4,1,47.6
65,86,32,3,2,4,1,47.6
65,89,20,3,2,4,1,47.6
65,91,17,3,2,4,1,47.6
65,92,14,3,2,4,1,47.6
65,93,23,3,2,4,1,47.6
65,94,11,3,3,4,1,47.6
66,1,53,3,2,3,1,47.6
67,22,71,3,4,4,1,47.6
66,2,14,3,2,4,1,47.6
67,16,41,3,4,3,1,47.6
67,15,20,3,4,3,1,47.6
66,5,8,3,2,4,1,47.6
66,7,21,3,2,4,1,47.6
67,14,35,3,4,3,1,47.6
67,12,62,3,4,4,1,47.6
66,8,8,3,3,4,1,47.6
67,9,56,3,4,4,1,47.6
67,6,23,3,4,2,1,47.6
67,2,17,3,4,4,1,47.6
66,11,0,2,1,0,2,47.6
66,12,2,3,2,4,1,47.6
66,18,41,3,3,4,1,47.6
67,1,59,3,4,3,1,47.6
66,21,23,3,3,4,1,47.6
66,23,62,3,3,4,1,47.6
66,96,29,3,3,3,1,47.6
66,95,17,3,3,4,1,47.6
66,24,26,3,3,4,1,47.6
66,93,20,3,3,4,1,47.6
66,90,47,3,3,4,1,47.6
66,26,2,3,3,4,1,47.6
66,27,14,3,3,4,1,47.6
66,89,11,3,3,4,1,47.6
66,85,65,3,2,4,1,47.6
66,30,71,3,3,4,1,47.6
66,31,5,3,3,3,1,47.6
66,32,44,3,3,4,1,47.6
66,33,5,3,4,4,1,47.6
66,36,74,3,3,3,1,47.6
66,37,65,3,3,4,1,47.6
66,38,0,2,3,0,2,47.6
66,39,35,3,3,4,1,47.6
66,40,8,3,4,4,1,47.6
66,42,53,3,3,4,1,47.6
66,43,56,3,3,3,1,47.6
66,84,20,3,4,4,1,47.6
66,83,2,3,4,4,1,47.6
66,49,68,3,3,3,1,47.6
66,51,50,3,3,4,1,47.6
66,54,26,3,4,4,1,47.6
66,58,38,3,3,3,1,47.6
66,81,17,3,4,4,1,47.6
66,62,32,3,4,4,1,47.6
66,63,77,3,3,4,1,47.6
66,79,23,3,4,3,1,47.6
66,68,71,3,4,4,1,47.6
66,70,47,3,4,4,1,47.6
66,78,11,3,4,3,1,47.6
66,72,68,3,4,4,1,47.6
66,76,14,3,4,4,1,47.6
