src,dst,spec,slots_used,core_src,core_dst,cores_used,tfk_slot
0,80,78,2,0,0,1,4.0
50,15,0,25,0,0,1,580.0
3,43,78,2,0,0,1,4.0
43,24,0,24,0,0,1,572.0
3,79,76,2,0,0,1,4.0
3,89,74,2,0,0,1,4.0
76,1,0,23,0,0,1,544.0
72,16,0,22,0,0,1,524.0
4,96,78,2,0,0,1,4.0
33,65,0,22,0,0,1,524.0
6,43,76,2,0,0,1,4.0
7,95,78,2,0,0,1,4.0
8,48,78,2,0,0,1,4.0
2,57,0,22,0,0,1,524.0
60,31,0,22,0,0,1,516.0
8,82,76,2,0,0,1,4.0
8,89,72,2,0,0,1,4.0
11,26,78,2,0,0,1,4.0
13,86,0,22,0,0,1,512.0
84,29,0,22,0,0,1,504.0
38,72,22,22,0,0,1,504.0
14,86,78,2,0,0,1,4.0
19,3,72,2,0,0,1,4.0
19,16,78,2,0,0,1,4.0
19,44,76,2,0,0,1,4.0
20,48,76,2,0,0,1,4.0
51,1,23,21,0,0,1,500.0
25,36,78,2,0,0,1,4.0
26,13,22,21,0,0,1,496.0
26,31,76,2,0,0,1,4.0
27,70,78,2,0,0,1,4.0
54,29,22,21,0,0,1,488.0
70,58,0,21,0,0,1,480.0
41,24,24,20,0,0,1,472.0
31,8,74,2,0,0,1,4.0
53,29,43,20,0,0,1,456.0
31,64,78,2,0,0,1,4.0
32,85,78,2,0,0,1,4.0
34,8,70,2,0,0,1,4.0
34,89,78,2,0,0,1,4.0
35,8,68,2,0,0,1,4.0
56,62,0,20,0,0,1,452.0
35,90,78,2,0,0,1,4.0
26,1,44,20,0,0,1,452.0
36,75,76,2,0,0,1,4.0
43,1,74,2,0,0,1,4.0
45,57,22,19,0,0,1,444.0
46,31,72,2,0,0,1,4.0
47,42,78,2,0,0,1,4.0
51,4,76,2,0,0,1,4.0
38,39,0,19,0,0,1,444.0
8,40,0,19,0,0,1,444.0
54,85,76,2,0,0,1,4.0
84,9,22,19,0,0,1,440.0
62,71,20,19,0,0,1,440.0
29,26,0,19,1,0,1,440.0
56,14,76,2,0,0,1,4.0
58,48,74,2,0,0,1,4.0
58,90,76,2,0,0,1,4.0
12,24,44,19,0,0,1,440.0
22,29,19,19,0,1,1,436.0
62,7,76,2,0,0,1,4.0
18,13,43,19,0,0,1,436.0
39,58,21,19,0,0,1,428.0
63,2,78,2,0,0,1,4.0
63,28,76,2,0,0,1,4.0
64,57,76,2,0,0,1,4.0
66,69,78,2,0,0,1,4.0
67,13,78,2,0,0,1,4.0
69,30,76,2,0,0,1,4.0
70,63,21,18,0,0,1,416.0
70,75,74,2,0,0,1,4.0
51,90,0,18,0,0,1,416.0
72,28,78,2,0,0,1,4.0
75,22,78,2,0,0,1,4.0
76,99,78,2,0,0,1,4.0
77,90,74,2,0,0,1,4.0
98,73,0,18,0,0,1,412.0
35,40,19,18,0,0,1,412.0
82,86,22,18,0,0,1,408.0
81,28,0,17,0,0,1,400.0
28,92,17,17,0,0,1,396.0
79,66,74,2,0,0,1,4.0
53,86,0,17,0,1,1,392.0
15,81,25,17,0,0,1,392.0
78,73,18,17,0,0,1,384.0
4,59,0,17,0,0,1,376.0
69,57,41,16,0,0,1,372.0
85,72,74,2,0,0,1,4.0
85,78,72,2,0,0,1,4.0
33,69,22,16,0,0,1,372.0
57,4,57,16,0,0,1,364.0
87,59,78,2,0,0,1,4.0
89,22,76,2,0,0,1,4.0
89,77,70,2,0,0,1,4.0
91,23,78,2,0,0,1,4.0
91,93,76,2,0,0,1,4.0
59,90,18,16,0,0,1,352.0
38,64,44,16,0,0,1,352.0
92,1,0,15,0,1,1,348.0
45,73,41,15,0,0,1,348.0
92,77,78,2,0,0,1,4.0
94,27,76,2,0,0,1,4.0
94,99,74,2,0,0,1,4.0
21,40,37,15,0,0,1,340.0
96,2,76,2,0,0,1,4.0
59,70,39,15,0,0,1,332.0
96,88,74,2,0,0,1,4.0
97,46,78,2,0,0,1,4.0
97,71,76,2,0,0,1,4.0
46,28,34,15,0,0,1,332.0
1,61,78,2,0,0,1,6.5
25,10,0,14,0,0,1,324.0
2,7,74,2,0,0,1,6.5
5,56,20,14,0,0,1,320.0
2,96,72,2,0,0,1,6.5
4,39,74,2,0,0,1,6.5
7,97,72,2,0,0,1,6.5
52,90,34,13,0,0,1,292.0
10,2,70,2,0,0,1,6.5
11,91,74,2,0,0,1,6.5
12,71,78,2,0,0,1,6.5
16,57,74,2,0,0,1,6.5
19,37,74,2,0,0,1,6.5
53,5,63,13,0,0,1,288.0
95,13,62,13,0,0,1,280.0
19,55,70,2,0,0,1,6.5
18,27,0,13,0,0,1,280.0
19,74,68,2,0,0,1,6.5
20,22,74,2,0,0,1,6.5
26,21,74,2,0,0,1,6.5
10,80,14,12,0,0,1,272.0
26,68,72,2,0,0,1,6.5
92,13,34,12,0,1,1,268.0
31,16,70,2,0,0,1,6.5
18,60,22,12,0,0,1,264.0
32,11,76,2,0,0,1,6.5
15,43,42,12,0,0,1,264.0
32,67,74,2,0,0,1,6.5
34,54,74,2,0,0,1,6.5
34,79,72,2,0,0,1,6.5
52,28,49,12,0,0,1,260.0
70,7,54,12,0,0,1,252.0
35,13,76,2,0,0,1,6.5
35,80,74,2,0,0,1,6.5
40,73,56,12,0,0,1,252.0
36,33,74,2,0,0,1,6.5
37,59,76,2,0,0,1,6.5
38,36,72,2,0,0,1,6.5
98,42,18,11,0,0,1,249.0
96,62,39,11,0,0,1,249.0
41,44,78,2,0,0,1,6.5
41,64,74,2,0,0,1,6.5
43,50,72,2,0,0,1,6.5
85,48,0,11,0,0,1,249.0
65,54,43,11,0,0,1,249.0
57,25,14,11,1,0,1,249.0
44,62,74,2,0,0,1,6.5
45,28,74,2,0,0,1,6.5
46,11,70,2,0,0,1,6.5
46,26,68,2,0,0,1,6.5
46,69,74,2,0,0,1,6.5
47,12,76,2,0,0,1,6.5
68,28,61,11,0,0,1,246.5
9,88,0,11,0,0,1,246.5
49,18,78,2,0,0,1,6.5
99,40,0,11,0,1,1,244.0
77,55,0,11,0,0,1,244.0
49,19,66,2,0,0,1,6.5
51,6,78,2,0,0,1,6.5
51,16,44,11,0,0,1,244.0
38,1,60,11,0,1,1,244.0
36,29,38,11,0,1,1,244.0
51,8,66,2,0,0,1,6.5
51,81,74,2,0,0,1,6.5
53,52,78,2,0,0,1,6.5
55,66,76,2,0,0,1,6.5
61,17,76,2,0,0,1,6.5
64,31,68,2,0,0,1,6.5
65,58,78,2,0,0,1,6.5
68,60,78,2,0,0,1,6.5
69,15,72,2,0,0,1,6.5
69,92,70,2,0,0,1,6.5
4,2,22,11,0,0,1,244.0
70,3,70,2,0,0,1,6.5
71,93,74,2,0,0,1,6.5
76,43,70,2,0,0,1,6.5
78,10,78,2,0,0,1,6.5
78,34,76,2,0,0,1,6.5
1,33,38,11,1,0,1,244.0
79,21,78,2,0,0,1,6.5
14,72,44,11,0,0,1,241.5
0,84,41,11,0,0,1,241.5
81,3,68,2,0,0,1,6.5
82,60,74,2,0,0,1,6.5
83,40,78,2,0,0,1,6.5
0,53,17,11,0,0,1,241.5
90,1,49,11,0,1,1,239.0
84,81,78,2,0,0,1,6.5
89,27,68,2,0,0,1,6.5
91,88,72,2,0,0,1,6.5
78,15,54,11,0,0,1,239.0
94,20,78,2,0,0,1,6.5
94,24,72,2,0,0,1,6.5
61,77,11,11,0,0,1,239.0
96,11,68,2,0,0,1,6.5
97,91,70,2,0,0,1,6.5
23,24,0,11,0,1,1,239.0
5,52,0,11,0,0,1,239.0
99,72,76,2,0,0,1,6.5
99,77,72,2,0,0,1,6.5
3,9,11,11,0,0,1,239.0
0,77,76,2,0,0,1,9.0
4,46,55,2,0,0,1,9.0
95,50,25,11,0,0,1,236.5
7,17,70,2,0,0,1,9.0
11,41,72,2,0,0,1,9.0
11,90,66,2,0,0,1,9.0
14,56,74,2,0,0,1,9.0
14,97,68,2,0,0,1,9.0
70,54,0,11,1,0,1,236.5
16,25,25,11,0,0,1,236.5
15,54,78,2,0,0,1,9.0
16,36,68,2,0,0,1,9.0
19,18,64,2,0,0,1,9.0
19,83,62,2,0,0,1,9.0
20,45,72,2,0,0,1,9.0
21,27,72,2,0,0,1,9.0
22,47,72,2,0,0,1,9.0
79,13,0,11,0,1,1,236.0
19,90,0,11,0,1,1,234.0
16,73,55,11,0,1,1,234.0
21,72,55,11,0,0,1,231.5
22,77,68,2,0,0,1,9.0
22,87,70,2,0,0,1,9.0
98,87,29,11,0,0,1,229.0
76,98,40,11,0,0,1,229.0
65,98,54,11,0,0,1,229.0
59,22,54,11,0,0,1,229.0
58,62,50,11,0,0,1,229.0
23,47,74,2,0,0,1,9.0
23,89,66,2,0,0,1,9.0
25,55,74,2,0,0,1,9.0
18,59,66,11,0,1,1,229.0
72,17,0,11,1,0,1,226.5
26,20,70,2,0,0,1,9.0
30,75,72,2,0,0,1,9.0
35,24,37,11,0,1,1,226.5
31,41,66,2,0,0,1,9.0
22,1,0,11,0,2,1,226.5
31,97,64,2,0,0,1,9.0
99,87,11,10,0,0,1,224.0
34,72,68,2,0,0,1,9.0
92,61,46,10,0,0,1,224.0
35,60,72,2,0,0,1,9.0
91,90,11,10,0,1,1,224.0
37,90,72,2,0,0,1,9.0
38,37,78,2,0,0,1,9.0
90,83,21,10,1,0,1,224.0
39,29,78,2,0,0,1,9.0
39,67,76,2,0,0,1,9.0
62,0,61,10,0,0,1,224.0
52,24,11,10,0,1,1,224.0
17,76,23,10,0,0,1,224.0
6,50,36,10,0,0,1,224.0
2,61,33,10,0,0,1,224.0
98,80,65,10,0,1,1,221.5
97,7,0,10,0,0,1,221.5
44,85,70,2,0,0,1,9.0
46,3,66,2,0,0,1,9.0
75,57,0,10,0,1,1,221.5
37,5,34,10,0,0,1,221.5
47,35,70,2,0,0,1,9.0
53,39,41,2,0,0,1,9.0
54,94,70,2,0,0,1,9.0
9,45,56,10,0,0,1,221.5
62,77,78,2,0,1,1,9.0
28,59,65,10,1,0,1,220.0
66,9,72,2,0,0,1,9.0
67,37,70,2,0,0,1,9.0
67,74,72,2,0,0,1,9.0
64,81,0,10,0,1,1,219.0
68,8,59,2,0,0,1,9.0
54,42,54,10,0,0,1,219.0
68,12,74,2,0,0,1,9.0
68,92,76,2,0,0,1,9.0
74,66,70,2,0,0,1,9.0
74,75,66,2,0,0,1,9.0
48,65,22,10,0,0,1,219.0
32,13,11,10,0,1,1,219.0
72,56,34,10,1,0,1,216.5
62,8,19,10,1,0,1,216.5
76,75,68,2,0,0,1,9.0
30,90,31,10,0,1,1,216.5
78,25,70,2,0,0,1,9.0
79,60,70,2,0,0,1,9.0
80,35,66,2,0,0,1,9.0
14,4,33,10,0,0,1,216.5
92,63,56,10,0,0,1,214.0
92,9,41,10,1,0,1,214.0
82,61,72,2,0,0,1,9.0
83,27,74,2,0,0,1,9.0
33,57,49,10,0,1,1,214.0
7,86,40,10,0,0,1,214.0
85,18,62,2,0,0,1,9.0
85,56,68,2,0,0,1,9.0
6,54,11,10,0,0,1,214.0
88,69,68,2,0,0,1,9.0
89,48,64,2,0,0,1,9.0
89,59,37,2,0,0,1,9.0
89,68,57,2,0,0,1,9.0
77,9,22,10,0,1,1,211.5
63,9,0,10,0,1,1,211.5
89,93,62,2,0,0,1,9.0
49,0,0,10,0,0,1,211.5
90,14,70,2,0,0,1,9.0
3,27,22,10,0,0,1,211.5
91,52,68,2,0,0,1,9.0
91,92,66,2,0,0,1,9.0
0,73,28,10,0,1,1,211.5
93,78,68,2,0,0,1,9.0
97,4,53,2,0,0,1,9.0
77,48,32,10,0,0,1,209.0
64,15,10,10,0,1,1,209.0
0,30,74,2,0,0,1,11.5
59,73,0,10,1,1,1,209.0
2,67,68,2,0,0,1,11.5
2,93,66,2,0,0,1,11.5
20,40,11,10,0,1,1,209.0
6,72,72,2,0,0,1,11.5
6,74,74,2,0,0,1,11.5
13,90,46,10,1,1,1,209.0
90,40,68,10,1,0,1,206.5
8,19,57,2,0,0,1,11.5
77,1,42,10,0,2,1,206.5
49,40,21,10,0,1,1,206.5
8,37,64,2,0,0,1,11.5
10,35,64,2,0,0,1,11.5
11,35,62,2,0,0,1,11.5
33,97,59,10,0,1,1,206.5
11,57,64,2,0,1,1,11.5
10,39,43,10,0,0,1,206.5
9,17,11,10,1,0,1,206.5
0,58,40,10,1,0,1,206.5
0,27,50,10,1,0,1,206.5
99,57,25,10,0,1,1,204.0
76,95,51,10,0,0,1,204.0
11,59,35,2,0,0,1,11.5
69,65,0,10,0,1,1,204.0
11,99,60,2,0,0,1,11.5
12,3,64,2,0,0,1,11.5
12,91,42,2,0,0,1,11.5
55,24,21,10,0,1,1,204.0
14,90,64,2,0,0,1,11.5
27,17,33,10,0,0,1,204.0
14,1,15,10,0,1,1,204.0
15,11,76,2,0,1,1,11.5
16,19,42,2,0,0,1,11.5
17,26,66,2,0,0,1,11.5
9,53,32,10,1,1,1,204.0
17,98,78,2,0,0,1,11.5
18,28,41,2,0,1,1,11.5
18,32,39,2,0,0,1,11.5
80,87,0,10,0,0,1,201.5
79,73,11,10,0,1,1,201.5
18,93,37,2,0,0,1,11.5
19,98,52,2,0,0,1,11.5
20,63,68,2,0,0,1,11.5
21,4,20,2,0,0,1,11.5
22,48,66,2,0,0,1,11.5
23,53,76,2,0,0,1,11.5
24,41,76,2,0,0,1,11.5
25,20,66,2,0,0,1,11.5
29,80,76,2,0,0,1,11.5
63,98,10,10,0,1,1,201.5
30,3,62,2,0,0,1,11.5
30,24,78,2,0,0,1,11.5
30,69,66,2,0,0,1,11.5
63,59,39,10,0,1,1,201.5
42,29,64,10,0,0,1,201.5
30,86,70,2,0,0,1,11.5
13,57,66,10,1,1,1,201.5
31,67,62,2,0,0,1,11.5
32,74,64,2,0,0,1,11.5
34,74,62,2,0,0,1,11.5
35,33,60,2,0,1,1,11.5
36,0,59,2,0,0,1,11.5
91,57,0,9,0,2,1,199.0
36,16,66,2,0,0,1,11.5
37,87,68,2,0,0,1,11.5
37,99,66,2,0,0,1,11.5
38,42,76,2,0,0,1,11.5
42,0,52,2,0,0,1,11.5
91,26,21,9,0,1,1,199.0
88,13,21,9,0,1,1,199.0
42,75,50,2,0,0,1,11.5
43,30,68,2,0,0,1,11.5
54,40,31,9,1,1,1,199.0
50,66,46,9,0,0,1,199.0
44,97,66,2,0,0,1,11.5
48,89,11,9,0,0,1,199.0
40,65,65,9,1,0,1,199.0
38,28,0,9,1,1,1,199.0
45,66,68,2,0,0,1,11.5
45,78,66,2,0,0,1,11.5
46,16,76,2,0,0,1,11.5
46,25,64,2,0,0,1,11.5
51,35,58,2,0,0,1,11.5
61,95,44,2,0,0,1,11.5
65,37,32,2,0,0,1,11.5
20,28,21,9,0,1,1,199.0
17,14,55,9,0,0,1,199.0
66,5,61,2,0,0,1,11.5
67,3,60,2,0,0,1,11.5
67,8,55,2,0,0,1,11.5
69,2,64,2,0,0,1,11.5
11,39,0,9,0,1,1,199.0
69,8,62,2,0,0,1,11.5
10,59,26,9,0,1,1,199.0
69,61,60,2,0,0,1,11.5
69,98,58,2,0,1,1,11.5
74,32,0,9,0,0,1,196.5
74,78,52,2,0,0,1,11.5
56,1,52,9,0,2,1,196.5
55,62,31,9,0,1,1,196.5
75,18,35,2,0,0,1,11.5
75,33,70,2,0,0,1,11.5
53,40,28,9,0,2,1,196.5
47,1,25,9,0,1,1,196.5
76,32,72,2,0,0,1,11.5
79,80,68,2,0,0,1,11.5
81,22,52,2,0,0,1,11.5
82,28,78,2,0,1,1,11.5
8,61,29,9,0,1,1,196.5
2,24,48,9,0,1,1,196.5
82,85,66,2,0,0,1,11.5
83,41,70,2,0,0,1,11.5
83,56,72,2,0,0,1,11.5
85,16,40,2,0,0,1,11.5
94,28,9,9,0,1,1,194.0
91,3,58,2,0,0,1,11.5
92,95,0,9,1,0,1,194.0
81,39,54,9,0,0,1,194.0
91,62,64,2,0,1,1,11.5
74,6,21,9,0,0,1,194.0
93,23,72,2,0,0,1,11.5
94,41,68,2,0,0,1,11.5
94,64,66,2,0,0,1,11.5
52,33,21,9,0,1,1,194.0
95,62,76,2,0,1,1,11.5
45,54,0,9,0,1,1,194.0
44,13,56,9,0,1,1,194.0
42,64,29,9,0,0,1,194.0
27,84,13,9,0,1,1,194.0
96,72,70,2,0,0,1,11.5
97,36,62,2,0,0,1,11.5
98,65,76,2,0,0,1,11.5
21,77,0,9,0,1,1,194.0
3,44,54,2,0,0,1,14.0
19,80,26,9,0,0,1,194.0
15,47,0,9,1,0,1,194.0
3,61,56,2,0,0,1,14.0
4,21,18,2,0,0,1,14.0
14,25,0,9,0,1,1,194.0
5,19,59,2,0,0,1,14.0
97,65,34,9,0,0,1,191.5
6,97,60,2,0,0,1,14.0
8,16,38,2,0,0,1,14.0
92,82,9,9,1,0,1,191.5
8,99,53,2,0,0,1,14.0
90,56,56,9,1,1,1,191.5
88,65,11,9,0,1,1,191.5
84,72,52,9,0,1,1,191.5
80,33,35,9,0,1,1,191.5
77,45,52,9,0,1,1,191.5
10,41,62,2,0,0,1,14.0
10,82,68,2,0,0,1,14.0
13,11,32,2,1,0,1,14.0
17,22,50,2,0,0,1,14.0
71,87,40,9,0,0,1,191.5
70,2,11,9,1,1,1,191.5
17,44,72,2,0,0,1,14.0
69,76,10,9,0,1,1,191.5
20,71,64,2,0,0,1,14.0
20,91,62,2,0,0,1,14.0
63,53,0,9,1,1,1,191.5
21,16,23,2,0,0,1,14.0
21,42,16,2,0,0,1,14.0
23,31,60,2,0,0,1,14.0
25,52,76,2,0,0,1,14.0
59,10,53,9,1,0,1,191.5
26,18,20,2,0,0,1,14.0
28,42,72,2,0,1,1,14.0
53,33,9,9,1,1,1,191.5
31,15,58,2,0,1,1,14.0
48,40,42,9,0,1,1,191.5
32,20,60,2,0,0,1,14.0
86,91,50,9,0,1,1,189.0
86,59,59,9,0,2,1,189.0
32,28,62,2,0,1,1,14.0
86,57,35,9,1,1,1,189.0
35,27,48,2,0,0,1,14.0
35,30,56,2,0,0,1,14.0
78,87,0,9,0,1,1,189.0
36,6,70,2,0,0,1,14.0
75,60,37,9,0,0,1,189.0
71,70,49,9,0,1,1,189.0
70,28,30,9,1,1,1,189.0
36,22,17,2,0,0,1,14.0
63,48,51,9,1,0,1,189.0
61,9,62,9,0,1,1,189.0
37,7,52,2,0,0,1,14.0
37,31,56,2,0,0,1,14.0
37,66,59,2,0,0,1,14.0
38,22,74,2,0,1,1,14.0
40,42,54,2,0,1,1,14.0
43,13,30,2,0,1,1,14.0
44,17,68,2,0,0,1,14.0
45,53,78,2,0,1,1,14.0
46,14,31,2,0,0,1,14.0
54,63,9,9,1,1,1,189.0
46,0,0,9,0,1,1,189.0
43,54,54,9,0,1,1,189.0
46,56,62,2,0,0,1,14.0
47,13,68,2,0,2,1,14.0
48,73,72,2,0,0,1,14.0
54,0,72,2,0,0,1,14.0
31,24,22,9,0,2,1,189.0
55,21,68,2,0,0,1,14.0
56,11,50,2,0,0,1,14.0
56,59,78,2,0,1,1,14.0
17,64,20,9,1,0,1,189.0
57,42,78,2,0,1,1,14.0
64,38,72,2,0,1,1,14.0
69,7,38,2,0,0,1,14.0
4,23,43,9,0,0,1,189.0
69,60,20,2,0,1,1,14.0
71,53,72,2,0,1,1,14.0
0,7,10,9,1,0,1,189.0
72,57,66,2,0,2,1,14.0
94,39,18,9,0,1,1,186.5
72,73,78,2,1,0,1,14.0
79,23,64,2,0,0,1,14.0
80,29,49,9,0,1,1,186.5
85,23,58,2,0,0,1,14.0
87,31,54,2,0,0,1,14.0
87,32,66,2,0,0,1,14.0
87,68,52,2,0,0,1,14.0
94,21,53,2,0,0,1,14.0
74,17,9,9,0,1,1,186.5
94,97,58,2,0,0,1,14.0
67,59,10,9,0,1,1,186.5
60,65,46,9,0,1,1,186.5
53,26,42,9,1,1,1,186.5
35,42,0,9,0,0,1,186.5
97,31,51,2,0,0,1,14.0
97,50,74,2,0,0,1,14.0
97,52,47,2,0,0,1,14.0
27,92,18,9,1,1,1,186.5
97,56,45,2,0,0,1,14.0
99,1,70,2,0,0,1,14.0
1,2,76,2,0,1,1,16.5
18,54,18,9,1,1,1,186.5
1,63,72,2,0,0,1,16.5
12,28,0,9,0,2,1,186.5
8,12,40,2,0,0,1,16.5
8,43,51,2,0,1,1,16.5
8,86,42,9,0,2,1,186.5
5,9,44,9,0,1,1,186.5
97,5,11,9,0,0,1,184.0
12,97,32,2,0,0,1,16.5
14,55,72,2,0,0,1,16.5
14,59,29,2,0,2,1,16.5
14,82,66,2,0,1,1,16.5
93,62,0,9,0,1,1,184.0
85,86,17,9,0,1,1,184.0
15,71,70,2,0,0,1,16.5
15,94,74,2,0,1,1,16.5
18,66,18,2,0,0,1,16.5
64,40,51,9,1,1,1,184.0
57,30,9,9,2,0,1,184.0
44,95,9,9,0,0,1,184.0
21,50,25,9,0,1,1,184.0
19,1,36,2,0,1,1,16.5
19,81,50,2,0,0,1,16.5
18,69,0,9,1,1,1,184.0
16,15,20,9,1,1,1,184.0
19,88,55,2,0,0,1,16.5
19,94,48,2,0,0,1,16.5
5,79,21,9,1,0,1,184.0
20,27,46,2,0,0,1,16.5
2,63,20,9,1,1,1,184.0
20,41,58,2,0,0,1,16.5
22,95,48,2,0,0,1,16.5
2,42,38,9,1,0,1,184.0
23,20,56,2,0,0,1,16.5
23,96,62,2,0,0,1,16.5
30,21,64,2,0,1,1,16.5
73,83,38,9,1,0,1,181.5
73,48,66,9,1,1,1,181.5
31,12,38,2,0,0,1,16.5
31,37,49,2,0,0,1,16.5
61,1,22,9,0,2,1,181.5
53,7,19,9,1,0,1,181.5
36,90,0,9,0,2,1,181.5
35,0,9,9,0,2,1,181.5
31,59,36,2,0,1,1,16.5
34,9,66,2,0,0,1,16.5
34,29,64,2,0,1,1,16.5
30,57,18,9,0,2,1,181.5
34,76,38,2,0,0,1,16.5
35,20,54,2,0,0,1,16.5
36,14,27,2,0,0,1,16.5
36,56,64,2,0,0,1,16.5
18,1,71,9,1,1,1,181.5
12,73,9,9,0,2,1,181.5
46,9,53,2,0,0,1,16.5
12,9,18,9,0,2,1,181.5
47,30,60,2,0,0,1,16.5
10,60,55,9,1,0,1,181.5
5,72,11,9,1,1,1,181.5
96,60,0,9,0,1,1,179.0
47,95,46,2,0,0,1,16.5
49,13,76,2,0,1,1,16.5
51,94,64,2,0,0,1,16.5
90,97,20,9,2,0,1,179.0
85,15,29,9,0,1,1,179.0
77,70,20,9,1,1,1,179.0
52,91,32,2,0,0,1,16.5
58,1,61,9,0,2,1,179.0
53,84,39,2,0,1,1,16.5
56,60,9,9,1,1,1,179.0
54,20,68,2,0,1,1,16.5
37,27,0,9,0,1,1,179.0
29,7,66,9,1,1,1,179.0
60,16,76,2,0,1,1,16.5
63,46,51,2,0,0,1,16.5
27,80,9,9,1,1,1,179.0
63,87,74,2,0,0,1,16.5
22,39,38,9,0,1,1,179.0
20,9,0,9,0,2,1,179.0
18,48,9,9,1,1,1,179.0
64,39,70,2,0,0,1,16.5
66,15,66,2,0,0,1,16.5
9,11,53,9,1,1,1,179.0
0,59,19,9,1,2,1,179.0
67,12,66,2,0,0,1,16.5
67,45,20,2,0,0,1,16.5
88,5,30,9,0,1,1,176.5
68,79,55,2,0,0,1,16.5
69,72,76,2,1,1,1,16.5
70,20,76,2,0,1,1,16.5
75,88,64,2,0,0,1,16.5
76,16,36,2,0,0,1,16.5
88,4,39,9,0,1,1,176.5
78,76,35,9,0,1,1,176.5
76,79,66,2,0,0,1,16.5
77,7,66,2,0,0,1,16.5
63,72,61,9,1,1,1,176.5
78,14,13,2,0,0,1,16.5
78,30,50,2,0,0,1,16.5
48,78,0,9,1,1,1,176.5
42,90,9,9,1,2,1,176.5
32,64,21,9,0,1,1,176.5
30,73,0,9,0,2,1,176.5
10,29,0,9,1,2,1,176.5
93,28,43,8,0,1,1,174.0
81,2,46,2,0,0,1,16.5
90,63,29,8,2,1,1,174.0
83,23,68,2,0,0,1,16.5
83,35,52,2,0,0,1,16.5
89,84,0,8,0,1,1,174.0
83,71,66,2,0,0,1,16.5
83,88,76,2,0,0,1,16.5
86,85,44,8,1,0,1,174.0
80,17,58,8,0,1,1,174.0
74,71,30,8,0,1,1,174.0
88,15,78,2,0,1,1,16.5
89,26,60,2,0,1,1,16.5
93,57,78,2,0,1,1,16.5
71,81,10,8,0,1,1,174.0
93,58,70,2,0,0,1,16.5
96,10,66,2,0,0,1,16.5
99,59,64,2,0,1,1,16.5
71,5,0,8,0,1,1,174.0
0,48,57,2,0,1,1,19.0
3,19,46,2,0,0,1,19.0
67,32,30,8,0,0,1,174.0
3,34,52,2,0,0,1,19.0
3,41,50,2,0,0,1,19.0
5,42,76,2,0,1,1,19.0
63,13,37,8,1,2,1,174.0
5,81,78,2,0,1,1,19.0
6,82,64,2,0,0,1,19.0
7,52,30,2,0,0,1,19.0
59,21,0,8,2,1,1,174.0
49,4,10,8,0,1,1,174.0
48,84,22,8,1,1,1,174.0
8,38,20,2,1,0,1,19.0
13,33,78,2,1,0,1,19.0
47,16,9,8,0,1,1,174.0
16,76,72,2,0,1,1,19.0
18,4,16,2,0,2,1,19.0
18,64,14,2,0,1,1,19.0
19,15,44,2,0,1,1,19.0
46,90,9,8,0,3,1,174.0
45,88,9,8,0,1,1,174.0
20,46,49,2,0,0,1,19.0
21,44,35,2,0,0,1,19.0
21,48,70,2,0,0,1,19.0
45,62,9,8,1,1,1,174.0
40,58,0,8,2,1,1,174.0
38,40,9,8,1,2,1,174.0
22,31,15,2,0,1,1,19.0
35,55,11,8,1,0,1,174.0
35,43,32,8,1,0,1,174.0
22,72,13,2,0,2,1,19.0
26,76,64,2,0,0,1,19.0
26,8,0,8,1,1,1,174.0
27,75,62,2,0,0,1,19.0
28,61,58,2,1,0,1,19.0
31,51,47,2,0,1,1,19.0
32,77,70,2,0,1,1,19.0
23,63,11,8,0,2,1,174.0
22,89,20,8,1,0,1,174.0
34,3,48,2,0,0,1,19.0
35,6,50,2,0,0,1,19.0
35,69,78,2,1,1,1,19.0
35,96,64,2,1,0,1,19.0
36,59,51,2,0,1,1,19.0
20,74,38,8,0,0,1,174.0
36,82,57,2,0,0,1,19.0
19,2,11,8,0,2,1,174.0
37,16,62,2,0,1,1,19.0
12,57,27,8,1,2,1,174.0
7,69,9,8,1,1,1,174.0
7,33,0,8,1,1,1,174.0
38,16,78,2,1,1,1,19.0
38,60,68,2,1,0,1,19.0
40,86,52,2,0,1,1,19.0
6,18,52,8,0,1,1,174.0
6,15,0,8,0,2,1,174.0
42,31,74,2,0,1,1,19.0
43,12,28,2,0,0,1,19.0
0,24,63,8,1,0,1,174.0
44,33,52,2,0,1,1,19.0
46,24,60,2,0,1,1,19.0
46,41,22,2,0,0,1,19.0
49,17,74,2,0,0,1,19.0
99,64,35,8,0,1,1,171.5
99,48,43,8,0,1,1,171.5
99,28,9,8,1,2,1,171.5
49,63,70,2,0,0,1,19.0
95,34,36,8,0,1,1,171.5
89,38,28,8,0,1,1,171.5
52,80,72,2,0,0,1,19.0
55,8,78,2,0,1,1,19.0
55,69,66,2,0,1,1,19.0
88,33,44,8,1,1,1,171.5
56,79,48,2,0,0,1,19.0
87,83,21,8,0,1,1,171.5
57,24,76,2,1,1,1,19.0
64,84,64,2,0,0,1,19.0
65,33,74,2,0,1,1,19.0
87,4,56,8,0,1,1,171.5
81,92,17,8,0,2,1,171.5
61,88,0,8,0,1,1,171.5
58,42,18,8,1,1,1,171.5
66,24,64,2,0,1,1,19.0
42,76,0,8,1,1,1,171.5
66,48,20,2,0,0,1,19.0
66,81,44,2,0,0,1,19.0
67,0,39,2,0,0,1,19.0
70,87,72,2,0,0,1,19.0
42,16,29,8,1,1,1,171.5
73,22,76,2,0,1,1,19.0
77,23,64,2,0,1,1,19.0
41,38,0,8,0,2,1,171.5
39,93,9,8,1,0,1,171.5
78,66,16,2,0,0,1,19.0
79,0,61,2,0,1,1,19.0
80,2,44,2,0,0,1,19.0
82,2,62,2,0,0,1,19.0
39,42,56,8,1,1,1,171.5
33,23,66,8,1,1,1,171.5
83,86,64,2,0,1,1,19.0
28,29,17,8,2,2,1,171.5
84,23,70,2,0,0,1,19.0
85,38,64,2,0,1,1,19.0
87,46,76,2,0,1,1,19.0
20,7,30,8,0,1,1,171.5
6,56,0,8,1,1,1,171.5
96,42,9,8,0,2,1,169.0
87,61,64,2,0,1,1,19.0
87,98,50,2,0,1,1,19.0
88,8,70,2,0,1,1,19.0
95,32,41,8,1,0,1,169.0
91,29,34,8,0,2,1,169.0
91,0,55,2,0,0,1,19.0
92,7,68,2,0,0,1,19.0
81,71,18,8,1,1,1,169.0
74,52,54,8,0,1,1,169.0
94,4,51,2,0,1,1,19.0
68,39,27,8,0,1,1,169.0
95,93,23,2,0,0,1,19.0
96,16,60,2,0,1,1,19.0
62,86,54,8,1,1,1,169.0
61,87,9,8,1,1,1,169.0
61,54,40,8,1,1,1,169.0
96,67,58,2,0,0,1,19.0
60,35,22,8,1,1,1,169.0
57,53,51,8,2,1,1,169.0
96,93,56,2,0,0,1,19.0
97,48,55,2,0,1,1,19.0
56,53,18,8,1,2,1,169.0
50,44,55,8,0,1,1,169.0
97,61,49,2,0,1,1,19.0
97,62,43,2,0,1,1,19.0
98,47,66,2,1,0,1,19.0
0,97,15,2,0,1,1,21.5
3,7,36,2,0,0,1,21.5
3,16,44,2,0,1,1,21.5
3,95,39,2,0,1,1,21.5
50,40,63,8,0,2,1,169.0
3,99,42,2,0,1,1,21.5
5,94,56,2,0,0,1,21.5
6,80,47,2,0,0,1,21.5
7,10,50,2,0,1,1,21.5
47,86,17,8,0,2,1,169.0
8,57,62,2,1,1,1,21.5
10,0,76,2,0,1,1,21.5
43,9,71,8,1,1,1,169.0
42,87,37,8,1,1,1,169.0
41,39,8,8,0,2,1,169.0
36,38,19,8,0,1,1,169.0
35,16,0,8,1,1,1,169.0
33,73,47,8,2,1,1,169.0
10,74,74,2,0,1,1,21.5
11,98,56,2,0,1,1,21.5
12,2,72,2,0,1,1,21.5
12,89,70,2,0,1,1,21.5
33,70,39,8,2,1,1,169.0
15,14,68,2,0,1,1,21.5
32,78,49,8,0,1,1,169.0
31,90,37,8,1,2,1,169.0
15,61,74,2,1,0,1,21.5
17,29,64,2,0,2,1,21.5
31,9,27,8,1,2,1,169.0
27,93,27,8,1,0,1,169.0
17,93,53,2,0,0,1,21.5
19,66,40,2,0,0,1,21.5
27,82,40,8,1,0,1,169.0
20,53,52,2,0,2,1,21.5
20,85,9,2,0,1,1,21.5
26,10,9,8,1,1,1,169.0
24,17,66,8,1,1,1,169.0
20,98,78,2,1,1,1,21.5
18,15,60,8,1,1,1,169.0
9,33,9,8,2,2,1,169.0
6,49,31,8,1,0,1,169.0
21,31,76,2,0,1,1,21.5
97,15,46,8,1,1,1,166.5
22,75,11,2,0,0,1,21.5
31,6,34,2,0,0,1,21.5
97,0,28,8,1,1,1,166.5
93,77,9,8,1,1,1,166.5
91,58,44,8,0,1,1,166.5
87,26,51,8,1,1,1,166.5
31,20,45,2,0,1,1,21.5
84,53,59,8,1,1,1,166.5
31,33,32,2,0,1,1,21.5
33,68,76,2,0,1,1,21.5
34,43,40,2,0,0,1,21.5
37,64,47,2,0,1,1,21.5
80,86,26,8,1,1,1,166.5
80,55,40,8,1,0,1,166.5
38,6,66,2,1,0,1,21.5
75,58,26,8,0,1,1,166.5
41,4,64,2,0,1,1,21.5
41,93,60,2,0,0,1,21.5
44,12,30,2,0,0,1,21.5
67,98,0,8,0,1,1,166.5
45,14,76,2,0,1,1,21.5
46,61,58,2,0,1,1,21.5
47,50,64,2,0,1,1,21.5
62,61,66,8,1,1,1,166.5
54,98,68,8,1,1,1,166.5
50,23,34,8,1,0,1,166.5
52,23,74,2,0,1,1,21.5
55,36,55,2,0,0,1,21.5
43,63,0,8,1,2,1,166.5
23,5,19,8,0,2,1,166.5
15,92,27,8,2,1,1,166.5
56,9,70,2,0,0,1,21.5
56,91,66,2,0,1,1,21.5
64,2,60,2,0,0,1,21.5
5,57,39,8,1,2,1,166.5
4,65,20,8,1,1,1,166.5
2,39,47,8,1,1,1,166.5
84,62,45,8,1,1,1,164.0
71,69,68,2,0,1,1,21.5
71,95,18,2,0,0,1,21.5
83,64,0,8,0,1,1,164.0
75,80,60,2,0,1,1,21.5
77,19,62,2,0,1,1,21.5
79,3,34,2,0,0,1,21.5
79,24,58,2,0,1,1,21.5
83,7,34,2,0,0,1,21.5
81,45,26,8,1,1,1,164.0
83,38,60,2,0,1,1,21.5
83,61,31,2,0,0,1,21.5
78,53,9,8,1,2,1,164.0
75,7,17,8,0,1,1,164.0
83,94,36,2,0,0,1,21.5
88,80,62,2,0,1,1,21.5
88,99,58,2,0,0,1,21.5
74,7,38,8,1,1,1,164.0
69,95,17,8,1,1,1,164.0
67,42,45,8,0,1,1,164.0
66,13,0,8,0,2,1,164.0
64,98,60,8,1,2,1,164.0
89,44,50,2,0,0,1,21.5
89,60,55,2,0,1,1,21.5
89,99,53,2,0,1,1,21.5
90,67,68,2,0,1,1,21.5
91,79,53,2,0,0,1,21.5
63,65,70,8,1,1,1,164.0
92,5,74,2,0,1,1,21.5
92,31,72,2,0,1,1,21.5
57,41,68,8,2,1,1,164.0
56,70,65,8,1,1,1,164.0
93,26,64,2,0,1,1,21.5
55,48,57,8,0,2,1,164.0
94,88,60,2,0,0,1,21.5
94,98,62,2,0,1,1,21.5
95,27,21,2,0,2,1,21.5
51,84,30,8,1,1,1,164.0
50,30,42,8,1,0,1,164.0
95,97,30,2,1,0,1,21.5
96,23,54,2,0,0,1,21.5
49,42,39,8,0,2,1,164.0
96,46,29,2,0,0,1,21.5
96,65,37,2,0,1,1,21.5
99,5,68,2,0,1,1,21.5
99,47,62,2,0,0,1,21.5
0,14,11,2,0,0,1,24.0
45,26,34,8,1,1,1,164.0
0,23,13,2,0,1,1,24.0
0,47,38,2,1,0,1,24.0
34,24,0,8,0,2,1,164.0
0,50,78,2,1,0,1,24.0
30,5,47,8,1,1,1,164.0
7,50,32,2,0,2,1,24.0
19,5,0,8,1,2,1,164.0
7,84,28,2,0,2,1,24.0
5,53,55,8,1,2,1,164.0
8,66,57,2,1,0,1,24.0
98,94,27,8,1,0,1,161.5
93,1,31,8,1,2,1,161.5
87,16,64,8,1,1,1,161.5
10,26,72,2,0,1,1,24.0
84,4,67,8,1,1,1,161.5
82,38,48,8,0,1,1,161.5
10,34,36,2,0,0,1,24.0
78,48,30,8,1,1,1,161.5
72,93,20,8,1,1,1,161.5
68,13,8,8,0,2,1,161.5
64,23,68,8,1,2,1,161.5
62,74,0,8,2,1,1,161.5
50,21,8,8,1,1,1,161.5
11,8,54,2,0,1,1,24.0
45,80,0,8,1,1,1,161.5
11,31,43,2,0,0,1,24.0
13,21,66,2,2,0,1,24.0
14,36,9,2,0,0,1,24.0
16,80,58,2,1,1,1,24.0
17,99,21,2,0,0,1,24.0
41,29,9,8,1,2,1,161.5
19,57,38,2,0,3,1,24.0
20,24,74,2,1,0,1,24.0
20,58,72,2,1,0,1,24.0
21,54,14,2,0,2,1,24.0
22,25,72,2,1,0,1,24.0
37,72,15,8,0,2,1,161.5
23,27,52,2,0,1,1,24.0
27,74,70,2,0,1,1,24.0
36,73,29,8,0,2,1,161.5
29,98,74,2,0,2,1,24.0
30,41,54,2,0,0,1,24.0
29,92,51,8,2,1,1,161.5
31,32,41,2,0,1,1,24.0
18,84,30,8,1,2,1,161.5
31,62,78,2,1,1,1,24.0
16,82,46,8,1,1,1,161.5
16,24,8,8,2,2,1,161.5
34,62,29,2,0,1,1,24.0
35,76,76,2,1,0,1,24.0
36,53,49,2,0,2,1,24.0
36,89,53,2,0,1,1,24.0
36,98,15,2,0,2,1,24.0
2,6,55,8,1,1,1,161.5
0,34,18,8,2,0,1,161.5
40,35,74,2,1,1,1,24.0
44,15,42,2,0,1,1,24.0
45,90,70,2,0,2,1,24.0
47,18,50,2,0,1,1,24.0
51,96,21,2,0,0,1,24.0
52,88,66,2,0,0,1,24.0
98,48,35,8,1,2,1,159.0
95,56,0,8,1,2,1,159.0
94,13,0,8,0,3,1,159.0
91,60,30,8,1,1,1,159.0
81,24,34,8,1,2,1,159.0
79,39,36,8,0,2,1,159.0
54,51,66,2,0,1,1,24.0
74,92,59,8,1,1,1,159.0
71,65,55,8,1,1,1,159.0
54,53,64,2,0,2,1,24.0
71,64,0,8,1,2,1,159.0
63,29,25,8,2,2,1,159.0
54,74,78,2,1,0,1,24.0
48,14,0,8,2,1,1,159.0
56,32,78,2,1,1,1,24.0
56,33,76,2,1,1,1,24.0
64,47,42,2,0,0,1,24.0
67,24,64,2,0,2,1,24.0
67,52,43,2,0,1,1,24.0
41,90,45,8,1,2,1,159.0
39,73,64,8,1,2,1,159.0
67,95,53,2,0,1,1,24.0
72,74,50,2,1,0,1,24.0
76,88,74,2,0,1,1,24.0
35,45,42,8,1,1,1,159.0
82,4,18,2,0,1,1,24.0
82,68,20,2,0,0,1,24.0
82,78,70,2,0,1,1,24.0
83,97,57,2,0,1,1,24.0
35,10,66,8,1,1,1,159.0
84,33,72,2,0,0,1,24.0
32,0,0,8,1,2,1,159.0
84,35,62,2,0,1,1,24.0
84,50,76,2,0,0,1,24.0
85,24,60,2,0,2,1,24.0
86,61,76,2,0,1,1,24.0
30,60,38,8,1,1,1,159.0
87,10,78,2,1,1,1,24.0
89,13,48,2,0,2,1,24.0
24,16,42,8,2,2,1,159.0
91,28,60,2,0,1,1,24.0
20,39,0,8,1,2,1,159.0
92,39,15,2,0,3,1,24.0
8,24,8,8,1,3,1,159.0
92,47,36,2,1,0,1,24.0
6,48,8,8,1,2,1,159.0
1,77,11,8,2,2,1,159.0
94,69,46,2,0,1,1,24.0
96,21,52,2,0,1,1,24.0
96,90,53,8,1,2,1,156.5
96,73,18,8,1,2,1,156.5
99,31,56,2,0,1,1,24.0
99,36,51,2,0,1,1,24.0
95,5,8,8,1,2,1,156.5
95,4,55,8,1,2,1,156.5
92,74,67,8,1,2,1,156.5
78,80,18,8,1,1,1,156.5
76,48,19,8,1,2,1,156.5
99,79,23,2,0,1,1,24.0
72,61,0,8,2,1,1,156.5
99,93,58,2,1,0,1,24.0
71,77,38,8,1,1,1,156.5
3,57,8,3,0,3,1,26.5
68,72,35,8,0,2,1,156.5
3,90,5,3,0,3,1,26.5
6,36,31,3,0,1,1,26.5
6,63,8,3,0,2,1,26.5
61,98,17,8,1,2,1,156.5
9,56,77,3,0,2,1,26.5
12,63,35,3,0,2,1,26.5
43,58,8,8,1,1,1,156.5
43,33,17,8,1,2,1,156.5
30,40,17,8,1,2,1,156.5
30,13,25,8,1,2,1,156.5
22,10,28,8,1,1,1,156.5
13,96,34,3,2,0,1,26.5
16,44,0,8,2,0,1,156.5
16,79,73,3,1,1,1,26.5
16,27,54,8,2,1,1,156.5
21,32,11,3,0,1,1,26.5
22,9,69,3,1,2,1,26.5
30,68,28,3,0,1,1,26.5
31,11,47,3,1,0,1,26.5
31,92,69,3,1,2,1,26.5
12,29,42,8,1,2,1,156.5
0,79,26,8,2,1,1,156.5
98,57,0,8,2,3,1,154.0
92,76,27,8,2,1,1,154.0
34,36,12,3,0,0,1,26.5
34,80,55,3,0,1,1,26.5
85,9,35,8,1,2,1,154.0
82,64,0,8,0,3,1,154.0
82,33,0,8,1,2,1,154.0
35,48,59,3,1,1,1,26.5
35,49,56,3,1,0,1,26.5
80,24,50,8,2,2,1,154.0
36,10,40,3,1,0,1,26.5
77,52,29,8,1,1,1,154.0
36,41,47,3,1,0,1,26.5
76,44,44,8,1,1,1,154.0
75,87,52,8,0,2,1,154.0
73,60,46,8,2,1,1,154.0
36,58,77,3,1,1,1,26.5
72,53,26,8,2,2,1,154.0
70,64,8,8,2,2,1,154.0
36,66,37,3,1,0,1,26.5
42,27,47,3,0,2,1,26.5
42,48,13,3,0,3,1,26.5
67,25,22,8,0,1,1,154.0
55,9,43,8,1,2,1,154.0
42,67,10,3,0,1,1,26.5
43,8,65,3,0,1,1,26.5
43,31,24,3,0,1,1,26.5
54,15,16,8,2,2,1,154.0
50,28,50,8,1,2,1,154.0
49,27,47,8,0,3,1,154.0
47,27,52,8,0,2,1,154.0
43,47,68,3,1,1,1,26.5
38,90,36,8,1,3,1,154.0
38,67,13,8,2,1,1,154.0
45,30,17,3,0,2,1,26.5
46,35,19,3,0,1,1,26.5
46,43,26,3,0,1,1,26.5
35,29,66,8,2,2,1,154.0
46,71,61,3,1,0,1,26.5
49,58,63,3,0,1,1,26.5
49,66,60,3,0,1,1,26.5
51,12,71,3,0,1,1,26.5
55,46,52,3,0,1,1,26.5
31,13,58,8,1,2,1,154.0
56,40,73,3,1,2,1,26.5
59,0,23,3,1,3,1,26.5
61,79,8,3,0,1,1,26.5
28,97,36,8,2,1,1,154.0
64,93,39,3,0,0,1,26.5
66,45,23,3,0,1,1,26.5
28,94,25,8,2,1,1,154.0
19,13,16,8,1,2,1,154.0
67,4,77,3,1,1,1,26.5
67,85,55,3,1,0,1,26.5
14,53,34,8,1,2,1,154.0
70,5,67,3,0,2,1,26.5
70,12,77,3,1,1,1,26.5
9,23,51,8,2,1,1,154.0
70,73,74,3,1,2,1,26.5
75,23,47,3,0,1,1,26.5
75,32,14,3,0,1,1,26.5
75,41,44,3,1,0,1,26.5
92,10,36,8,2,1,1,151.5
88,86,66,8,1,1,1,151.5
75,97,77,3,1,1,1,26.5
83,39,8,8,0,4,1,151.5
77,39,46,8,1,2,1,151.5
78,38,45,3,0,1,1,26.5
76,5,52,8,1,2,1,151.5
78,83,10,3,0,1,1,26.5
78,95,77,3,1,1,1,26.5
67,29,0,8,1,3,1,151.5
62,37,23,8,2,0,1,151.5
79,67,50,3,0,1,1,26.5
56,77,26,8,1,2,1,151.5
79,98,45,3,0,1,1,26.5
56,74,46,8,1,1,1,151.5
81,34,71,3,0,1,1,26.5
81,91,63,3,0,1,1,26.5
54,86,0,8,2,2,1,151.5
82,15,59,3,0,2,1,26.5
44,86,18,8,0,3,1,151.5
40,49,37,8,2,1,1,151.5
82,34,59,3,1,0,1,26.5
40,48,45,8,2,2,1,151.5
33,50,66,8,2,1,1,151.5
82,91,77,3,1,1,1,26.5
28,4,63,8,2,2,1,151.5
24,25,66,8,2,1,1,151.5
83,70,54,3,0,2,1,26.5
83,74,47,3,0,0,1,26.5
86,27,73,3,0,1,1,26.5
87,47,75,3,1,1,1,26.5
89,98,45,3,0,2,1,26.5
23,59,31,8,1,2,1,151.5
17,4,0,8,1,1,1,151.5
14,13,50,8,1,2,1,151.5
91,32,74,3,1,1,1,26.5
9,94,59,8,2,1,1,151.5
91,53,69,3,1,1,1,26.5
99,65,28,7,1,1,1,149.0
92,85,77,3,1,1,1,26.5
86,17,29,7,2,1,1,149.0
84,82,8,7,2,1,1,149.0
93,15,20,3,0,3,1,26.5
93,84,17,3,0,2,1,26.5
95,22,66,3,1,1,1,26.5
84,36,0,7,2,1,1,149.0
96,47,31,3,0,1,1,26.5
96,99,25,3,0,1,1,26.5
99,46,73,3,1,1,1,26.5
83,72,43,7,1,2,1,149.0
0,95,73,3,1,1,1,29.0
3,69,2,3,0,2,1,29.0
78,50,38,7,1,2,1,149.0
75,59,8,7,1,2,1,149.0
5,95,53,3,0,2,1,29.0
71,39,63,7,1,0,1,149.0
9,54,74,3,0,2,1,29.0
68,0,43,7,0,2,1,149.0
11,6,40,3,0,1,1,29.0
11,47,37,3,0,1,1,29.0
11,52,26,3,0,1,1,29.0
67,87,21,7,1,1,1,149.0
12,75,74,3,1,1,1,29.0
12,82,68,3,1,1,1,29.0
16,5,41,3,1,2,1,29.0
58,28,34,7,1,3,1,149.0
55,67,28,7,1,1,1,149.0
16,18,38,3,1,1,1,29.0
17,81,47,3,0,1,1,29.0
54,47,24,7,2,1,1,149.0
18,55,68,3,1,1,1,29.0
51,82,15,7,1,1,1,149.0
46,81,64,7,1,1,1,149.0
20,35,53,3,1,1,1,29.0
46,40,0,7,1,3,1,149.0
21,15,71,3,1,1,1,29.0
44,59,68,7,1,2,1,149.0
41,55,0,7,1,1,1,149.0
21,87,61,3,1,1,1,29.0
23,38,31,3,0,2,1,29.0
41,1,17,7,1,3,1,149.0
37,74,8,7,1,1,1,149.0
23,92,28,3,0,3,1,29.0
34,7,46,7,1,1,1,149.0
25,19,59,3,0,1,1,29.0
26,41,18,3,1,0,1,29.0
22,28,51,7,1,1,1,149.0
31,44,52,3,1,1,1,29.0
36,39,74,3,1,1,1,29.0
20,2,29,7,1,1,1,149.0
15,25,36,7,2,0,1,149.0
12,81,50,7,1,1,1,149.0
12,76,60,7,1,1,1,149.0
39,87,77,3,1,2,1,29.0
41,3,77,3,1,1,1,29.0
41,5,65,3,1,1,1,29.0
41,20,62,3,1,1,1,29.0
11,77,19,7,0,2,1,149.0
41,33,57,3,1,1,1,29.0
43,29,61,3,1,1,1,29.0
9,91,72,7,2,2,1,149.0
43,41,54,3,1,1,1,29.0
46,15,55,3,1,1,1,29.0
8,27,23,7,1,2,1,149.0
99,74,17,7,1,1,1,146.5
46,30,58,3,1,1,1,29.0
46,67,47,3,1,1,1,29.0
98,52,20,7,1,2,1,146.5
97,37,0,7,1,1,1,146.5
96,44,0,7,1,1,1,146.5
46,75,41,3,1,1,1,29.0
46,96,18,3,1,0,1,29.0
88,77,48,7,0,2,1,146.5
47,63,53,3,1,0,1,29.0
84,25,43,7,2,0,1,146.5
72,23,50,7,2,2,1,146.5
71,29,8,7,1,3,1,146.5
70,83,58,7,1,1,1,146.5
47,82,72,3,1,1,1,29.0
69,96,26,7,1,1,1,146.5
66,57,26,7,0,3,1,146.5
47,85,14,3,1,0,1,29.0
49,68,18,3,0,1,1,29.0
66,25,9,7,0,1,1,146.5
49,93,77,3,1,1,1,29.0
50,35,77,3,1,2,1,29.0
51,28,18,3,0,1,1,29.0
65,3,39,7,1,1,1,146.5
59,69,39,7,2,1,1,146.5
51,71,68,3,0,2,1,29.0
58,54,52,7,1,2,1,146.5
56,42,34,7,1,3,1,146.5
55,37,15,7,1,1,1,146.5
52,58,63,3,0,2,1,29.0
53,3,74,3,1,1,1,29.0
59,60,20,3,1,2,1,29.0
64,32,44,3,1,1,1,29.0
53,92,0,7,2,2,1,146.5
64,65,77,3,1,2,1,29.0
66,39,33,3,0,2,1,29.0
51,95,0,7,1,2,1,146.5
66,43,65,3,1,1,1,29.0
67,1,65,3,1,0,1,29.0
67,53,74,3,1,2,1,29.0
48,25,27,7,2,2,1,146.5
69,62,71,3,1,0,1,29.0
43,45,29,7,1,2,1,146.5
42,35,64,7,1,3,1,146.5
77,57,59,3,1,1,1,29.0
37,92,44,7,1,2,1,146.5
33,5,27,7,2,2,1,146.5
79,8,31,3,0,1,1,29.0
79,75,70,3,1,1,1,29.0
82,41,42,3,1,1,1,29.0
83,51,18,3,0,2,1,29.0
32,56,17,7,1,2,1,146.5
85,29,52,3,0,3,1,29.0
31,63,0,7,1,3,1,146.5
26,0,34,7,2,2,1,146.5
89,25,42,3,0,1,1,29.0
89,85,39,3,0,2,1,29.0
22,69,58,7,1,1,1,146.5
90,82,61,3,0,2,1,29.0
22,19,8,7,1,1,1,146.5
91,18,47,3,1,1,1,29.0
19,9,19,7,0,3,1,146.5
91,50,60,3,1,1,1,29.0
93,25,56,3,1,0,1,29.0
95,21,49,3,1,1,1,29.0
97,44,25,3,1,1,1,29.0
2,29,57,3,0,3,1,31.5
2,41,69,3,1,2,1,31.5
3,42,26,3,1,1,1,31.5
17,74,36,7,1,2,1,146.5
17,39,43,7,1,3,1,146.5
3,66,71,3,1,1,1,31.5
3,76,61,3,1,0,1,31.5
6,16,17,3,1,1,1,31.5
6,61,52,3,1,1,1,31.5
6,81,75,3,1,1,1,31.5
14,52,8,7,1,1,1,146.5
9,66,0,7,3,1,1,146.5
9,28,71,7,3,2,1,146.5
7,2,63,3,1,1,1,31.5
7,27,77,3,1,1,1,31.5
6,95,20,7,1,2,1,146.5
12,32,57,3,1,0,1,31.5
12,54,39,3,1,2,1,31.5
6,53,66,7,1,2,1,146.5
3,1,0,7,1,3,1,146.5
17,60,44,3,0,2,1,31.5
19,23,77,3,1,1,1,31.5
0,26,50,7,2,2,1,146.5
20,66,57,3,1,1,1,31.5
98,36,8,7,2,1,1,144.0
91,94,38,7,1,0,1,144.0
21,18,44,3,1,1,1,31.5
22,91,17,3,1,1,1,31.5
25,94,53,3,0,1,1,31.5
30,49,74,3,1,1,1,31.5
30,78,67,3,1,1,1,31.5
91,65,0,7,1,2,1,144.0
31,93,66,3,1,1,1,31.5
91,20,8,7,1,1,1,144.0
33,22,63,3,1,2,1,31.5
33,66,54,3,1,1,1,31.5
34,52,45,3,0,1,1,31.5
90,9,61,7,2,3,1,144.0
89,40,55,7,1,2,1,144.0
34,98,42,3,0,2,1,31.5
84,8,20,7,2,2,1,144.0
35,83,50,3,1,1,1,31.5
81,52,57,7,1,2,1,144.0
37,65,44,3,0,2,1,31.5
80,96,48,7,1,2,1,144.0
77,86,62,7,1,2,1,144.0
76,89,0,7,2,1,1,144.0
75,74,24,7,1,1,1,144.0
37,76,12,3,0,2,1,31.5
75,26,0,7,1,2,1,144.0
38,9,57,3,1,3,1,31.5
72,19,64,7,2,1,1,144.0
39,13,35,3,1,3,1,31.5
41,51,39,3,1,1,1,31.5
68,80,0,7,0,2,1,144.0
42,22,48,3,2,1,1,31.5
67,49,58,7,1,1,1,144.0
66,77,34,7,1,2,1,144.0
65,42,63,7,1,2,1,144.0
43,99,48,3,1,1,1,31.5
55,89,7,7,1,1,1,144.0
45,16,77,3,1,2,1,31.5
49,16,55,3,1,1,1,31.5
50,1,0,7,1,4,1,144.0
49,30,71,3,1,1,1,31.5
49,76,33,3,1,0,1,31.5
44,24,16,7,1,3,1,144.0
50,49,22,3,1,1,1,31.5
51,36,61,3,0,1,1,31.5
54,49,65,3,1,1,1,31.5
41,54,31,7,1,2,1,144.0
34,1,7,7,1,3,1,144.0
58,7,60,3,1,1,1,31.5
62,65,40,3,1,2,1,31.5
64,85,11,3,1,0,1,31.5
32,43,24,7,1,2,1,144.0
66,60,77,3,1,1,1,31.5
67,65,71,3,1,2,1,31.5
68,66,24,3,0,1,1,31.5
71,25,58,3,0,1,1,31.5
30,81,0,7,1,2,1,144.0
26,25,7,7,2,2,1,144.0
76,41,77,3,1,2,1,31.5
23,81,15,7,1,2,1,144.0
79,50,19,3,1,1,1,31.5
16,55,35,7,2,1,1,144.0
82,51,55,3,1,0,1,31.5
83,53,29,3,1,1,1,31.5
16,13,70,7,2,2,1,144.0
83,54,77,3,1,2,1,31.5
84,11,67,3,0,1,1,31.5
10,73,21,7,1,1,1,144.0
10,7,53,7,2,1,1,144.0
7,96,7,7,2,1,1,144.0
6,2,43,7,1,2,1,144.0
3,24,29,7,1,3,1,144.0
2,92,0,7,1,3,1,144.0
85,21,26,3,0,1,1,31.5
85,60,65,3,1,0,1,31.5
96,63,38,7,1,2,1,141.5
87,38,72,3,1,2,1,31.5
91,40,25,3,1,2,1,31.5
92,94,38,3,1,1,1,31.5
96,50,45,7,1,2,1,141.5
93,73,69,3,1,0,1,31.5
94,36,71,3,1,1,1,31.5
91,81,7,7,2,2,1,141.5
94,46,44,3,1,1,1,31.5
94,52,77,3,1,1,1,31.5
95,87,34,3,1,1,1,31.5
89,15,43,7,1,2,1,141.5
83,69,13,7,1,2,1,141.5
83,55,0,7,1,2,1,141.5
81,36,22,7,2,1,1,141.5
96,35,74,3,1,2,1,31.5
96,55,77,3,1,1,1,31.5
75,27,62,7,1,1,1,141.5
67,76,35,7,1,2,1,141.5
96,68,71,3,1,1,1,31.5
96,71,15,3,1,1,1,31.5
98,26,53,3,1,3,1,31.5
99,25,77,3,1,1,1,31.5
67,57,59,7,2,2,1,141.5
0,36,68,3,2,1,1,34.0
2,14,66,3,1,2,1,34.0
2,89,8,3,1,0,1,34.0
63,88,52,7,2,1,1,141.5
3,13,68,3,1,3,1,34.0
7,46,27,3,1,1,1,34.0
7,63,48,3,2,1,1,34.0
7,93,74,3,2,1,1,34.0
56,19,24,7,2,1,1,141.5
52,74,0,7,1,2,1,141.5
52,18,15,7,1,2,1,141.5
8,94,50,3,1,1,1,34.0
52,0,62,7,1,3,1,141.5
11,60,29,3,0,2,1,34.0
12,31,21,3,1,1,1,34.0
48,53,65,7,2,3,1,141.5
12,36,18,3,1,1,1,34.0
12,78,36,3,1,2,1,34.0
44,26,7,7,1,3,1,141.5
34,70,0,7,1,2,1,141.5
28,40,7,7,3,3,1,141.5
22,98,0,7,1,3,1,141.5
12,99,6,3,1,1,1,34.0
20,65,15,7,1,2,1,141.5
14,37,73,3,1,1,1,34.0
16,38,67,3,2,2,1,34.0
17,34,77,3,1,1,1,34.0
14,60,58,7,1,1,1,141.5
10,27,0,7,2,2,1,141.5
17,52,74,3,1,1,1,34.0
4,92,31,7,1,3,1,141.5
4,31,7,7,2,1,1,141.5
19,34,33,3,1,0,1,34.0
0,82,71,7,2,2,1,141.5
99,70,35,7,1,2,1,139.0
19,49,52,3,1,1,1,34.0
98,1,25,7,2,3,1,139.0
97,38,7,7,1,3,1,139.0
96,95,61,7,1,2,1,139.0
93,61,0,7,1,2,1,139.0
20,50,65,3,1,2,1,34.0
22,18,41,3,1,1,1,34.0
22,73,38,3,1,0,1,34.0
24,31,34,3,1,2,1,34.0
26,82,31,3,1,1,1,34.0
92,0,57,7,2,2,1,139.0
26,95,69,3,1,1,1,34.0
89,53,14,7,1,3,1,139.0
27,58,43,3,0,2,1,34.0
27,65,65,3,0,2,1,34.0
27,83,70,3,1,1,1,34.0
84,19,50,7,2,2,1,139.0
83,9,32,7,1,3,1,139.0
29,48,77,3,1,1,1,34.0
80,71,70,7,2,1,1,139.0
30,61,61,3,1,1,1,34.0
30,63,77,3,1,2,1,34.0
32,68,68,3,1,1,1,34.0
76,21,16,7,2,1,1,139.0
34,48,26,3,0,3,1,34.0
37,8,9,3,0,2,1,34.0
41,43,28,3,1,3,1,34.0
44,10,47,3,0,1,1,34.0
69,11,48,7,1,2,1,139.0
68,63,45,7,1,2,1,139.0
44,11,44,3,0,1,1,34.0
45,11,73,3,1,1,1,34.0
45,38,64,3,1,2,1,34.0
67,38,21,7,2,2,1,139.0
57,5,44,7,3,2,1,139.0
46,85,32,3,1,1,1,34.0
47,38,61,3,1,2,1,34.0
47,61,65,3,1,2,1,34.0
49,69,68,3,1,2,1,34.0
54,90,44,7,2,3,1,139.0
49,73,26,3,1,2,1,34.0
49,74,18,3,1,0,1,34.0
49,90,0,7,1,4,1,139.0
51,86,77,3,1,1,1,34.0
53,55,77,3,2,2,1,34.0
45,86,8,7,2,2,1,139.0
54,44,27,3,1,0,1,34.0
55,29,49,3,0,3,1,34.0
56,81,43,3,1,1,1,34.0
57,70,46,3,1,2,1,34.0
59,61,55,3,2,1,1,34.0
44,8,34,7,1,1,1,139.0
39,35,16,7,2,2,1,139.0
60,87,34,3,0,2,1,34.0
37,50,22,7,1,2,1,139.0
61,33,26,3,1,3,1,34.0
64,25,32,3,1,1,1,34.0
37,4,29,7,1,2,1,139.0
65,95,27,3,2,1,1,34.0
36,62,53,7,1,2,1,139.0
66,99,68,3,1,1,1,34.0
35,95,7,7,2,2,1,139.0
28,48,72,7,3,2,1,139.0
27,30,7,7,2,1,1,139.0
67,75,44,3,1,2,1,34.0
24,4,0,7,3,2,1,139.0
68,33,17,3,0,3,1,34.0
22,67,0,7,2,2,1,139.0
12,59,9,7,1,3,1,139.0
69,1,55,3,1,3,1,34.0
69,23,36,3,1,2,1,34.0
71,11,50,3,1,1,1,34.0
74,28,33,3,1,2,1,34.0
74,47,56,3,1,1,1,34.0
75,1,19,3,1,2,1,34.0
75,13,59,3,1,3,1,34.0
75,98,56,3,1,2,1,34.0
76,78,74,3,1,1,1,34.0
11,73,9,7,0,3,1,139.0
10,4,18,7,2,2,1,139.0
8,50,41,7,1,3,1,139.0
78,71,46,3,1,1,1,34.0
5,65,34,7,2,3,1,139.0
79,14,65,3,1,1,1,34.0
4,84,71,7,2,2,1,139.0
3,64,16,7,1,2,1,139.0
2,16,19,7,2,2,1,139.0
80,7,11,3,0,3,1,34.0
99,0,60,7,1,4,1,136.5
82,29,63,3,1,3,1,34.0
82,95,39,3,1,2,1,34.0
83,0,65,3,1,2,1,34.0
97,58,69,7,1,1,1,136.5
83,30,55,3,1,1,1,34.0
96,74,7,7,2,2,1,136.5
84,18,77,3,1,2,1,34.0
96,9,39,7,2,3,1,136.5
85,6,28,3,1,1,1,34.0
86,53,74,3,1,3,1,34.0
89,43,40,3,1,1,1,34.0
93,66,51,3,1,1,1,34.0
95,18,27,7,2,2,1,136.5
93,68,63,3,1,1,1,34.0
94,93,47,3,1,1,1,34.0
95,29,63,3,1,4,1,34.0
94,63,7,7,1,3,1,136.5
90,88,72,7,2,2,1,136.5
88,84,59,7,1,2,1,136.5
83,76,23,7,2,2,1,136.5
70,60,65,7,2,1,1,136.5
97,78,54,3,1,2,1,34.0
99,3,55,3,1,1,1,34.0
99,97,45,3,1,2,1,34.0
3,14,47,3,1,1,1,36.5
3,45,65,3,1,2,1,36.5
3,88,36,3,1,1,1,36.5
68,40,21,7,1,3,1,136.5
5,16,77,3,1,3,1,36.5
5,70,71,3,1,3,1,36.5
6,22,63,3,1,3,1,36.5
7,40,77,3,2,1,1,36.5
11,28,16,3,0,3,1,36.5
11,66,47,3,1,1,1,36.5
61,56,8,7,2,2,1,136.5
17,75,53,3,1,1,1,36.5
57,10,11,7,3,2,1,136.5
18,94,27,3,1,2,1,36.5
21,29,58,3,1,1,1,36.5
21,84,55,3,1,1,1,36.5
21,88,77,3,1,1,1,36.5
23,52,40,3,1,1,1,36.5
23,84,10,3,1,1,1,36.5
33,37,18,3,1,2,1,36.5
34,16,15,3,0,3,1,36.5
53,49,42,7,2,2,1,136.5
51,19,7,7,1,2,1,136.5
34,40,9,3,0,4,1,36.5
50,13,8,7,2,3,1,136.5
36,15,65,3,1,2,1,36.5
36,74,44,3,1,2,1,36.5
36,81,34,3,1,2,1,36.5
43,87,0,7,2,2,1,136.5
38,27,75,3,1,2,1,36.5
38,73,37,7,2,2,1,136.5
43,15,58,3,1,3,1,36.5
35,26,23,7,2,2,1,136.5
43,52,37,3,1,1,1,36.5
43,84,45,3,1,3,1,36.5
46,79,38,3,1,1,1,36.5
34,97,17,7,1,1,1,136.5
32,4,47,7,1,2,1,136.5
46,99,35,3,1,2,1,36.5
26,81,41,7,2,2,1,136.5
49,10,49,3,1,2,1,36.5
49,34,30,3,1,1,1,36.5
26,49,14,7,2,2,1,136.5
49,60,15,3,1,2,1,36.5
52,65,51,3,1,2,1,36.5
25,81,48,7,1,2,1,136.5
55,5,74,3,1,2,1,36.5
23,42,0,7,1,2,1,136.5
55,82,25,3,1,1,1,36.5
22,88,17,7,2,1,1,136.5
56,23,61,3,2,1,1,36.5
61,40,62,3,2,1,1,36.5
22,65,7,7,2,2,1,136.5
20,95,22,7,1,3,1,136.5
64,24,18,3,1,2,1,36.5
65,84,68,3,2,2,1,36.5
18,76,42,7,2,2,1,136.5
68,36,15,3,1,1,1,36.5
14,98,15,7,1,3,1,136.5
69,24,33,3,1,4,1,36.5
71,48,77,3,1,3,1,36.5
75,29,38,3,1,3,1,36.5
14,45,22,7,1,2,1,136.5
77,6,75,3,1,2,1,36.5
84,31,42,3,1,2,1,36.5
84,87,40,3,2,2,1,36.5
88,36,41,3,1,2,1,36.5
12,1,70,7,2,2,1,136.5
89,14,31,3,1,1,1,36.5
90,64,65,3,1,2,1,36.5
90,77,43,3,1,2,1,36.5
91,8,22,3,1,3,1,36.5
11,18,0,7,1,2,1,136.5
98,7,32,7,2,2,1,134.0
91,47,50,3,2,1,1,36.5
94,22,68,3,1,2,1,36.5
95,61,42,7,2,2,1,134.0
94,72,56,3,1,3,1,36.5
81,50,55,7,2,2,1,134.0
94,81,41,3,1,3,1,36.5
96,30,35,3,1,1,1,36.5
74,94,14,7,2,1,1,134.0
72,54,57,7,2,3,1,134.0
66,42,17,7,1,2,1,134.0
97,11,70,3,2,1,1,36.5
98,97,77,3,2,2,1,36.5
1,7,39,3,2,2,1,39.0
2,53,77,3,2,3,1,39.0
3,10,52,3,1,1,1,39.0
3,74,58,3,1,2,1,39.0
6,46,24,3,2,1,1,39.0
8,39,75,3,1,2,1,39.0
8,88,59,3,1,2,1,39.0
58,86,51,7,2,2,1,134.0
52,16,27,7,2,2,1,134.0
8,96,72,3,1,2,1,39.0
46,60,7,7,1,2,1,134.0
33,11,55,7,2,2,1,134.0
26,44,57,7,2,2,1,134.0
11,50,16,3,1,1,1,39.0
26,23,64,7,2,3,1,134.0
12,48,3,3,1,3,1,39.0
18,73,35,3,2,0,1,39.0
25,91,35,7,1,2,1,134.0
19,33,74,3,1,2,1,39.0
19,39,71,3,1,2,1,39.0
25,37,36,7,2,1,1,134.0
18,99,7,7,2,2,1,134.0
21,35,41,3,1,2,1,39.0
26,19,77,3,1,2,1,39.0
15,4,8,7,2,3,1,134.0
26,93,74,3,1,2,1,39.0
30,71,64,3,1,2,1,39.0
14,58,0,7,2,2,1,134.0
12,13,15,7,2,3,1,134.0
30,82,14,3,1,2,1,39.0
9,59,46,7,3,2,1,134.0
33,17,77,3,2,2,1,39.0
6,76,49,7,2,2,1,134.0
33,72,63,3,2,3,1,39.0
34,38,58,3,1,2,1,39.0
37,30,77,3,1,2,1,39.0
38,15,77,3,2,2,1,39.0
38,95,50,3,2,2,1,39.0
5,21,60,7,2,2,1,134.0
40,84,77,3,2,3,1,39.0
41,42,25,3,1,2,1,39.0
91,24,42,7,2,3,1,131.5
41,83,74,3,2,1,1,39.0
85,90,17,7,1,3,1,131.5
84,92,7,7,3,2,1,131.5
41,96,66,3,2,2,1,39.0
80,52,7,7,2,2,1,131.5
44,72,39,3,0,3,1,39.0
44,98,32,3,0,3,1,39.0
79,59,0,7,1,3,1,131.5
46,82,21,3,1,2,1,39.0
47,24,47,3,1,4,1,39.0
78,62,60,7,1,2,1,131.5
47,26,44,3,1,3,1,39.0
74,44,21,7,2,2,1,131.5
48,62,61,3,0,3,1,39.0
52,13,71,3,1,3,1,39.0
70,15,23,7,2,3,1,131.5
69,97,5,7,2,2,1,131.5
69,84,20,7,2,3,1,131.5
55,10,71,3,1,2,1,39.0
69,53,27,7,2,3,1,131.5
68,5,0,7,1,3,1,131.5
55,18,65,3,1,2,1,39.0
61,36,15,7,2,2,1,131.5
56,76,69,3,2,1,1,39.0
62,45,70,3,2,1,1,39.0
55,2,51,7,1,2,1,131.5
63,24,74,3,2,2,1,39.0
54,99,59,7,2,2,1,131.5
38,49,0,7,3,2,1,131.5
36,80,22,7,2,2,1,131.5
67,15,68,3,2,1,1,39.0
36,77,0,7,2,2,1,131.5
68,70,60,3,1,2,1,39.0
35,2,0,7,2,2,1,131.5
68,75,35,3,1,1,1,39.0
69,20,50,3,2,1,1,39.0
71,60,26,3,1,2,1,39.0
34,82,64,7,1,2,1,131.5
72,50,73,3,1,2,1,39.0
34,4,36,7,2,2,1,131.5
25,60,0,7,2,2,1,131.5
22,43,31,7,2,2,1,131.5
73,81,77,3,1,2,1,39.0
20,76,36,7,1,3,1,131.5
13,53,38,7,3,3,1,131.5
12,4,0,7,2,3,1,131.5
75,53,50,3,1,3,1,39.0
11,27,30,7,1,2,1,131.5
7,85,0,7,2,1,1,131.5
75,76,32,3,1,2,1,39.0
78,32,57,3,1,1,1,39.0
79,95,77,3,1,2,1,39.0
80,48,37,3,1,3,1,39.0
6,27,14,7,2,2,1,131.5
82,47,34,3,1,1,1,39.0
4,52,34,7,3,2,1,131.5
4,27,60,7,3,2,1,131.5
83,24,39,3,1,3,1,39.0
87,3,7,7,2,1,1,129.0
88,26,31,3,1,2,1,39.0
88,58,28,3,1,2,1,39.0
86,35,71,7,2,3,1,129.0
88,66,25,3,1,2,1,39.0
85,13,45,7,1,3,1,129.0
82,87,24,7,2,2,1,129.0
89,90,77,3,1,3,1,39.0
81,65,62,7,2,3,1,129.0
80,0,14,7,2,3,1,129.0
91,98,69,3,2,2,1,39.0
70,33,72,7,2,3,1,129.0
93,91,60,3,1,2,1,39.0
95,84,74,3,2,3,1,39.0
69,39,54,7,2,2,1,129.0
68,50,7,7,1,3,1,129.0
68,25,52,7,1,2,1,129.0
97,20,74,3,2,2,1,39.0
97,60,67,3,2,2,1,39.0
97,82,28,3,2,1,1,39.0
67,61,28,7,2,2,1,129.0
98,33,53,3,2,3,1,39.0
98,37,50,3,2,2,1,39.0
67,28,41,7,2,3,1,129.0
98,82,39,3,2,2,1,39.0
98,88,69,3,3,2,1,39.0
62,34,8,7,2,2,1,129.0
61,26,71,7,2,2,1,129.0
99,51,3,3,1,2,1,39.0
1,51,77,3,2,2,1,41.5
2,66,74,3,2,1,1,41.5
60,18,49,7,2,2,1,129.0
3,70,23,3,1,3,1,41.5
4,14,53,3,1,2,1,41.5
4,47,48,3,1,2,1,41.5
59,38,16,7,3,3,1,129.0
57,97,18,7,3,2,1,129.0
4,51,28,3,1,2,1,41.5
5,71,8,3,1,2,1,41.5
7,16,64,3,2,2,1,41.5
8,10,17,3,1,1,1,41.5
8,46,15,3,2,1,1,41.5
12,56,24,3,1,3,1,41.5
12,93,0,3,1,2,1,41.5
13,10,77,3,2,2,1,41.5
14,41,44,3,1,2,1,41.5
15,32,38,3,1,1,1,41.5
15,85,74,3,2,1,1,41.5
57,49,51,7,3,2,1,129.0
16,30,51,3,2,2,1,41.5
16,89,16,3,2,2,1,41.5
17,92,50,3,1,3,1,41.5
55,63,58,7,1,3,1,129.0
55,61,35,7,2,2,1,129.0
51,58,68,7,1,2,1,129.0
18,39,68,3,2,2,1,41.5
20,42,47,3,1,3,1,41.5
46,59,23,7,2,3,1,129.0
20,59,77,3,2,2,1,41.5
21,83,74,3,1,2,1,41.5
22,15,45,3,1,3,1,41.5
22,74,77,3,2,1,1,41.5
23,16,44,3,1,3,1,41.5
23,22,28,3,1,2,1,41.5
23,62,25,3,1,3,1,41.5
25,14,50,3,0,2,1,41.5
25,74,63,3,1,2,1,41.5
27,88,49,3,1,2,1,41.5
29,1,77,3,2,3,1,41.5
30,66,44,3,2,1,1,41.5
33,87,36,3,2,3,1,41.5
45,43,15,7,2,2,1,129.0
34,57,74,3,1,3,1,41.5
35,31,8,3,1,2,1,41.5
43,81,69,7,2,2,1,129.0
35,62,50,3,2,2,1,41.5
43,16,7,7,2,3,1,129.0
39,32,65,3,2,1,1,41.5
39,63,62,3,2,2,1,41.5
39,96,23,7,2,2,1,129.0
41,12,63,3,2,2,1,41.5
33,74,29,7,3,2,1,129.0
29,85,15,7,3,2,1,129.0
43,70,57,3,2,2,1,41.5
43,80,77,3,2,1,1,41.5
45,6,67,3,1,2,1,41.5
45,59,61,3,1,3,1,41.5
46,78,77,3,2,2,1,41.5
47,3,41,3,1,2,1,41.5
48,6,63,3,1,2,1,41.5
49,28,46,3,1,2,1,41.5
23,39,0,7,2,3,1,129.0
49,44,12,3,1,2,1,41.5
20,90,24,7,2,3,1,129.0
19,59,36,7,1,3,1,129.0
52,62,48,3,1,3,1,41.5
55,92,22,3,1,3,1,41.5
64,12,8,3,1,2,1,41.5
19,25,43,7,1,2,1,129.0
65,76,74,3,2,2,1,41.5
16,97,31,7,3,2,1,129.0
10,84,27,7,2,3,1,129.0
67,34,55,3,2,1,1,41.5
69,9,77,3,2,4,1,41.5
69,59,74,3,2,3,1,41.5
70,53,51,3,2,4,1,41.5
70,59,16,3,2,2,1,41.5
73,69,61,3,2,2,1,41.5
3,80,29,7,2,2,1,129.0
3,28,0,7,2,3,1,129.0
2,27,67,7,2,2,1,129.0
97,77,55,7,2,2,1,126.5
92,88,72,7,2,3,1,126.5
92,69,38,7,3,2,1,126.5
79,63,45,3,1,1,1,41.5
80,93,34,3,1,2,1,41.5
81,19,72,3,1,2,1,41.5
81,75,38,3,2,2,1,41.5
82,14,7,7,2,2,1,126.5
79,77,11,7,1,3,1,126.5
82,50,22,3,1,3,1,41.5
69,75,0,7,3,2,1,126.5
82,77,56,3,2,1,1,41.5
85,58,60,3,1,2,1,41.5
66,29,27,7,1,3,1,126.5
65,59,54,7,2,3,1,126.5
85,59,71,3,1,3,1,41.5
64,87,43,7,2,2,1,126.5
58,70,7,7,2,3,1,126.5
88,87,46,3,2,1,1,41.5
89,56,74,3,1,2,1,41.5
89,66,67,3,1,2,1,41.5
54,14,66,7,2,3,1,126.5
93,16,41,3,1,3,1,41.5
49,80,58,7,2,2,1,126.5
49,39,7,7,2,3,1,126.5
93,24,44,3,1,4,1,41.5
94,15,35,3,1,3,1,41.5
94,62,22,3,1,3,1,41.5
48,70,16,7,3,3,1,126.5
95,68,71,3,2,2,1,41.5
41,60,32,7,2,2,1,126.5
38,85,52,7,3,1,1,126.5
96,22,68,3,1,3,1,41.5
97,81,64,3,2,3,1,41.5
98,79,62,3,3,1,1,41.5
4,18,44,3,2,3,1,44.0
6,29,60,3,2,2,1,44.0
6,39,30,3,2,2,1,44.0
33,64,36,7,3,2,1,126.5
26,91,0,7,3,2,1,126.5
23,90,57,7,2,3,1,126.5
7,94,71,3,2,2,1,44.0
23,33,7,7,2,3,1,126.5
8,17,74,3,2,2,1,44.0
8,36,77,3,2,2,1,44.0
8,56,66,3,2,2,1,44.0
8,59,51,3,2,3,1,44.0
17,50,0,7,2,2,1,126.5
10,46,74,3,1,2,1,44.0
14,51,22,7,2,1,1,126.5
10,76,44,3,1,3,1,44.0
11,5,64,3,1,3,1,44.0
12,46,67,3,2,2,1,44.0
99,41,0,6,2,2,1,124.0
14,27,70,3,1,3,1,44.0
99,19,14,6,2,2,1,124.0
14,64,77,3,2,2,1,44.0
16,9,68,3,3,3,1,44.0
16,62,74,3,3,2,1,44.0
16,81,71,3,3,3,1,44.0
97,39,38,6,2,4,1,124.0
96,86,0,6,2,3,1,124.0
94,83,0,6,1,2,1,124.0
17,25,55,3,2,1,1,44.0
17,43,66,3,2,2,1,44.0
19,6,56,3,1,2,1,44.0
19,17,69,3,2,2,1,44.0
94,55,7,6,2,2,1,124.0
19,29,66,3,2,3,1,44.0
19,38,47,3,2,2,1,44.0
20,21,68,3,2,1,1,44.0
20,80,65,3,2,2,1,44.0
92,23,51,6,2,3,1,124.0
91,39,17,6,2,3,1,124.0
89,28,21,6,1,3,1,124.0
21,33,23,3,1,3,1,44.0
30,4,26,3,2,2,1,44.0
88,68,38,6,2,1,1,124.0
85,33,11,6,1,4,1,124.0
31,26,18,3,1,3,1,44.0
32,57,35,3,1,2,1,44.0
32,93,71,3,1,2,1,44.0
84,45,0,6,3,2,1,124.0
84,16,48,6,3,3,1,124.0
78,85,0,6,2,2,1,124.0
34,18,61,3,1,2,1,44.0
35,78,63,3,2,2,1,44.0
78,51,57,6,2,1,1,124.0
75,79,48,6,2,1,1,124.0
38,44,28,3,2,1,1,44.0
72,91,28,6,1,2,1,124.0
40,71,77,3,3,2,1,44.0
71,63,19,6,2,2,1,124.0
71,1,32,6,2,3,1,124.0
67,6,7,6,2,2,1,124.0
63,85,65,6,2,2,1,124.0
63,49,21,6,3,2,1,124.0
41,6,41,3,2,2,1,44.0
62,64,15,6,2,3,1,124.0
55,27,13,6,2,3,1,124.0
41,11,27,3,2,1,1,44.0
54,66,48,6,1,2,1,124.0
41,13,56,3,2,3,1,44.0
43,23,47,3,2,2,1,44.0
43,28,60,3,2,2,1,44.0
51,18,49,6,1,3,1,124.0
45,17,20,3,1,2,1,44.0
47,37,21,3,1,2,1,44.0
47,51,11,3,1,2,1,44.0
49,9,9,3,1,3,1,44.0
49,85,27,6,2,2,1,124.0
48,72,44,6,3,1,1,124.0
47,97,0,6,1,3,1,124.0
49,72,70,3,2,1,1,44.0
46,95,14,6,2,2,1,124.0
50,39,74,3,1,3,1,44.0
50,86,77,3,2,3,1,44.0
52,76,23,3,1,3,1,44.0
54,25,11,3,2,3,1,44.0
54,48,8,3,2,3,1,44.0
46,19,0,6,2,2,1,124.0
42,21,29,6,2,1,1,124.0
56,58,41,3,2,1,1,44.0
56,69,47,3,2,2,1,44.0
60,41,74,3,1,3,1,44.0
62,18,39,3,2,2,1,44.0
41,99,20,6,2,2,1,124.0
41,75,7,6,2,2,1,124.0
37,79,54,6,1,1,1,124.0
64,76,71,3,2,2,1,44.0
66,0,41,3,1,3,1,44.0
66,31,14,3,1,2,1,44.0
35,84,34,6,2,3,1,124.0
67,83,77,3,2,2,1,44.0
34,58,24,6,1,3,1,124.0
34,51,21,6,2,2,1,124.0
68,20,32,3,1,2,1,44.0
68,29,74,3,2,2,1,44.0
34,21,0,6,2,2,1,124.0
68,67,52,3,2,2,1,44.0
69,66,71,3,2,2,1,44.0
70,66,43,3,2,2,1,44.0
72,38,10,3,2,2,1,44.0
72,83,71,3,2,2,1,44.0
74,48,67,3,1,3,1,44.0
33,48,56,6,3,3,1,124.0
31,78,17,6,2,2,1,124.0
76,45,77,3,2,2,1,44.0
31,27,0,6,2,3,1,124.0
21,46,35,6,1,2,1,124.0
21,36,7,6,2,2,1,124.0
79,38,34,3,1,2,1,44.0
18,8,71,6,2,3,1,124.0
79,58,42,3,1,3,1,44.0
79,87,31,3,2,1,1,44.0
14,12,29,6,2,2,1,124.0
80,12,77,3,2,2,1,44.0
82,13,45,3,2,2,1,44.0
11,10,37,6,1,2,1,124.0
7,56,51,6,2,2,1,124.0
6,83,33,6,2,2,1,124.0
86,96,59,3,2,2,1,44.0
6,58,0,6,2,3,1,124.0
87,74,28,3,1,3,1,44.0
4,80,41,6,3,2,1,124.0
91,22,57,3,2,2,1,44.0
91,45,54,3,2,2,1,44.0
91,49,66,3,2,2,1,44.0
2,64,26,6,2,2,1,124.0
91,86,25,3,2,2,1,44.0
97,40,48,6,2,3,1,121.5
96,53,14,6,2,4,1,121.5
95,3,68,3,2,2,1,44.0
95,66,7,6,3,1,1,121.5
94,48,30,6,2,3,1,121.5
93,2,37,6,2,2,1,121.5
92,62,7,6,3,3,1,121.5
96,1,69,3,2,3,1,44.0
91,42,51,6,3,2,1,121.5
96,29,77,3,2,3,1,44.0
88,82,0,6,2,2,1,121.5
97,57,25,3,2,4,1,44.0
97,76,15,3,2,3,1,44.0
98,12,59,3,3,2,1,44.0
99,30,0,3,1,2,1,44.0
87,71,71,6,2,2,1,121.5
99,62,77,3,2,2,1,44.0
0,4,77,3,3,3,1,46.5
85,81,6,6,2,3,1,121.5
83,28,48,6,2,3,1,121.5
82,55,48,6,2,2,1,121.5
3,63,71,3,2,2,1,46.5
6,64,72,3,2,3,1,46.5
81,67,13,6,3,2,1,121.5
10,77,74,3,2,2,1,46.5
11,64,23,3,1,2,1,46.5
11,72,20,3,1,3,1,46.5
12,86,39,3,2,2,1,46.5
79,71,0,6,2,2,1,121.5
15,51,71,3,2,2,1,46.5
77,81,62,6,2,4,1,121.5
75,92,13,6,2,3,1,121.5
19,12,44,3,2,2,1,46.5
20,26,71,3,2,3,1,46.5
21,7,68,3,2,2,1,46.5
72,4,74,6,2,4,1,121.5
21,55,74,3,2,2,1,46.5
71,54,11,6,2,3,1,121.5
21,86,36,3,2,2,1,46.5
21,90,71,3,2,3,1,46.5
23,34,22,3,1,3,1,46.5
68,15,0,6,2,3,1,121.5
30,72,23,3,2,2,1,46.5
67,43,35,6,2,3,1,121.5
32,45,62,3,1,2,1,46.5
32,97,54,3,1,3,1,46.5
39,65,62,3,3,2,1,46.5
46,38,55,3,2,2,1,46.5
46,42,71,3,2,2,1,46.5
67,39,71,6,2,4,1,121.5
50,19,62,3,2,2,1,46.5
51,76,63,3,1,2,1,46.5
66,71,54,6,2,2,1,121.5
52,61,68,3,2,2,1,46.5
66,10,60,6,2,2,1,121.5
65,91,30,6,2,3,1,121.5
54,43,54,3,3,2,1,46.5
54,82,42,3,3,2,1,46.5
56,78,44,3,2,2,1,46.5
64,52,74,3,2,2,1,46.5
65,81,48,3,2,3,1,46.5
63,50,15,6,3,2,1,121.5
66,17,40,3,2,2,1,46.5
62,3,44,6,2,2,1,121.5
58,95,14,6,2,3,1,121.5
66,28,75,3,2,1,1,46.5
66,38,37,3,2,3,1,46.5
52,71,41,6,2,2,1,121.5
52,40,14,6,2,3,1,121.5
66,93,28,3,2,1,1,46.5
51,23,39,6,2,2,1,121.5
67,16,49,3,2,4,1,46.5
68,6,46,3,2,2,1,46.5
68,59,77,3,2,3,1,46.5
51,11,31,6,2,2,1,121.5
68,98,66,3,2,3,1,46.5
50,78,25,6,3,2,1,121.5
70,44,31,3,2,1,1,46.5
71,38,61,3,2,3,1,46.5
71,42,51,3,2,3,1,46.5
71,66,48,3,2,3,1,46.5
75,24,16,3,1,4,1,46.5
75,43,47,3,1,3,1,46.5
75,83,68,3,2,2,1,46.5
50,48,50,6,3,3,1,121.5
47,43,38,6,2,2,1,121.5
76,49,68,3,2,3,1,46.5
46,86,6,6,2,3,1,121.5
46,73,41,6,2,3,1,121.5
78,2,27,3,1,3,1,46.5
78,7,14,3,2,2,1,46.5
78,20,51,3,2,2,1,46.5
78,29,74,3,2,3,1,46.5
46,54,47,6,2,3,1,121.5
78,45,71,3,2,2,1,46.5
79,15,68,3,2,2,1,46.5
79,18,58,3,2,2,1,46.5
79,74,77,3,2,2,1,46.5
44,60,70,6,2,2,1,121.5
84,83,65,3,3,2,1,46.5
85,8,68,3,1,3,1,46.5
44,40,28,6,2,3,1,121.5
41,95,47,6,2,3,1,121.5
85,73,25,3,1,3,1,46.5
85,96,62,3,2,2,1,46.5
88,1,66,3,2,3,1,46.5
88,2,63,3,2,2,1,46.5
88,18,24,3,2,2,1,46.5
41,17,13,6,2,2,1,121.5
40,33,62,6,3,3,1,121.5
88,40,56,3,2,3,1,46.5
39,28,27,6,3,3,1,121.5
91,11,63,3,2,2,1,46.5
91,80,14,3,2,3,1,46.5
37,91,60,6,1,3,1,121.5
37,71,66,6,1,3,1,121.5
94,57,77,3,2,2,1,46.5
98,90,74,3,3,3,1,46.5
99,33,69,3,2,3,1,46.5
3,83,7,3,2,1,1,49.0
34,81,27,6,2,3,1,121.5
6,40,27,3,2,4,1,49.0
34,37,43,6,2,2,1,121.5
7,72,60,3,2,3,1,49.0
7,78,57,3,2,3,1,49.0
10,65,46,3,2,3,1,49.0
19,42,59,3,2,2,1,49.0
32,88,6,6,2,2,1,121.5
20,38,44,3,2,2,1,49.0
32,35,44,6,2,2,1,121.5
20,86,62,3,2,3,1,49.0
30,50,31,6,2,3,1,121.5
22,41,60,3,2,2,1,49.0
22,45,74,3,2,2,1,49.0
24,27,31,3,1,3,1,49.0
25,59,45,3,1,3,1,49.0
29,61,41,6,3,3,1,121.5
25,98,74,3,1,4,1,49.0
26,39,66,3,1,3,1,49.0
26,98,22,6,3,3,1,121.5
30,37,74,3,2,2,1,49.0
25,35,16,6,1,3,1,121.5
31,28,69,3,2,3,1,49.0
33,79,50,3,3,2,1,49.0
34,19,33,3,1,2,1,49.0
21,75,19,6,2,2,1,121.5
19,87,20,6,2,3,1,121.5
34,87,14,3,1,2,1,49.0
19,24,26,6,2,4,1,121.5
36,76,60,3,2,2,1,49.0
16,93,18,6,3,2,1,121.5
36,95,57,3,2,2,1,49.0
38,76,77,3,3,3,1,49.0
16,68,24,6,3,2,1,121.5
39,6,77,3,3,3,1,49.0
41,94,53,3,2,2,1,49.0
15,13,50,6,2,4,1,121.5
14,77,35,6,2,3,1,121.5
14,65,14,6,2,3,1,121.5
42,36,74,3,2,2,1,49.0
43,34,63,3,2,2,1,49.0
12,90,51,6,2,3,1,121.5
12,49,22,6,2,3,1,121.5
44,7,77,3,1,3,1,49.0
12,40,34,6,3,3,1,121.5
47,52,18,3,1,3,1,49.0
47,60,8,3,1,3,1,49.0
50,42,35,3,2,2,1,49.0
8,77,0,6,2,3,1,121.5
55,41,71,3,2,3,1,49.0
6,44,0,6,3,2,1,121.5
3,96,10,6,2,3,1,121.5
3,86,50,6,2,3,1,121.5
56,21,57,3,2,2,1,49.0
56,24,31,3,2,2,1,49.0
3,48,16,6,2,4,1,121.5
56,37,38,3,2,2,1,49.0
3,15,61,6,2,3,1,121.5
2,28,54,6,3,3,1,121.5
99,73,28,6,2,3,1,119.0
97,94,13,6,3,2,1,119.0
56,66,34,3,2,2,1,49.0
97,93,6,6,3,2,1,119.0
59,29,68,3,3,4,1,49.0
60,93,77,3,2,2,1,49.0
64,22,54,3,2,2,1,49.0
97,30,37,6,3,2,1,119.0
93,59,12,6,2,4,1,119.0
65,67,37,3,2,3,1,49.0
67,41,77,3,3,3,1,49.0
91,15,6,6,3,3,1,119.0
67,46,64,3,3,2,1,49.0
71,10,38,3,2,3,1,49.0
91,1,38,6,3,3,1,119.0
89,97,34,6,1,4,1,119.0
71,55,29,3,2,2,1,49.0
72,89,50,3,3,1,1,49.0
73,94,58,3,2,2,1,49.0
89,80,0,6,2,3,1,119.0
74,67,55,3,2,3,1,49.0
76,59,57,3,2,4,1,49.0
77,28,72,3,1,4,1,49.0
88,9,12,6,2,3,1,119.0
82,24,36,3,2,3,1,49.0
87,11,17,6,2,2,1,119.0
83,25,62,3,2,2,1,49.0
85,43,51,3,2,2,1,49.0
87,64,18,3,1,4,1,49.0
81,87,0,6,3,3,1,119.0
88,60,53,3,2,3,1,49.0
89,18,64,3,1,3,1,49.0
91,9,27,3,3,3,1,49.0
81,78,19,6,3,3,1,119.0
94,75,74,3,2,2,1,49.0
80,72,6,6,3,3,1,119.0
78,11,7,6,2,1,1,119.0
75,2,30,6,2,3,1,119.0
74,23,47,6,2,4,1,119.0
72,58,31,6,3,2,1,119.0
71,50,0,6,3,3,1,119.0
99,24,74,3,2,3,1,49.0
2,31,59,4,2,2,1,51.5
4,91,73,4,3,3,1,51.5
5,40,70,4,2,3,1,51.5
5,62,35,4,3,2,1,51.5
70,18,0,6,3,3,1,119.0
6,57,10,4,3,1,1,51.5
6,75,64,4,3,2,1,51.5
7,47,44,4,2,2,1,51.5
11,7,27,4,2,2,1,51.5
68,73,16,6,2,3,1,119.0
12,10,47,4,2,3,1,51.5
12,19,35,4,2,3,1,51.5
14,49,73,4,2,2,1,51.5
14,89,69,4,2,2,1,51.5
17,32,31,4,2,1,1,51.5
67,18,6,6,3,3,1,119.0
19,32,40,4,2,2,1,51.5
21,57,47,4,2,2,1,51.5
22,11,44,4,2,2,1,51.5
67,10,0,6,3,3,1,119.0
23,77,76,4,2,3,1,51.5
28,26,65,4,3,3,1,51.5
30,10,67,4,2,2,1,51.5
30,38,47,4,2,3,1,51.5
30,53,61,4,2,3,1,51.5
31,21,53,4,2,2,1,51.5
32,8,70,4,2,2,1,51.5
32,90,66,4,2,3,1,51.5
34,65,76,4,2,3,1,51.5
41,16,64,4,3,3,1,51.5
41,62,31,4,3,2,1,51.5
43,32,76,4,3,2,1,51.5
44,3,64,4,1,3,1,51.5
64,95,57,6,2,3,1,119.0
64,74,8,6,3,3,1,119.0
44,19,36,4,2,2,1,51.5
56,75,54,6,3,2,1,119.0
54,4,17,6,3,3,1,119.0
51,68,55,6,2,2,1,119.0
44,56,76,4,2,3,1,51.5
51,55,61,6,2,2,1,119.0
45,5,58,4,2,3,1,51.5
44,51,45,6,2,2,1,119.0
45,56,50,4,2,3,1,51.5
47,11,76,4,2,2,1,51.5
43,55,19,6,3,2,1,119.0
42,81,54,6,3,3,1,119.0
47,68,62,4,2,2,1,51.5
42,72,0,6,3,3,1,119.0
48,77,51,4,1,3,1,51.5
38,78,25,6,3,3,1,119.0
49,89,38,4,2,2,1,51.5
50,4,69,4,2,3,1,51.5
37,43,0,6,2,3,1,119.0
50,17,62,4,3,2,1,51.5
36,7,29,6,2,3,1,119.0
50,43,72,4,3,3,1,51.5
35,28,53,6,2,4,1,119.0
51,70,43,4,1,3,1,51.5
52,66,3,4,2,2,1,51.5
34,22,15,6,2,3,1,119.0
32,87,60,6,2,2,1,119.0
58,45,46,4,2,2,1,51.5
32,80,17,6,2,3,1,119.0
58,66,21,4,2,2,1,51.5
58,93,76,4,2,3,1,51.5
32,36,50,6,2,2,1,119.0
30,59,3,6,2,4,1,119.0
30,25,54,6,2,3,1,119.0
62,42,76,4,3,3,1,51.5
66,44,17,4,2,2,1,51.5
68,87,42,4,2,3,1,51.5
69,83,64,4,2,3,1,51.5
70,79,19,4,2,2,1,51.5
71,2,25,4,2,4,1,51.5
71,47,72,4,3,2,1,51.5
72,71,76,4,3,3,1,51.5
73,38,54,4,2,4,1,51.5
75,38,60,4,2,4,1,51.5
79,43,64,4,2,3,1,51.5
79,89,27,4,2,1,1,51.5
82,80,32,4,2,3,1,51.5
84,94,61,4,3,2,1,51.5
26,46,58,6,3,2,1,119.0
25,23,14,6,2,2,1,119.0
85,66,76,4,2,3,1,51.5
88,19,31,4,2,3,1,51.5
89,54,76,4,2,3,1,51.5
21,53,25,6,2,4,1,119.0
89,61,58,4,2,2,1,51.5
89,69,34,4,2,2,1,51.5
90,34,32,4,3,3,1,51.5
20,69,7,6,2,3,1,119.0
20,60,56,6,2,2,1,119.0
19,53,0,6,3,3,1,119.0
90,85,1,4,3,3,1,51.5
91,56,69,4,3,3,1,51.5
19,50,14,6,3,3,1,119.0
19,45,39,6,3,2,1,119.0
17,31,23,6,2,2,1,119.0
95,73,35,4,2,3,1,51.5
95,85,72,4,3,2,1,51.5
96,98,55,4,2,3,1,51.5
14,80,41,6,2,3,1,119.0
98,74,51,4,3,3,1,51.5
99,71,55,4,2,3,1,51.5
2,45,33,4,2,3,1,54.0
14,79,56,6,2,3,1,119.0
3,77,57,4,2,3,1,54.0
7,60,23,4,2,3,1,54.0
8,21,43,4,2,2,1,54.0
8,81,30,4,2,2,1,54.0
8,84,57,4,2,3,1,54.0
14,78,0,6,3,3,1,119.0
7,73,17,6,2,4,1,119.0
4,44,51,6,3,2,1,119.0
9,49,53,4,3,3,1,54.0
4,26,28,6,3,3,1,119.0
12,6,11,4,2,4,1,54.0
12,79,73,4,3,2,1,54.0
3,85,22,6,2,3,1,119.0
13,38,64,4,3,3,1,54.0
13,89,52,4,3,2,1,54.0
2,98,7,6,3,3,1,119.0
14,2,62,4,2,3,1,54.0
16,72,60,4,3,4,1,54.0
19,22,50,4,3,2,1,54.0
19,48,73,4,3,3,1,54.0
19,75,26,4,3,2,1,54.0
20,56,40,4,2,3,1,54.0
0,11,0,6,3,2,1,119.0
22,2,40,4,2,3,1,54.0
24,19,69,4,3,3,1,54.0
25,61,23,4,2,2,1,54.0
94,38,40,6,2,3,1,116.5
94,7,0,6,2,3,1,116.5
91,71,12,6,3,3,1,116.5
89,23,20,6,2,2,1,116.5
85,47,54,6,2,2,1,116.5
85,11,33,6,2,3,1,116.5
84,73,68,6,3,3,1,116.5
26,55,76,4,3,3,1,54.0
28,84,61,4,3,4,1,54.0
30,18,13,4,2,3,1,54.0
84,60,14,6,3,3,1,116.5
30,31,9,4,2,3,1,54.0
30,83,58,4,3,2,1,54.0
30,97,1,4,3,2,1,54.0
83,1,7,6,2,4,1,116.5
33,36,46,4,3,2,1,54.0
34,0,72,4,2,3,1,54.0
82,59,30,6,3,3,1,116.5
34,17,58,4,2,2,1,54.0
34,27,66,4,2,3,1,54.0
78,13,74,6,3,3,1,116.5
41,84,41,4,3,3,1,54.0
75,71,6,6,3,3,1,116.5
44,1,66,4,2,4,1,54.0
44,2,7,4,2,2,1,54.0
46,20,31,4,2,3,1,54.0
75,5,12,6,3,3,1,116.5
46,76,8,4,3,2,1,54.0
49,5,34,4,2,4,1,54.0
49,81,76,4,3,3,1,54.0
50,52,76,4,3,3,1,54.0
50,58,37,4,3,2,1,54.0
74,0,31,6,3,3,1,116.5
51,3,51,4,2,3,1,54.0
52,22,53,4,2,3,1,54.0
52,51,64,4,2,3,1,54.0
71,98,35,6,3,3,1,116.5
54,95,68,4,3,3,1,54.0
71,6,18,6,3,3,1,116.5
69,35,22,6,3,3,1,116.5
66,97,7,6,2,4,1,116.5
55,11,67,4,2,2,1,54.0
66,78,6,6,3,3,1,116.5
61,10,54,4,2,3,1,54.0
65,90,7,6,3,4,1,116.5
63,10,76,4,3,3,1,54.0
55,57,42,6,2,4,1,116.5
49,53,6,6,3,3,1,116.5
49,52,47,6,3,2,1,116.5
64,19,50,4,2,4,1,54.0
67,22,24,4,3,2,1,54.0
47,40,0,6,2,4,1,116.5
46,88,18,6,3,2,1,116.5
75,78,67,4,3,2,1,54.0
75,86,73,4,3,3,1,54.0
46,17,43,6,3,2,1,116.5
44,66,0,6,3,3,1,116.5
76,23,64,4,3,2,1,54.0
79,5,54,4,2,3,1,54.0
79,86,46,4,2,3,1,54.0
81,35,60,4,3,3,1,54.0
81,49,37,4,3,3,1,54.0
39,91,33,6,3,4,1,116.5
82,92,17,4,2,4,1,54.0
39,59,50,6,3,4,1,116.5
37,70,26,6,2,3,1,116.5
83,66,13,4,2,2,1,54.0
85,4,47,4,2,3,1,54.0
37,2,66,6,2,3,1,116.5
85,14,43,4,2,3,1,54.0
87,2,67,4,2,4,1,54.0
32,59,23,6,2,4,1,116.5
91,17,47,4,3,3,1,54.0
91,25,23,4,3,3,1,54.0
91,66,19,4,3,3,1,54.0
93,41,60,4,2,3,1,54.0
32,9,0,6,2,4,1,116.5
26,62,34,6,3,3,1,116.5
25,96,65,6,2,3,1,116.5
23,65,26,6,2,3,1,116.5
93,51,67,4,2,2,1,54.0
20,77,18,6,2,3,1,116.5
20,70,0,6,2,4,1,116.5
16,60,0,6,3,3,1,116.5
15,23,12,6,3,3,1,116.5
12,98,41,6,3,3,1,116.5
94,79,36,4,2,2,1,54.0
11,75,37,6,2,3,1,116.5
94,89,65,4,2,2,1,54.0
9,43,6,6,4,3,1,116.5
96,5,31,4,2,3,1,54.0
5,48,22,6,3,4,1,116.5
99,80,47,6,2,3,1,114.0
98,6,24,6,4,3,1,114.0
98,3,0,6,4,3,1,114.0
97,55,19,6,3,3,1,114.0
96,43,35,4,2,4,1,54.0
99,8,39,4,2,2,1,54.0
99,42,43,4,2,3,1,54.0
94,5,46,6,2,3,1,114.0
99,44,41,4,3,2,1,54.0
99,83,54,4,3,2,1,54.0
92,72,66,6,3,3,1,114.0
3,60,76,4,2,3,1,56.5
88,74,0,6,3,3,1,114.0
6,77,70,4,3,2,1,56.5
6,84,57,4,3,4,1,56.5
10,32,7,4,2,3,1,56.5
11,30,72,4,2,3,1,56.5
86,77,26,6,3,3,1,114.0
12,39,69,4,3,3,1,56.5
12,77,7,4,3,2,1,56.5
83,60,39,6,2,3,1,114.0
82,73,0,6,3,3,1,114.0
16,83,56,4,3,3,1,56.5
79,65,6,6,2,4,1,114.0
76,61,0,6,3,3,1,114.0
16,95,76,4,4,3,1,56.5
17,82,51,4,2,3,1,56.5
75,0,44,6,3,3,1,114.0
20,29,47,4,2,4,1,56.5
20,52,36,4,2,3,1,56.5
74,10,14,6,3,3,1,114.0
71,75,24,6,3,3,1,114.0
70,16,32,6,3,4,1,114.0
20,72,14,4,2,3,1,56.5
21,1,39,4,2,4,1,56.5
21,11,13,4,2,2,1,56.5
68,17,7,6,2,2,1,114.0
21,73,32,4,2,4,1,56.5
23,55,32,4,2,3,1,56.5
25,65,72,4,2,3,1,56.5
67,97,28,6,3,3,1,114.0
67,92,58,6,3,3,1,114.0
64,56,27,6,3,3,1,114.0
26,70,49,4,3,3,1,56.5
28,77,68,4,4,3,1,56.5
30,77,64,4,3,3,1,56.5
30,99,76,4,3,3,1,56.5
63,45,27,6,3,3,1,114.0
32,94,56,4,2,3,1,56.5
62,60,28,6,3,3,1,114.0
34,66,54,4,2,3,1,56.5
37,28,62,4,2,4,1,56.5
41,32,36,4,3,2,1,56.5
42,8,62,4,3,2,1,56.5
42,86,69,4,3,3,1,56.5
53,78,21,6,3,4,1,114.0
43,76,68,4,3,3,1,56.5
53,61,53,6,3,3,1,114.0
52,64,21,6,3,3,1,114.0
52,15,48,6,3,3,1,114.0
44,99,72,4,3,3,1,56.5
46,10,72,4,3,3,1,56.5
47,34,68,4,2,3,1,56.5
47,57,34,4,2,3,1,56.5
49,70,57,6,3,3,1,114.0
50,55,57,4,3,2,1,56.5
52,67,72,4,3,3,1,56.5
48,96,0,6,4,3,1,114.0
54,76,72,4,3,3,1,56.5
55,70,25,4,2,4,1,56.5
46,50,66,6,3,3,1,114.0
56,25,65,4,3,3,1,56.5
56,48,18,4,3,1,1,56.5
57,15,70,4,3,3,1,56.5
57,66,66,4,3,3,1,56.5
45,92,72,6,3,3,1,114.0
57,93,62,4,3,3,1,56.5
58,11,9,4,3,2,1,56.5
61,51,50,4,2,3,1,56.5
61,80,37,4,3,2,1,56.5
62,73,64,4,3,3,1,56.5
62,97,72,4,3,3,1,56.5
64,0,32,4,2,4,1,56.5
37,77,6,6,2,4,1,114.0
66,11,23,4,3,2,1,56.5
66,53,34,4,3,3,1,56.5
67,63,68,4,3,3,1,56.5
67,79,42,4,3,2,1,56.5
68,77,38,4,2,4,1,56.5
68,94,34,4,2,3,1,56.5
72,32,72,4,3,3,1,56.5
75,52,63,4,3,3,1,56.5
75,94,20,4,3,2,1,56.5
79,45,23,4,2,3,1,56.5
37,60,56,6,2,3,1,114.0
35,58,30,6,3,3,1,114.0
34,69,13,6,3,3,1,114.0
79,69,15,4,2,4,1,56.5
80,1,73,4,3,3,1,56.5
82,58,76,4,3,3,1,56.5
83,18,19,4,2,3,1,56.5
34,14,6,6,3,3,1,114.0
32,46,29,6,2,3,1,114.0
85,17,23,4,2,3,1,56.5
32,34,0,6,3,3,1,114.0
87,28,76,4,3,4,1,56.5
87,36,70,4,3,2,1,56.5
87,79,66,4,3,3,1,56.5
89,17,43,4,2,3,1,56.5
89,36,48,4,2,3,1,56.5
31,87,46,6,2,3,1,114.0
89,63,30,4,2,4,1,56.5
89,87,26,4,2,3,1,56.5
90,18,76,4,4,3,1,56.5
31,69,63,6,2,3,1,114.0
30,28,5,6,3,4,1,114.0
27,39,56,6,3,3,1,114.0
91,51,2,4,3,3,1,56.5
91,69,76,4,4,3,1,56.5
91,95,64,4,4,3,1,56.5
93,60,49,4,2,3,1,56.5
26,24,23,6,4,3,1,114.0
23,9,18,6,3,4,1,114.0
22,24,57,6,3,3,1,114.0
94,16,72,4,3,4,1,56.5
94,70,76,4,3,3,1,56.5
94,71,62,4,3,3,1,56.5
20,62,0,6,3,3,1,114.0
19,60,62,6,3,3,1,114.0
96,58,72,4,3,3,1,56.5
96,94,52,4,3,3,1,56.5
18,20,23,6,3,3,1,114.0
14,54,23,6,3,3,1,114.0
11,48,6,6,3,4,1,114.0
10,21,6,6,3,3,1,114.0
99,43,60,4,3,3,1,56.5
99,82,68,4,3,3,1,56.5
9,61,12,6,4,3,1,114.0
2,8,47,4,3,2,1,59.0
2,48,76,4,3,4,1,59.0
3,39,39,4,3,3,1,59.0
3,58,13,6,3,3,1,114.0
6,8,35,4,3,2,1,59.0
6,10,43,4,3,3,1,59.0
12,55,65,4,3,3,1,59.0
2,33,0,6,3,3,1,114.0
13,88,27,4,3,2,1,59.0
99,7,14,6,3,3,1,111.5
15,9,54,4,3,4,1,59.0
98,24,49,6,4,3,1,111.5
96,25,16,6,3,3,1,111.5
95,77,41,6,3,3,1,111.5
15,69,41,4,3,3,1,59.0
95,53,0,6,3,4,1,111.5
94,43,12,6,3,3,1,111.5
16,84,68,4,4,4,1,59.0
18,90,72,4,3,4,1,59.0
21,12,61,4,3,3,1,59.0
93,82,24,6,2,3,1,111.5
22,82,72,4,3,3,1,59.0
23,72,46,4,3,3,1,59.0
25,43,76,4,2,4,1,59.0
25,45,61,4,3,3,1,59.0
26,9,40,4,3,4,1,59.0
30,34,50,4,3,2,1,59.0
31,10,30,4,2,3,1,59.0
93,40,43,6,2,4,1,111.5
91,14,12,6,4,3,1,111.5
31,34,76,4,2,3,1,59.0
32,49,13,4,2,3,1,59.0
34,6,53,4,3,3,1,59.0
34,13,72,4,3,4,1,59.0
85,80,53,6,3,3,1,111.5
82,84,6,6,3,4,1,111.5
35,59,30,4,2,4,1,59.0
36,17,36,4,2,2,1,59.0
36,40,66,4,2,4,1,59.0
81,13,0,6,4,4,1,111.5
78,59,34,6,3,4,1,111.5
36,57,58,4,3,3,1,59.0
75,81,30,6,3,4,1,111.5
38,86,33,4,3,3,1,59.0
43,25,50,4,3,3,1,59.0
43,83,43,4,3,3,1,59.0
74,21,20,6,3,3,1,111.5
45,94,68,4,3,3,1,59.0
47,76,30,4,2,3,1,59.0
74,13,37,6,3,4,1,111.5
49,41,18,4,3,3,1,59.0
51,44,14,4,2,3,1,59.0
56,31,61,4,3,3,1,59.0
60,38,40,4,2,4,1,59.0
71,62,41,6,3,3,1,111.5
61,3,76,4,3,3,1,59.0
64,96,76,4,3,3,1,59.0
71,35,47,6,3,3,1,111.5
68,74,43,6,3,3,1,111.5
65,21,23,4,2,4,1,59.0
68,61,6,6,3,3,1,111.5
66,79,72,4,3,3,1,59.0
67,2,20,4,3,3,1,59.0
68,24,65,4,3,3,1,59.0
68,43,30,4,2,4,1,59.0
67,84,12,6,3,4,1,111.5
64,10,58,6,3,3,1,111.5
63,37,33,6,3,3,1,111.5
68,64,54,4,3,3,1,59.0
56,84,0,6,3,4,1,111.5
56,26,6,6,3,4,1,111.5
69,58,59,4,3,3,1,59.0
72,37,42,4,3,3,1,59.0
75,63,54,4,3,3,1,59.0
76,74,60,4,3,3,1,59.0
78,35,40,4,2,3,1,59.0
53,13,6,6,4,4,1,111.5
78,43,31,4,2,3,1,59.0
51,56,12,6,3,3,1,111.5
48,31,28,6,4,3,1,111.5
47,62,13,6,2,3,1,111.5
46,39,0,6,3,4,1,111.5
79,4,24,4,3,3,1,59.0
79,88,62,4,3,3,1,59.0
80,13,23,4,3,3,1,59.0
80,98,28,4,3,3,1,59.0
45,71,0,6,3,4,1,111.5
81,40,44,4,3,3,1,59.0
83,2,72,4,3,3,1,59.0
85,5,76,4,3,3,1,59.0
85,26,14,4,3,3,1,59.0
85,69,72,4,3,3,1,59.0
87,37,32,4,3,2,1,59.0
45,33,17,6,3,4,1,111.5
42,7,20,6,3,3,1,111.5
89,19,10,4,2,3,1,59.0
89,82,6,4,2,4,1,59.0
97,86,65,4,3,3,1,59.0
99,29,34,4,3,3,1,59.0
0,99,50,4,3,3,1,61.5
41,87,6,6,3,3,1,111.5
41,74,0,6,3,4,1,111.5
40,4,12,6,4,4,1,111.5
2,21,36,4,3,3,1,61.5
6,52,31,4,3,3,1,61.5
35,11,0,6,3,3,1,111.5
6,86,39,4,3,3,1,61.5
7,58,68,4,3,3,1,61.5
8,93,56,4,3,2,1,61.5
33,80,59,6,4,3,1,111.5
32,69,28,6,3,3,1,111.5
10,45,68,4,3,4,1,61.5
11,61,72,4,3,3,1,61.5
17,55,72,4,3,3,1,61.5
32,10,20,6,3,3,1,111.5
32,2,13,6,3,3,1,111.5
17,83,76,4,3,3,1,61.5
20,37,14,4,3,2,1,61.5
21,25,76,4,3,3,1,61.5
22,35,36,4,3,3,1,61.5
22,38,76,4,3,4,1,61.5
23,0,58,4,3,3,1,61.5
23,30,42,4,3,3,1,61.5
23,79,76,4,3,3,1,61.5
30,87,54,4,3,3,1,61.5
30,2,11,6,3,4,1,111.5
27,79,37,6,2,3,1,111.5
25,64,33,6,3,3,1,111.5
32,15,76,4,3,3,1,61.5
24,58,36,6,4,3,1,111.5
32,17,68,4,3,3,1,61.5
35,54,59,4,2,4,1,61.5
36,86,14,4,3,3,1,61.5
37,38,73,4,3,3,1,61.5
37,56,46,4,3,3,1,61.5
22,3,6,6,3,3,1,111.5
37,97,61,4,3,3,1,61.5
41,22,49,4,3,3,1,61.5
21,45,40,6,3,3,1,111.5
20,64,39,6,3,3,1,111.5
20,10,6,6,3,4,1,111.5
19,82,55,6,3,3,1,111.5
43,20,56,4,3,3,1,61.5
46,53,76,4,3,4,1,61.5
48,61,39,4,1,4,1,61.5
19,64,64,6,4,3,1,111.5
18,68,29,6,3,3,1,111.5
16,77,0,6,4,4,1,111.5
15,28,11,6,4,4,1,111.5
12,61,18,6,3,3,1,111.5
49,48,63,4,3,3,1,61.5
11,76,47,6,3,3,1,111.5
8,73,47,6,3,3,1,111.5
2,3,19,6,4,3,1,111.5
50,63,72,4,4,3,1,61.5
99,4,0,6,3,4,1,109.0
93,64,45,6,3,3,1,109.0
56,6,36,4,3,4,1,61.5
92,54,0,6,4,3,1,109.0
58,55,55,4,3,3,1,61.5
66,37,29,4,3,3,1,61.5
89,74,64,6,3,3,1,109.0
72,9,27,4,3,4,1,61.5
73,9,60,4,3,4,1,61.5
74,50,76,4,3,4,1,61.5
88,94,6,6,3,3,1,109.0
76,31,56,4,3,3,1,61.5
76,36,26,4,3,3,1,61.5
76,39,19,4,3,4,1,61.5
87,72,12,6,3,4,1,109.0
76,62,11,4,3,4,1,61.5
85,95,29,6,3,3,1,109.0
85,55,5,6,3,3,1,109.0
76,77,7,4,3,3,1,61.5
83,45,6,6,3,3,1,109.0
77,54,72,4,3,4,1,61.5
79,26,52,4,3,4,1,61.5
82,25,46,4,3,3,1,61.5
82,89,42,4,3,3,1,61.5
84,51,76,4,4,3,1,61.5
78,90,13,6,3,4,1,109.0
71,15,17,6,4,4,1,109.0
84,89,72,4,4,3,1,61.5
88,25,42,4,3,3,1,61.5
69,42,34,6,3,4,1,109.0
67,50,46,6,3,4,1,109.0
88,27,36,4,3,1,1,61.5
88,45,57,4,3,3,1,61.5
89,45,53,4,3,3,1,61.5
91,78,47,4,4,2,1,61.5
66,51,38,6,3,3,1,109.0
64,62,51,6,4,3,1,109.0
93,14,30,4,2,3,1,61.5
95,24,53,4,3,4,1,61.5
61,19,24,6,3,4,1,109.0
95,39,23,4,4,3,1,61.5
97,68,76,4,3,3,1,61.5
98,25,47,4,3,4,1,61.5
3,62,37,4,2,4,1,64.0
3,73,56,4,3,3,1,64.0
7,8,64,4,3,3,1,64.0
7,21,72,4,3,3,1,64.0
8,5,42,4,3,3,1,64.0
59,20,60,6,4,3,1,109.0
8,41,27,4,3,3,1,64.0
57,50,0,6,4,4,1,109.0
8,91,60,4,3,4,1,64.0
54,27,34,6,3,3,1,109.0
52,72,0,6,3,4,1,109.0
51,66,58,6,3,3,1,109.0
11,46,62,4,3,3,1,64.0
51,60,68,6,3,3,1,109.0
12,64,57,4,3,4,1,64.0
12,70,53,4,3,3,1,64.0
49,25,0,6,3,3,1,109.0
47,70,6,6,2,4,1,109.0
14,32,62,4,3,3,1,64.0
14,61,49,4,3,3,1,64.0
16,46,58,4,4,3,1,64.0
47,2,0,6,3,4,1,109.0
17,77,64,4,3,4,1,64.0
44,68,18,6,3,3,1,109.0
43,78,40,6,4,3,1,109.0
18,46,39,4,3,3,1,64.0
42,47,6,6,3,3,1,109.0
19,40,22,4,3,4,1,64.0
42,1,13,6,3,4,1,109.0
41,9,31,6,4,4,1,109.0
22,50,42,4,3,4,1,64.0
22,52,27,4,3,3,1,64.0
22,60,32,4,3,4,1,64.0
23,51,7,4,3,2,1,64.0
23,98,38,4,3,4,1,64.0
39,17,27,6,4,3,1,109.0
37,58,0,6,3,4,1,109.0
37,0,6,6,3,3,1,109.0
26,57,40,4,4,3,1,64.0
30,55,46,4,3,3,1,64.0
30,65,22,4,3,3,1,64.0
34,53,36,6,3,4,1,109.0
32,33,55,4,3,4,1,64.0
31,38,0,6,3,4,1,109.0
34,45,49,4,3,3,1,64.0
34,91,43,4,3,4,1,64.0
30,7,35,6,3,3,1,109.0
35,92,54,4,3,3,1,64.0
27,22,21,6,3,3,1,109.0
36,28,44,4,3,4,1,64.0
25,30,27,6,3,3,1,109.0
25,21,69,6,3,4,1,109.0
37,80,69,4,3,3,1,64.0
37,84,53,4,3,4,1,64.0
25,8,0,6,4,3,1,109.0
21,67,0,6,3,4,1,109.0
19,63,39,6,4,3,1,109.0
18,56,55,6,3,4,1,109.0
16,29,6,6,4,4,1,109.0
42,77,30,4,3,4,1,64.0
15,5,67,6,4,3,1,109.0
46,44,54,4,3,3,1,64.0
10,81,12,6,4,4,1,109.0
7,22,41,6,3,4,1,109.0
46,83,50,4,3,3,1,64.0
4,83,18,6,4,3,1,109.0
47,72,23,4,2,3,1,64.0
4,75,6,6,4,4,1,109.0
3,84,25,6,3,4,1,109.0
3,56,31,6,3,4,1,109.0
47,94,19,4,2,3,1,64.0
0,69,45,6,4,3,1,109.0
48,18,53,4,2,4,1,64.0
48,50,68,4,4,4,1,64.0
99,35,6,6,3,3,1,106.5
49,29,72,4,3,4,1,64.0
49,47,43,4,3,3,1,64.0
53,45,46,4,3,4,1,64.0
59,30,64,4,3,4,1,64.0
59,96,46,4,4,3,1,64.0
60,78,63,4,2,3,1,64.0
97,59,40,6,4,4,1,106.5
61,53,68,4,3,4,1,64.0
63,90,50,4,3,4,1,64.0
66,52,44,4,3,3,1,64.0
97,42,43,6,3,4,1,106.5
68,35,12,4,3,3,1,64.0
94,87,0,6,3,4,1,106.5
70,55,39,4,3,3,1,64.0
74,95,72,4,3,4,1,64.0
94,82,23,6,3,4,1,106.5
89,95,35,6,3,3,1,106.5
75,67,59,4,3,4,1,64.0
89,73,0,6,3,4,1,106.5
87,93,58,6,3,4,1,106.5
86,80,56,6,3,4,1,106.5
82,35,12,6,3,4,1,106.5
75,72,50,4,3,4,1,64.0
79,81,6,6,3,4,1,106.5
76,13,31,4,4,3,1,64.0
75,90,19,6,4,4,1,106.5
69,88,51,6,3,3,1,106.5
78,6,49,4,3,3,1,64.0
80,26,65,4,3,4,1,64.0
83,11,68,4,3,3,1,64.0
83,42,26,4,3,3,1,64.0
69,26,0,6,4,4,1,106.5
83,65,2,4,3,3,1,64.0
83,96,60,4,3,3,1,64.0
67,70,63,6,4,3,1,106.5
84,44,49,4,4,3,1,64.0
85,64,68,4,3,4,1,64.0
85,97,49,4,3,3,1,64.0
86,48,40,4,4,3,1,64.0
89,12,49,4,3,3,1,64.0
89,52,59,4,3,3,1,64.0
89,94,30,4,3,3,1,64.0
92,16,64,4,2,4,1,64.0
66,80,12,6,3,4,1,106.5
92,89,46,4,3,4,1,64.0
65,5,49,6,3,4,1,106.5
93,4,70,4,3,4,1,64.0
94,76,48,4,3,4,1,64.0
64,11,12,6,4,3,1,106.5
96,0,37,4,3,3,1,64.0
96,8,33,4,3,3,1,64.0
97,27,57,4,3,4,1,64.0
60,34,25,6,4,3,1,106.5
97,88,68,4,4,3,1,64.0
1,44,62,4,3,3,1,66.5
2,84,45,4,4,4,1,66.5
58,37,45,6,3,4,1,106.5
3,31,72,4,3,2,1,66.5
8,34,38,4,3,4,1,66.5
58,15,23,6,4,4,1,106.5
8,42,18,4,3,4,1,66.5
56,44,6,6,4,3,1,106.5
39,20,45,6,4,3,1,106.5
37,45,12,6,3,4,1,106.5
11,40,40,4,3,3,1,66.5
32,89,34,6,3,4,1,106.5
12,7,30,4,3,4,1,66.5
32,6,40,6,3,4,1,106.5
14,63,76,4,3,4,1,66.5
15,46,31,4,3,4,1,66.5
17,97,60,4,3,4,1,66.5
20,57,76,4,3,4,1,66.5
30,6,0,6,4,4,1,106.5
21,26,57,4,3,4,1,66.5
21,51,26,6,3,3,1,106.5
21,58,51,4,3,3,1,66.5
21,62,68,4,3,3,1,66.5
26,73,76,4,4,3,1,66.5
27,73,43,4,2,4,1,66.5
14,70,34,6,3,4,1,106.5
7,42,49,6,3,4,1,106.5
30,80,68,4,3,4,1,66.5
33,46,35,4,4,3,1,66.5
34,55,61,4,3,3,1,66.5
2,58,29,6,4,4,1,106.5
34,99,57,4,3,4,1,66.5
36,54,64,4,3,3,1,66.5
36,94,40,4,3,3,1,66.5
0,3,0,6,4,4,1,106.5
99,90,25,6,3,4,1,104.0
37,48,57,4,3,4,1,66.5
39,44,67,4,4,3,1,66.5
41,61,56,4,3,4,1,66.5
42,39,63,4,4,4,1,66.5
43,11,58,4,4,3,1,66.5
97,45,0,6,4,4,1,104.0
97,10,18,6,4,4,1,104.0
46,37,25,4,3,3,1,66.5
46,49,14,4,3,4,1,66.5
48,54,64,4,4,4,1,66.5
95,96,27,6,4,3,1,104.0
93,9,44,6,4,4,1,104.0
49,78,33,4,3,4,1,66.5
88,70,12,6,3,4,1,104.0
51,46,54,4,3,4,1,66.5
86,81,18,6,4,4,1,104.0
51,61,33,4,3,3,1,66.5
82,71,36,6,3,4,1,104.0
52,2,55,4,3,4,1,66.5
81,70,40,6,4,4,1,104.0
74,54,6,6,4,4,1,104.0
70,0,18,6,4,4,1,104.0
68,42,0,6,3,4,1,104.0
52,95,68,4,3,4,1,66.5
54,92,30,4,3,4,1,66.5
65,94,55,6,3,4,1,104.0
64,79,0,6,4,3,1,104.0
63,39,51,6,4,4,1,104.0
56,8,14,4,4,3,1,66.5
57,80,37,4,4,3,1,66.5
58,87,64,4,3,4,1,66.5
56,87,18,6,4,4,1,104.0
58,98,20,4,3,4,1,66.5
52,70,46,6,4,4,1,104.0
52,69,6,6,3,4,1,104.0
52,35,0,6,4,4,1,104.0
60,12,45,4,3,4,1,66.5
60,77,34,4,3,4,1,66.5
66,64,76,4,4,4,1,66.5
69,74,56,4,4,3,1,66.5
51,29,18,6,3,4,1,104.0
71,59,76,4,4,4,1,66.5
49,55,25,6,4,3,1,104.0
46,62,0,6,4,4,1,104.0
71,72,31,4,3,4,1,66.5
71,82,64,4,4,3,1,66.5
43,48,46,6,4,4,1,104.0
72,8,8,4,4,3,1,66.5
74,55,51,4,4,3,1,66.5
41,65,12,6,3,4,1,104.0
76,92,76,4,4,4,1,66.5
83,73,39,4,3,4,1,66.5
38,82,18,6,4,3,1,104.0
84,67,41,4,4,4,1,66.5
85,42,59,4,3,4,1,66.5
89,57,21,4,3,4,1,66.5
89,86,76,4,3,4,1,66.5
91,31,72,4,4,3,1,66.5
91,99,21,4,4,3,1,66.5
93,5,18,4,3,3,1,66.5
93,27,41,4,3,3,1,66.5
93,79,33,4,3,3,1,66.5
94,33,44,4,3,4,1,66.5
37,57,6,6,4,4,1,104.0
36,1,19,6,3,4,1,104.0
35,25,6,6,4,4,1,104.0
96,61,23,4,3,4,1,66.5
33,58,48,6,4,4,1,104.0
32,86,46,6,3,4,1,104.0
31,77,13,6,3,4,1,104.0
31,65,19,6,3,4,1,104.0
96,85,42,4,3,3,1,66.5
97,79,48,4,4,3,1,66.5
98,61,64,4,4,3,1,66.5
0,28,27,4,3,4,1,69.0
0,49,54,4,3,4,1,69.0
2,18,35,4,4,3,1,69.0
3,26,47,4,3,4,1,69.0
30,42,6,6,4,4,1,104.0
27,68,6,6,3,4,1,104.0
5,8,8,4,3,4,1,69.0
27,37,73,6,3,4,1,104.0
25,54,12,6,4,4,1,104.0
7,13,60,4,3,4,1,69.0
11,63,26,4,3,4,1,69.0
24,47,19,6,4,3,1,104.0
11,96,76,4,3,4,1,69.0
12,17,14,4,3,3,1,69.0
22,55,0,6,3,4,1,104.0
12,74,26,4,3,4,1,69.0
20,92,66,6,3,4,1,104.0
17,2,51,4,3,4,1,69.0
18,38,6,6,4,4,1,104.0
15,17,0,6,4,3,1,104.0
17,65,56,4,3,4,1,69.0
21,8,47,4,3,4,1,69.0
13,73,23,6,4,4,1,104.0
23,95,34,4,3,4,1,69.0
24,79,12,4,4,3,1,69.0
31,95,38,4,2,4,1,69.0
11,45,18,6,3,4,1,104.0
11,24,0,6,4,4,1,104.0
8,90,31,6,4,4,1,104.0
7,14,53,6,4,3,1,104.0
5,66,0,6,4,4,1,104.0
99,63,0,6,4,4,1,101.5
32,21,32,4,4,3,1,69.0
33,30,76,4,4,4,1,69.0
33,31,68,4,4,3,1,69.0
96,13,12,6,4,4,1,101.5
94,77,19,6,4,4,1,101.5
36,49,76,4,3,4,1,69.0
37,15,63,4,4,4,1,69.0
93,45,6,6,3,4,1,101.5
44,91,39,4,3,4,1,69.0
90,41,37,6,4,4,1,101.5
88,63,18,6,3,4,1,101.5
88,61,27,6,3,4,1,101.5
86,84,31,6,4,4,1,101.5
46,97,76,4,4,4,1,69.0
47,98,70,4,3,4,1,69.0
81,55,24,6,4,4,1,101.5
47,99,64,4,3,3,1,69.0
50,75,64,4,4,4,1,69.0
51,31,46,4,3,3,1,69.0
51,74,76,4,4,4,1,69.0
79,90,43,6,4,4,1,101.5
78,49,67,6,3,4,1,101.5
53,21,64,4,4,4,1,69.0
78,5,6,6,4,4,1,101.5
56,65,42,4,4,3,1,69.0
75,51,0,6,3,4,1,101.5
61,8,60,4,3,4,1,69.0
61,50,60,4,4,4,1,69.0
74,53,42,6,4,4,1,101.5
65,12,2,4,4,3,1,69.0
73,47,47,6,4,3,1,101.5
69,38,24,6,4,4,1,101.5
68,91,0,6,4,4,1,101.5
66,2,72,4,4,4,1,69.0
66,56,68,4,4,4,1,69.0
67,99,6,6,4,4,1,101.5
61,72,43,6,4,4,1,101.5
60,49,0,6,4,4,1,101.5
57,83,12,6,4,3,1,101.5
66,89,26,4,4,3,1,69.0
68,82,72,4,3,4,1,69.0
55,38,12,6,3,4,1,101.5
70,80,76,4,4,4,1,69.0
71,17,10,4,4,3,1,69.0
71,74,72,4,4,4,1,69.0
53,30,54,6,4,4,1,101.5
72,3,68,4,4,3,1,69.0
51,13,29,6,4,4,1,101.5
45,87,24,6,4,4,1,101.5
75,11,54,4,4,3,1,69.0
76,7,56,4,4,3,1,69.0
43,71,23,6,4,4,1,101.5
42,57,28,6,4,4,1,101.5
83,47,35,4,3,3,1,69.0
83,93,31,4,3,4,1,69.0
88,3,47,4,3,4,1,69.0
88,39,59,4,4,4,1,69.0
88,97,72,4,4,4,1,69.0
89,91,8,4,3,4,1,69.0
42,55,12,6,4,4,1,101.5
41,86,0,6,4,4,1,101.5
91,5,68,4,4,4,1,69.0
40,70,52,6,4,4,1,101.5
93,36,54,4,3,3,1,69.0
38,74,30,6,4,4,1,101.5
38,31,44,6,4,4,1,101.5
93,39,23,4,3,4,1,69.0
36,42,68,6,3,4,1,101.5
94,1,51,4,4,3,1,69.0
94,6,14,4,4,3,1,69.0
94,19,46,4,4,3,1,69.0
99,55,46,4,3,4,1,69.0
33,85,0,6,4,4,1,101.5
5,10,64,4,4,3,1,71.5
5,17,39,4,4,3,1,71.5
32,7,0,6,4,4,1,101.5
6,90,68,4,4,4,1,71.5
9,96,72,4,4,4,1,71.5
31,80,34,6,3,4,1,101.5
10,23,26,4,3,3,1,71.5
30,70,68,6,4,4,1,101.5
11,19,6,4,4,3,1,71.5
27,8,0,6,4,4,1,101.5
15,31,76,4,4,3,1,71.5
17,13,19,4,3,4,1,71.5
20,3,72,4,3,4,1,71.5
20,13,76,4,4,4,1,71.5
20,73,72,4,4,4,1,71.5
21,24,76,4,4,4,1,71.5
24,62,57,4,4,3,1,71.5
22,26,12,6,4,4,1,101.5
17,63,6,6,4,4,1,101.5
26,40,72,4,4,4,1,71.5
14,17,33,6,4,3,1,101.5
27,1,62,4,3,4,1,71.5
3,92,6,6,4,4,1,101.5
27,66,64,4,4,4,1,71.5
27,98,45,4,4,4,1,71.5
29,43,70,4,3,4,1,71.5
30,76,18,4,3,4,1,71.5
30,98,60,4,4,4,1,71.5
1,31,50,6,4,3,1,101.5
99,23,71,5,4,3,1,99.0
31,14,42,4,3,4,1,71.5
97,47,55,5,4,3,1,99.0
96,89,67,5,4,4,1,99.0
94,86,71,5,4,4,1,99.0
93,63,13,5,3,4,1,99.0
31,18,68,4,4,3,1,71.5
31,47,76,4,4,3,1,71.5
31,54,7,4,4,3,1,71.5
31,76,72,4,4,4,1,71.5
34,44,76,4,4,3,1,71.5
93,22,28,5,3,4,1,99.0
35,46,72,4,4,4,1,71.5
93,19,1,5,3,4,1,99.0
35,77,47,4,4,3,1,71.5
36,88,36,4,3,4,1,71.5
93,10,75,5,4,4,1,99.0
37,39,34,4,4,4,1,71.5
89,31,16,5,3,4,1,99.0
88,76,67,5,4,4,1,99.0
87,69,75,5,4,4,1,99.0
86,25,6,5,4,3,1,99.0
83,21,15,5,4,3,1,99.0
80,57,63,5,4,4,1,99.0
76,3,62,5,4,4,1,99.0
75,35,59,5,4,4,1,99.0
41,15,45,4,3,4,1,71.5
74,24,67,5,4,4,1,99.0
69,4,65,5,4,4,1,99.0
44,76,44,4,3,4,1,71.5
44,88,32,4,3,4,1,71.5
44,89,58,4,3,4,1,71.5
44,94,28,4,3,4,1,71.5
67,60,75,5,4,4,1,99.0
48,38,72,4,4,4,1,71.5
50,69,52,4,4,4,1,71.5
67,51,70,5,4,4,1,99.0
66,96,59,5,4,4,1,99.0
64,21,46,5,4,4,1,99.0
51,49,8,4,3,4,1,71.5
63,0,71,5,4,4,1,99.0
52,42,76,4,4,4,1,71.5
52,55,40,4,3,4,1,71.5
62,38,68,5,4,3,1,99.0
52,73,13,4,3,4,1,71.5
56,51,63,5,4,4,1,99.0
54,30,49,5,4,4,1,99.0
55,1,58,4,4,3,1,71.5
55,86,67,4,4,4,1,71.5
56,43,2,4,4,4,1,71.5
58,19,76,4,4,4,1,71.5
64,42,24,4,4,4,1,71.5
52,82,67,5,4,4,1,99.0
66,75,50,4,4,4,1,71.5
52,53,31,5,4,4,1,99.0
50,36,31,5,4,3,1,99.0
68,93,58,4,3,3,1,71.5
69,77,71,4,4,4,1,71.5
49,12,28,5,3,4,1,99.0
47,87,30,5,3,4,1,99.0
70,36,64,4,4,4,1,71.5
45,12,12,5,3,4,1,99.0
43,94,65,5,4,4,1,99.0
73,12,76,4,4,4,1,71.5
73,63,67,4,4,4,1,71.5
41,40,61,5,4,4,1,99.0
41,31,22,5,3,4,1,99.0
40,98,33,5,4,4,1,99.0
76,46,40,4,4,4,1,71.5
37,6,20,5,3,4,1,99.0
36,11,75,5,4,4,1,99.0
77,63,46,4,4,3,1,71.5
79,29,43,4,3,4,1,71.5
34,78,71,5,4,4,1,99.0
80,95,52,4,4,4,1,71.5
33,75,39,5,4,4,1,99.0
32,1,46,5,4,3,1,99.0
80,97,30,4,4,4,1,71.5
30,62,44,5,4,4,1,99.0
82,16,54,4,4,4,1,71.5
30,19,34,5,4,4,1,99.0
82,52,63,4,4,4,1,71.5
83,5,76,4,4,4,1,71.5
83,44,24,4,4,3,1,71.5
83,57,72,4,4,4,1,71.5
85,27,38,4,3,4,1,71.5
27,56,75,5,4,4,1,99.0
87,49,60,4,4,4,1,71.5
92,14,72,4,4,4,1,71.5
92,79,62,4,4,4,1,71.5
93,99,66,4,3,4,1,71.5
27,3,52,5,4,4,1,99.0
98,58,56,4,4,4,1,71.5
26,15,35,5,4,4,1,99.0
25,53,20,5,4,4,1,99.0
99,22,76,4,4,4,1,71.5
0,51,56,4,4,4,1,74.0
23,45,75,5,4,4,1,99.0
22,76,35,5,4,4,1,99.0
2,80,41,4,4,4,1,74.0
21,56,37,5,4,4,1,99.0
20,89,51,5,3,4,1,99.0
5,51,45,4,4,4,1,74.0
18,74,62,5,4,4,1,99.0
8,15,56,4,4,4,1,74.0
8,65,76,4,4,4,1,74.0
11,55,71,4,4,4,1,74.0
17,88,54,5,4,4,1,99.0
11,83,67,4,4,4,1,74.0
17,45,63,5,4,4,1,99.0
17,11,49,5,4,4,1,99.0
12,62,64,4,4,4,1,74.0
12,87,71,4,4,4,1,74.0
14,7,19,4,3,4,1,74.0
14,62,59,5,4,4,1,99.0
14,19,54,5,4,4,1,99.0
14,44,76,4,4,4,1,74.0
14,73,9,4,4,4,1,74.0
14,83,50,4,4,4,1,74.0
18,12,58,4,4,4,1,74.0
20,17,35,4,3,4,1,74.0
20,25,68,4,4,4,1,74.0
22,21,60,4,4,4,1,74.0
26,67,31,4,4,4,1,74.0
14,10,67,5,4,4,1,99.0
13,66,45,5,4,4,1,99.0
12,58,40,5,4,4,1,99.0
11,89,62,5,4,4,1,99.0
11,14,28,5,4,4,1,99.0
8,64,41,5,4,4,1,99.0
7,35,67,5,4,4,1,99.0
30,1,30,4,4,4,1,74.0
30,58,19,4,4,4,1,74.0
31,5,60,4,4,4,1,74.0
0,78,51,5,4,4,1,99.0
32,50,56,4,4,4,1,74.0
96,54,54,5,4,4,1,96.5
32,60,71,4,4,4,1,74.0
96,52,41,5,4,4,1,96.5
34,59,67,4,4,4,1,74.0
34,83,63,4,4,4,1,74.0
35,21,55,4,4,4,1,74.0
35,57,51,4,4,4,1,74.0
35,87,43,4,4,4,1,74.0
94,11,41,5,4,4,1,96.5
36,2,7,4,3,4,1,74.0
36,48,53,4,4,4,1,74.0
37,17,69,4,4,4,1,74.0
37,22,65,4,3,4,1,74.0
38,11,36,4,4,4,1,74.0
41,85,18,4,4,3,1,74.0
43,59,19,4,4,4,1,74.0
93,86,53,5,4,4,1,96.5
44,77,60,4,4,4,1,74.0
93,43,14,5,4,4,1,96.5
44,80,72,4,4,4,1,74.0
47,73,60,4,3,4,1,74.0
93,29,22,5,4,3,1,96.5
47,74,15,4,3,4,1,74.0
93,6,6,5,4,4,1,96.5
91,4,55,5,4,4,1,96.5
47,90,64,4,4,4,1,74.0
90,37,58,5,4,4,1,96.5
54,67,45,4,4,4,1,74.0
61,66,35,4,4,4,1,74.0
89,58,14,5,4,4,1,96.5
64,58,72,4,4,4,1,74.0
88,10,49,5,4,4,1,96.5
65,49,50,4,4,4,1,74.0
84,95,18,5,4,4,1,96.5
68,85,50,4,3,4,1,74.0
69,16,45,4,4,4,1,74.0
83,98,10,5,4,4,1,96.5
83,63,58,5,4,4,1,96.5
79,30,25,5,4,4,1,96.5
74,82,37,5,4,4,1,96.5
74,29,57,5,4,4,1,96.5
71,8,51,5,4,4,1,96.5
72,84,37,4,4,4,1,74.0
74,76,22,4,4,4,1,74.0
79,52,20,4,3,4,1,74.0
70,86,59,5,4,4,1,96.5
79,72,76,4,4,4,1,74.0
68,52,36,5,3,4,1,96.5
79,99,29,4,3,4,1,74.0
82,40,76,4,4,4,1,74.0
83,31,54,4,4,4,1,74.0
68,30,39,5,4,4,1,96.5
83,43,6,4,4,4,1,74.0
85,7,63,4,3,4,1,74.0
85,35,76,4,4,4,1,74.0
66,55,30,5,4,4,1,96.5
88,41,76,4,4,4,1,74.0
89,11,12,4,3,4,1,74.0
90,10,54,4,4,4,1,74.0
91,55,51,4,4,4,1,74.0
91,89,29,4,4,4,1,74.0
94,65,61,4,4,4,1,74.0
66,23,54,5,4,4,1,96.5
95,89,76,4,4,4,1,74.0
95,98,6,4,4,4,1,74.0
63,92,46,5,4,4,1,96.5
96,20,56,4,3,4,1,74.0
62,49,32,5,4,4,1,96.5
97,21,14,4,4,4,1,74.0
99,10,34,4,4,3,1,74.0
99,15,52,4,4,4,1,74.0
0,88,40,5,4,4,1,76.5
60,45,58,5,4,4,1,96.5
3,20,18,5,4,3,1,76.5
51,54,40,5,4,4,1,96.5
49,65,45,5,4,4,1,96.5
6,25,75,5,4,4,1,76.5
6,47,25,5,4,3,1,76.5
47,64,36,5,4,4,1,96.5
6,67,54,5,4,4,1,76.5
7,44,6,5,3,4,1,76.5
8,68,24,5,4,3,1,76.5
8,72,19,5,4,4,1,76.5
11,92,57,5,4,4,1,76.5
12,43,53,5,4,4,1,76.5
15,83,40,5,4,4,1,76.5
17,6,30,5,4,4,1,76.5
18,23,1,5,4,3,1,76.5
18,40,38,5,4,4,1,76.5
19,89,19,5,4,4,1,76.5
20,94,36,5,4,4,1,76.5
44,67,49,5,4,4,1,96.5
44,20,44,5,4,4,1,96.5
30,95,13,5,4,4,1,76.5
37,73,53,5,4,4,1,96.5
32,26,18,5,4,4,1,76.5
32,76,26,5,4,4,1,76.5
37,61,18,5,4,4,1,76.5
37,69,40,5,4,4,1,76.5
37,54,29,5,4,4,1,96.5
37,89,24,5,4,4,1,76.5
44,61,67,5,4,4,1,76.5
46,29,35,5,4,4,1,76.5
36,32,41,5,4,4,1,96.5
47,6,59,5,4,4,1,76.5
34,5,55,5,4,4,1,96.5
32,5,13,5,4,4,1,96.5
25,86,26,5,4,4,1,96.5
23,58,67,5,4,4,1,96.5
22,27,70,5,4,4,1,96.5
51,34,50,5,4,4,1,76.5
20,67,26,5,4,4,1,96.5
64,7,7,5,4,4,1,76.5
20,16,21,5,4,4,1,96.5
19,71,59,5,4,4,1,96.5
19,27,14,5,4,4,1,96.5
65,56,26,5,4,4,1,76.5
66,4,40,5,4,4,1,76.5
66,86,13,5,4,4,1,76.5
17,62,75,5,4,4,1,96.5
12,47,23,5,4,4,1,96.5
67,68,21,5,4,4,1,76.5
10,99,61,5,4,4,1,96.5
69,21,32,5,4,4,1,76.5
75,77,75,5,4,4,1,76.5
77,25,55,5,4,4,1,76.5
78,17,44,5,4,4,1,76.5
10,51,35,5,4,4,1,96.5
79,7,38,5,4,4,1,76.5
8,47,71,5,4,4,1,96.5
8,32,66,5,4,4,1,96.5
79,9,67,5,4,4,1,76.5
83,87,35,5,4,4,1,76.5
7,23,25,5,4,4,1,96.5
6,20,49,5,4,4,1,96.5
87,95,47,5,4,4,1,76.5
0,75,27,5,4,4,1,96.5
88,75,14,5,4,4,1,76.5
89,78,1,5,4,4,1,76.5
92,18,25,5,4,4,1,76.5
0,12,7,5,4,4,1,96.5
93,35,38,5,4,4,1,76.5
99,81,47,5,4,4,1,94.0
99,27,24,5,4,4,1,94.0
94,23,9,5,4,4,1,76.5
97,33,25,5,4,4,1,94.0
96,45,36,5,4,4,1,94.0
95,23,62,5,4,4,1,94.0
3,11,23,5,4,4,1,79.0
3,33,30,5,4,4,1,79.0
93,18,70,5,4,4,1,94.0
10,89,41,5,4,4,1,79.0
10,96,30,5,4,4,1,79.0
11,16,16,5,4,4,1,79.0
85,65,71,5,4,4,1,94.0
85,49,40,5,4,4,1,94.0
19,4,45,5,4,4,1,79.0
83,15,30,5,4,4,1,94.0
82,45,31,5,4,4,1,94.0
79,92,52,5,4,4,1,94.0
79,82,18,5,4,4,1,94.0
79,36,2,5,4,3,1,94.0
20,0,13,5,4,4,1,79.0
78,60,66,5,4,4,1,94.0
76,83,1,5,4,4,1,94.0
23,18,33,5,4,4,1,79.0
23,60,42,5,4,4,1,79.0
72,29,26,5,4,4,1,94.0
25,31,39,5,4,4,1,79.0
27,4,33,5,4,4,1,79.0
68,37,13,5,4,4,1,94.0
29,50,13,5,4,4,1,79.0
36,64,31,5,4,4,1,79.0
41,67,13,5,4,4,1,79.0
41,82,49,5,4,4,1,79.0
61,99,13,5,4,4,1,94.0
44,49,20,5,4,4,1,79.0
47,78,28,5,4,4,1,79.0
54,65,35,5,4,4,1,94.0
51,87,13,5,4,4,1,79.0
55,12,0,5,3,4,1,79.0
61,31,2,5,4,4,1,79.0
68,4,60,5,4,4,1,79.0
69,36,19,5,4,4,1,79.0
50,77,25,5,4,4,1,94.0
47,88,9,5,4,4,1,94.0
75,25,34,5,4,4,1,79.0
47,36,48,5,4,4,1,94.0
75,82,44,5,4,4,1,79.0
46,65,66,5,4,4,1,94.0
79,28,33,5,4,4,1,79.0
82,17,13,5,4,4,1,79.0
46,64,61,5,4,4,1,94.0
85,36,59,5,4,4,1,79.0
44,37,1,5,4,4,1,94.0
92,8,12,5,4,4,1,79.0
92,65,40,5,4,4,1,79.0
93,88,1,5,4,4,1,79.0
41,89,8,5,4,4,1,94.0
98,85,15,5,4,4,1,79.0
36,96,25,5,4,4,1,94.0
36,60,36,5,4,4,1,94.0
35,70,29,5,4,4,1,94.0
27,15,6,5,4,4,1,94.0
14,22,23,5,4,4,1,81.5
18,34,45,5,4,4,1,81.5
22,23,18,5,4,4,1,94.0
20,79,8,5,4,4,1,94.0
19,51,8,5,4,4,1,81.5
20,34,31,5,4,4,1,81.5
16,17,39,5,4,4,1,94.0
22,34,7,5,4,4,1,81.5
27,51,19,5,4,4,1,81.5
7,79,13,5,4,4,1,94.0
31,88,27,5,4,4,1,81.5
32,24,61,5,4,4,1,81.5
34,12,18,5,4,4,1,81.5
34,46,26,5,4,4,1,81.5
35,14,18,5,4,4,1,81.5
88,62,22,5,4,4,1,91.5
44,18,15,5,4,4,1,81.5
44,87,55,5,4,4,1,81.5
56,80,47,5,4,4,1,81.5
85,62,54,5,4,4,1,91.5
85,12,35,5,4,4,1,91.5
85,1,45,5,4,4,1,91.5
82,10,1,5,4,4,1,91.5
58,69,60,5,4,4,1,81.5
71,68,46,5,4,4,1,81.5
66,54,21,5,4,4,1,91.5
80,4,25,5,4,4,1,81.5
94,54,1,5,4,4,1,81.5
47,46,18,5,4,4,1,91.5
47,22,54,5,4,4,1,91.5
99,95,42,5,4,4,1,81.5
3,47,42,5,4,4,1,84.0
36,52,14,5,4,4,1,91.5
31,60,11,5,4,4,1,91.5
21,28,18,5,4,4,1,84.0
21,76,9,5,4,4,1,84.0
25,78,61,5,4,4,1,91.5
31,68,34,5,4,4,1,84.0
34,28,0,5,4,4,1,84.0
21,47,4,5,4,4,1,91.5
36,87,8,5,4,4,1,84.0
21,5,27,5,4,4,1,91.5
41,57,56,5,4,4,1,84.0
41,68,71,5,4,4,1,84.0
44,48,39,5,4,4,1,84.0
45,63,41,5,4,4,1,84.0
46,58,9,5,4,4,1,84.0
52,50,8,5,4,4,1,84.0
55,17,19,5,4,4,1,84.0
61,4,50,5,4,4,1,84.0
61,96,7,5,4,4,1,84.0
7,41,44,5,4,4,1,91.5
7,32,75,5,4,4,1,91.5
16,52,26,5,4,4,1,86.5
22,96,49,5,4,4,1,86.5
23,29,1,5,4,4,1,86.5
85,44,30,5,4,4,1,89.0
59,81,71,5,4,4,1,89.0
50,67,36,5,4,4,1,89.0
68,81,55,5,4,4,1,86.5
77,60,50,5,4,4,1,86.5
32,63,36,5,4,4,1,89.0
32,62,6,5,4,4,1,89.0
