src,dst,spec,slots_used,core_src,core_dst,tfk_slot
21,5,0,18,0,0,424.0
14,13,0,2,0,0,1.0
16,9,0,2,0,0,1.0
27,25,0,2,0,0,1.0
28,65,0,2,0,0,1.0
29,74,0,2,0,0,1.0
34,76,0,2,0,0,1.0
38,39,0,2,0,0,1.0
40,84,0,2,0,0,1.0
96,53,0,18,0,0,423.0
44,28,2,2,0,0,1.0
87,55,0,18,0,0,422.0
45,15,0,2,0,0,1.0
46,95,0,2,0,0,1.0
55,35,18,2,0,0,1.0
67,11,0,2,0,0,1.0
90,5,18,2,0,0,1.0
93,54,0,2,0,0,1.0
0,89,0,2,0,0,2.0
20,22,0,2,0,0,2.0
34,70,2,2,0,0,2.0
34,83,4,2,0,0,2.0
43,41,0,2,0,0,2.0
47,0,2,2,0,0,2.0
59,81,0,2,0,0,2.0
61,5,20,2,0,0,2.0
74,0,4,2,0,0,2.0
94,98,0,2,0,0,2.0
96,21,18,2,0,0,2.0
5,24,22,2,0,0,3.0
16,73,2,2,0,0,3.0
24,51,0,2,0,0,3.0
32,22,2,2,0,0,3.0
35,25,2,2,0,0,3.0
40,63,2,2,0,0,3.0
43,25,4,2,0,0,3.0
55,59,20,18,0,0,422.0
96,51,20,18,0,0,421.0
43,59,2,2,0,0,3.0
46,87,18,2,0,0,3.0
47,49,0,2,0,0,3.0
44,16,4,18,0,0,421.0
15,96,38,18,0,0,421.0
56,35,0,2,0,0,3.0
59,65,4,2,0,0,3.0
63,8,0,2,0,0,3.0
63,57,4,2,0,0,3.0
65,36,2,2,0,0,3.0
87,39,20,2,0,0,3.0
96,82,56,2,0,0,3.0
1,7,0,2,0,0,4.0
5,18,24,2,0,0,4.0
20,29,2,2,0,0,4.0
35,22,20,18,0,0,420.0
28,24,4,2,0,0,4.0
12,51,2,18,0,0,420.0
28,31,6,2,0,0,4.0
29,79,4,2,0,0,4.0
34,47,6,2,0,0,4.0
53,51,38,18,0,0,419.0
34,64,8,2,0,0,4.0
46,82,2,2,0,0,4.0
44,93,22,18,0,0,417.0
55,40,38,2,0,0,4.0
63,84,6,2,0,0,4.0
72,19,0,2,0,0,4.0
72,26,2,2,0,0,4.0
40,83,6,18,0,0,417.0
74,76,2,2,0,0,4.0
75,19,2,2,0,0,4.0
82,78,0,2,0,0,4.0
24,41,24,18,0,0,417.0
12,45,20,2,0,0,5.0
20,58,4,2,0,0,5.0
24,54,2,2,0,0,5.0
25,80,6,2,0,0,5.0
32,77,0,2,0,0,5.0
34,59,10,2,0,0,5.0
37,4,0,2,0,0,5.0
37,40,4,2,0,0,5.0
58,53,18,2,0,0,5.0
67,68,2,2,0,0,5.0
71,91,0,2,0,0,5.0
74,52,6,2,0,0,5.0
78,11,2,2,0,0,5.0
95,59,38,18,0,0,414.0
80,77,2,2,0,0,5.0
80,78,4,2,0,0,5.0
82,31,4,2,0,0,5.0
93,86,2,2,0,0,5.0
12,62,0,2,0,0,6.0
29,63,8,2,0,0,6.0
30,94,2,2,0,0,6.0
36,29,6,2,0,0,6.0
43,40,24,2,0,0,6.0
57,45,22,18,0,0,414.0
44,85,0,2,0,0,6.0
51,12,56,2,0,0,6.0
35,61,38,18,0,0,414.0
64,4,2,2,0,0,6.0
70,93,4,2,0,0,6.0
71,89,2,2,0,0,6.0
80,93,8,2,0,0,6.0
82,0,6,2,0,0,6.0
15,49,2,18,0,0,414.0
90,71,4,2,0,0,6.0
96,41,58,2,0,0,6.0
18,91,2,2,0,0,7.0
20,84,8,2,0,0,7.0
24,23,6,2,0,0,7.0
99,42,0,18,0,0,413.0
25,61,8,2,0,0,7.0
28,32,8,2,0,0,7.0
69,50,0,18,0,0,413.0
38,35,4,2,0,0,7.0
68,71,6,18,0,0,413.0
60,87,22,18,0,0,413.0
38,96,60,2,0,0,7.0
46,19,4,2,0,0,7.0
63,66,10,2,0,0,7.0
22,58,38,18,0,0,413.0
65,99,18,2,0,0,7.0
70,43,6,2,0,0,7.0
73,92,0,2,0,0,7.0
76,21,20,2,0,0,7.0
82,57,8,2,0,0,7.0
86,69,18,2,0,0,7.0
88,97,0,2,0,0,7.0
99,23,20,2,0,0,7.0
1,3,2,2,0,0,8.0
2,16,22,2,0,0,8.0
3,88,4,2,0,0,8.0
4,49,20,2,0,0,8.0
21,73,22,18,0,0,413.0
11,51,58,18,0,0,413.0
6,58,0,2,0,0,8.0
6,88,2,2,0,0,8.0
23,80,0,2,0,0,8.0
27,51,2,18,0,1,412.0
24,89,8,2,0,0,8.0
45,67,4,2,0,0,8.0
46,27,20,2,0,0,8.0
47,56,4,2,0,0,8.0
12,66,22,18,0,0,411.0
53,9,20,18,0,0,410.0
49,59,56,2,0,0,8.0
53,28,56,2,0,0,8.0
63,62,12,2,0,0,8.0
64,16,24,2,0,0,8.0
68,66,0,2,0,0,8.0
70,94,8,2,0,0,8.0
74,10,8,2,0,0,8.0
76,20,6,2,0,0,8.0
86,44,40,18,0,0,409.0
78,20,10,2,0,0,8.0
78,33,6,2,0,0,8.0
92,2,2,2,0,0,8.0
11,68,24,18,0,0,409.0
94,40,26,2,0,0,8.0
94,64,4,2,0,0,8.0
96,25,62,2,0,0,8.0
5,68,42,2,0,0,9.0
12,54,40,2,0,0,9.0
20,18,12,2,0,0,9.0
94,49,28,18,0,0,408.0
86,73,58,18,0,0,408.0
27,76,22,2,0,0,9.0
29,38,10,2,0,0,9.0
29,86,12,2,0,0,9.0
30,41,4,2,0,0,9.0
45,1,6,2,0,0,9.0
47,95,8,2,0,0,9.0
49,93,46,2,0,0,9.0
57,2,0,2,0,0,9.0
54,64,42,18,0,0,408.0
62,83,2,2,0,0,9.0
52,86,20,18,0,0,408.0
24,57,42,18,0,0,407.0
67,22,6,2,0,0,9.0
16,4,26,18,0,0,407.0
87,42,40,18,0,0,406.0
80,62,10,2,0,0,9.0
82,42,18,2,0,0,9.0
87,16,58,2,0,0,9.0
11,30,6,2,0,0,10.0
14,36,4,2,0,0,10.0
21,2,40,2,0,0,10.0
22,84,4,2,0,0,10.0
24,95,10,2,0,0,10.0
25,58,10,2,0,0,10.0
67,23,22,18,0,0,406.0
28,34,12,2,0,0,10.0
61,71,56,18,0,0,406.0
28,71,24,2,0,0,10.0
37,14,2,2,0,0,10.0
61,64,60,18,1,0,405.0
44,3,58,2,0,0,10.0
50,73,18,2,0,0,10.0
56,70,10,2,0,0,10.0
56,75,6,2,0,0,10.0
60,54,4,2,0,0,10.0
80,71,26,18,0,0,404.0
62,36,8,2,0,0,10.0
69,4,44,18,0,0,404.0
65,60,6,2,0,0,10.0
66,90,2,2,0,0,10.0
68,16,44,2,0,0,10.0
81,19,6,2,0,0,10.0
82,30,10,2,0,0,10.0
96,32,64,2,0,0,10.0
99,70,22,2,0,0,10.0
50,65,20,18,0,0,404.0
13,39,2,2,0,0,11.0
14,40,28,2,0,0,11.0
41,59,60,18,0,0,404.0
16,82,46,2,0,0,11.0
95,10,12,18,0,0,403.0
17,31,0,2,0,0,11.0
29,18,14,2,0,0,11.0
33,92,4,2,0,0,11.0
34,29,16,2,0,0,11.0
41,74,10,2,0,0,11.0
42,95,30,2,0,0,11.0
45,13,8,2,0,0,11.0
45,78,12,2,0,0,11.0
47,68,46,2,0,0,11.0
50,32,38,2,0,0,11.0
55,94,46,2,0,0,11.0
57,72,6,2,0,0,11.0
63,38,14,2,0,0,11.0
67,76,8,2,0,0,11.0
69,58,20,2,0,0,11.0
73,30,8,2,0,0,11.0
75,24,12,2,0,0,11.0
77,30,12,2,0,0,11.0
77,96,66,2,0,0,11.0
82,59,12,2,0,0,11.0
87,89,60,2,0,0,11.0
93,15,56,18,0,0,403.0
92,72,8,2,0,0,11.0
87,5,62,18,0,0,402.0
94,95,6,2,0,0,11.0
79,22,56,18,0,0,401.0
96,2,68,2,0,0,11.0
0,87,8,2,0,1,12.0
1,63,16,2,0,0,12.0
4,41,6,2,0,0,12.0
17,80,12,2,0,0,12.0
19,68,48,2,0,0,12.0
24,99,60,2,0,0,12.0
18,66,40,18,0,0,401.0
25,40,30,2,0,0,12.0
25,44,60,2,0,0,12.0
53,66,58,17,0,0,400.0
25,97,12,2,0,0,12.0
27,49,24,2,0,0,12.0
29,66,18,2,0,0,12.0
29,97,20,2,0,0,12.0
31,8,2,2,0,0,12.0
31,41,8,2,0,0,12.0
35,42,58,2,0,0,12.0
36,72,10,2,0,0,12.0
36,73,12,2,0,0,12.0
36,77,14,2,0,0,12.0
53,50,40,17,1,0,400.0
40,34,32,2,0,0,12.0
43,52,8,2,0,0,12.0
51,32,20,17,1,0,400.0
53,90,75,2,0,0,12.0
56,6,8,2,0,0,12.0
71,30,44,2,0,0,12.0
72,12,42,2,0,0,12.0
75,16,48,2,0,0,12.0
87,0,10,2,1,0,12.0
90,89,6,2,0,0,12.0
91,51,76,2,0,0,12.0
97,9,2,2,0,0,12.0
0,8,12,2,0,0,13.0
6,42,20,2,0,0,13.0
9,34,14,2,0,0,13.0
15,69,22,2,0,0,13.0
23,85,2,2,0,0,13.0
25,15,20,2,0,0,13.0
28,57,10,2,0,0,13.0
29,23,40,2,0,0,13.0
29,41,22,2,0,0,13.0
89,2,42,17,0,0,399.0
29,84,24,2,0,0,13.0
32,24,14,2,0,0,13.0
41,32,12,2,0,0,13.0
43,44,62,2,0,0,13.0
47,61,10,2,0,0,13.0
53,27,77,2,0,0,13.0
86,36,16,17,1,0,399.0
55,16,50,2,0,0,13.0
55,99,40,2,0,0,13.0
56,76,12,2,0,0,13.0
63,47,18,2,0,0,13.0
12,77,58,17,0,1,399.0
87,15,12,17,1,1,398.0
70,66,24,17,0,1,398.0
63,91,20,2,0,0,13.0
65,69,38,2,0,0,13.0
67,70,12,2,0,0,13.0
67,75,10,2,0,0,13.0
68,43,50,2,0,0,13.0
68,55,52,2,0,0,13.0
70,96,70,2,0,0,13.0
72,41,14,2,0,0,13.0
72,85,4,2,0,0,13.0
79,53,0,2,0,1,13.0
82,45,14,2,0,0,13.0
65,52,40,17,0,0,398.0
83,92,24,2,0,0,13.0
91,99,24,2,0,0,13.0
96,37,72,2,0,0,13.0
1,13,4,2,0,0,14.0
4,26,4,2,0,0,14.0
8,90,8,2,0,0,14.0
9,23,4,2,0,0,14.0
9,90,10,2,0,0,14.0
13,48,6,2,0,0,14.0
14,95,32,2,0,0,14.0
17,34,18,2,0,0,14.0
59,85,6,17,1,0,398.0
56,22,14,17,0,1,398.0
54,28,60,17,0,0,398.0
38,23,42,17,0,0,398.0
17,71,46,2,0,0,14.0
20,78,14,2,0,0,14.0
23,31,10,2,0,0,14.0
27,6,26,2,0,0,14.0
31,82,16,2,0,0,14.0
32,33,10,2,0,0,14.0
32,74,16,2,0,0,14.0
33,24,16,2,0,0,14.0
39,99,26,2,0,0,14.0
34,66,41,17,0,1,398.0
47,62,14,2,0,0,14.0
47,71,48,2,0,0,14.0
48,56,2,2,0,0,14.0
48,74,12,2,0,0,14.0
63,86,38,2,0,0,14.0
64,72,12,2,0,0,14.0
69,51,78,2,0,0,14.0
75,69,24,2,0,0,14.0
91,15,26,2,0,0,14.0
97,82,22,2,0,0,14.0
98,27,28,2,0,0,14.0
1,41,18,2,0,0,15.0
1,83,26,2,0,0,15.0
8,55,42,2,0,0,15.0
15,89,24,2,0,0,15.0
17,35,6,2,0,0,15.0
20,87,29,2,0,1,15.0
26,12,44,2,0,0,15.0
28,44,77,2,0,0,15.0
31,54,12,2,0,0,15.0
32,91,4,2,0,0,15.0
32,97,6,2,0,0,15.0
39,24,18,2,0,0,15.0
39,65,8,2,0,0,15.0
31,99,42,17,0,0,398.0
40,69,34,2,0,0,15.0
90,21,42,17,0,0,397.0
50,38,62,2,0,0,15.0
60,36,0,2,0,0,15.0
61,76,4,2,0,0,15.0
89,3,62,17,0,0,397.0
62,89,4,2,0,0,15.0
63,55,44,2,0,0,15.0
65,83,57,2,0,0,15.0
67,72,16,2,0,0,15.0
70,79,14,2,0,0,15.0
73,26,6,2,0,0,15.0
75,23,8,2,0,0,15.0
77,66,4,2,0,0,15.0
80,49,22,2,0,0,15.0
90,12,77,2,0,0,15.0
95,31,34,2,0,0,15.0
1,50,57,2,0,0,16.0
12,97,46,2,0,0,16.0
24,11,20,2,0,0,16.0
24,14,62,2,0,0,16.0
59,38,23,17,1,0,397.0
26,74,14,2,0,0,16.0
27,59,58,2,0,0,16.0
28,49,26,2,0,0,16.0
36,94,48,2,0,0,16.0
38,21,64,2,0,0,16.0
38,51,40,2,0,1,16.0
42,39,22,2,0,0,16.0
42,48,24,2,0,0,16.0
45,83,40,2,0,0,16.0
47,86,16,2,0,0,16.0
40,13,40,17,0,0,397.0
48,40,36,2,0,0,16.0
58,36,33,2,0,0,16.0
59,63,78,2,0,0,16.0
60,57,2,2,0,0,16.0
60,70,16,2,0,0,16.0
65,5,59,2,0,0,16.0
28,94,28,17,0,1,397.0
69,72,26,2,0,0,16.0
70,56,41,2,0,0,16.0
71,52,74,2,0,0,16.0
72,31,18,2,0,0,16.0
22,75,31,17,1,0,397.0
73,59,14,2,0,0,16.0
78,36,35,2,0,0,16.0
80,4,14,2,0,0,16.0
82,63,24,2,0,0,16.0
87,78,31,2,1,0,16.0
8,9,44,17,0,0,397.0
88,42,26,2,0,0,16.0
90,97,14,2,0,0,16.0
4,70,62,17,0,1,397.0
94,26,10,2,0,0,16.0
98,80,16,2,0,0,16.0
1,21,59,2,0,0,17.0
1,57,12,2,0,0,17.0
2,48,4,2,0,0,17.0
2,85,24,2,0,0,17.0
6,1,10,2,0,0,17.0
10,84,2,2,0,0,17.0
16,43,52,2,0,0,17.0
26,25,16,2,0,0,17.0
29,94,50,2,0,0,17.0
30,70,0,2,0,0,17.0
31,17,14,2,0,0,17.0
32,56,43,2,0,0,17.0
37,84,10,2,0,0,17.0
42,20,32,2,0,0,17.0
42,31,28,2,0,0,17.0
43,0,14,2,0,0,17.0
50,40,59,2,0,0,17.0
55,46,48,2,0,0,17.0
59,18,6,2,0,0,17.0
60,51,42,17,0,1,396.0
65,4,10,2,0,0,17.0
48,98,38,17,0,0,396.0
42,18,60,17,0,0,396.0
77,58,6,2,0,0,17.0
78,72,20,2,0,0,17.0
79,76,10,2,0,0,17.0
84,20,16,2,0,0,17.0
6,49,58,17,0,0,396.0
87,82,33,2,1,0,17.0
90,42,34,2,0,0,17.0
92,22,10,2,0,0,17.0
95,50,64,2,0,0,17.0
96,65,74,2,0,0,17.0
1,93,14,2,0,0,18.0
5,94,52,2,0,0,18.0
7,66,6,2,0,0,18.0
9,36,38,2,0,0,18.0
12,72,48,2,0,0,18.0
13,35,10,2,0,0,18.0
14,22,8,2,0,0,18.0
25,27,32,2,0,0,18.0
25,33,14,2,0,0,18.0
28,67,14,2,0,0,18.0
29,45,42,2,0,0,18.0
31,43,20,2,0,0,18.0
36,46,40,2,0,0,18.0
38,73,16,2,0,0,18.0
1,69,28,17,0,1,396.0
96,26,18,17,1,0,395.0
42,43,36,2,0,0,18.0
43,18,10,2,0,0,18.0
55,6,54,17,0,1,395.0
43,83,28,2,0,0,18.0
44,33,64,2,0,0,18.0
36,70,50,17,0,0,395.0
44,72,66,2,0,0,18.0
55,27,71,2,0,0,18.0
55,92,73,2,0,0,18.0
56,39,31,2,0,0,18.0
60,49,75,2,0,0,18.0
60,52,10,2,0,0,18.0
60,53,8,2,0,1,18.0
64,81,10,2,0,0,18.0
35,94,60,17,0,0,395.0
65,11,12,2,0,0,18.0
33,50,18,17,0,1,395.0
65,94,14,2,0,0,18.0
69,0,28,2,0,0,18.0
73,10,4,2,0,0,18.0
74,87,35,2,0,1,18.0
74,92,18,2,0,0,18.0
75,59,16,2,0,0,18.0
75,79,18,2,0,0,18.0
75,94,20,2,0,0,18.0
77,41,16,2,0,0,18.0
40,36,61,17,0,1,394.0
78,38,8,2,0,0,18.0
78,40,57,2,0,0,18.0
79,8,6,2,0,0,18.0
80,91,18,2,0,0,18.0
80,98,20,2,0,0,18.0
82,8,20,2,0,0,18.0
94,85,54,2,0,0,18.0
0,42,38,2,0,0,19.0
35,70,0,17,1,1,394.0
2,27,30,2,0,0,19.0
5,16,54,2,0,0,19.0
8,34,22,2,0,0,19.0
11,64,14,2,0,0,19.0
14,18,16,2,0,0,19.0
17,57,16,2,0,0,19.0
23,32,18,2,0,0,19.0
28,23,16,2,0,0,19.0
28,87,45,2,0,1,19.0
29,7,26,2,0,0,19.0
29,89,28,2,0,0,19.0
30,40,78,2,0,0,19.0
31,21,61,2,0,0,19.0
34,72,24,2,0,0,19.0
35,4,8,2,0,0,19.0
38,59,18,2,0,0,19.0
40,27,34,2,1,0,19.0
42,57,77,2,0,0,19.0
42,98,2,2,1,0,19.0
46,30,14,2,0,0,19.0
23,36,59,17,0,2,394.0
46,37,6,2,0,0,19.0
52,29,38,2,0,0,19.0
59,96,8,2,0,1,19.0
8,81,24,17,0,0,394.0
2,4,0,17,1,1,394.0
65,89,16,2,0,0,19.0
67,59,40,2,0,1,19.0
69,18,30,2,0,0,19.0
69,77,32,2,0,0,19.0
91,85,28,17,0,0,393.0
70,9,18,2,0,0,19.0
70,67,20,2,0,0,19.0
72,1,22,2,0,0,19.0
74,20,20,2,0,0,19.0
89,61,0,17,1,1,393.0
74,66,75,2,0,0,19.0
77,12,50,2,0,0,19.0
78,39,16,2,0,0,19.0
79,20,22,2,0,0,19.0
80,41,44,2,0,0,19.0
75,49,50,17,0,1,393.0
82,17,26,2,0,0,19.0
82,27,36,2,0,0,19.0
82,87,38,2,0,1,19.0
88,3,6,2,0,0,19.0
88,38,12,2,0,0,19.0
88,72,28,2,0,0,19.0
68,10,54,17,0,0,393.0
88,99,30,2,0,0,19.0
90,86,0,2,0,0,19.0
92,49,48,2,0,0,19.0
97,80,24,2,0,0,19.0
2,43,12,2,0,0,20.0
2,50,66,2,0,0,20.0
3,92,12,2,0,0,20.0
9,87,6,2,0,1,20.0
10,22,74,2,0,0,20.0
13,43,16,2,0,0,20.0
14,3,10,2,0,0,20.0
14,37,12,2,0,0,20.0
16,6,56,2,0,0,20.0
20,44,68,2,0,0,20.0
22,88,14,2,0,0,20.0
26,7,8,2,0,0,20.0
28,86,47,2,0,1,20.0
30,90,16,2,0,0,20.0
31,49,77,2,0,0,20.0
31,75,22,2,0,0,20.0
32,78,40,2,0,0,20.0
33,65,61,2,0,0,20.0
33,71,50,2,0,0,20.0
29,76,52,17,0,0,393.0
34,36,67,2,0,0,20.0
34,39,28,2,0,0,20.0
34,65,63,2,0,0,20.0
34,93,20,2,0,0,20.0
35,85,56,2,0,0,20.0
36,85,45,2,0,0,20.0
38,9,66,2,0,0,20.0
38,48,20,2,0,0,20.0
38,54,6,2,0,0,20.0
77,49,0,17,1,1,391.0
39,54,10,2,0,0,20.0
43,14,18,2,0,0,20.0
76,93,24,17,0,1,391.0
51,71,59,17,1,1,391.0
43,77,22,2,0,0,20.0
43,91,45,2,0,0,20.0
44,24,70,2,0,0,20.0
47,66,12,2,0,0,20.0
48,12,75,2,0,0,20.0
50,59,68,2,0,1,20.0
53,60,12,2,1,0,20.0
53,69,36,2,1,0,20.0
45,46,50,17,0,0,391.0
36,61,17,17,1,1,391.0
54,5,26,2,0,0,20.0
56,86,76,2,0,0,20.0
58,40,2,2,0,1,20.0
62,96,76,2,0,0,20.0
69,67,42,2,0,0,20.0
73,95,56,2,0,0,20.0
74,25,22,2,0,0,20.0
3,31,14,17,0,1,391.0
74,93,40,2,0,0,20.0
53,68,14,17,1,1,390.0
75,0,26,2,0,0,20.0
48,45,55,17,0,1,390.0
8,41,61,17,0,1,390.0
75,78,28,2,0,0,20.0
79,29,30,2,0,0,20.0
87,17,2,2,1,0,20.0
88,20,18,2,0,0,20.0
90,95,36,2,0,0,20.0
91,55,78,2,0,0,20.0
92,4,16,2,0,0,20.0
94,68,77,2,0,0,20.0
98,35,12,2,0,0,20.0
1,28,20,2,0,0,21.0
68,1,61,17,1,0,389.0
26,81,46,17,0,0,388.0
7,30,18,2,0,0,21.0
8,79,16,2,0,0,21.0
9,7,12,2,0,0,21.0
15,44,74,2,0,0,21.0
23,20,76,2,0,0,21.0
11,97,26,17,1,0,388.0
25,69,40,2,0,0,21.0
26,18,0,2,0,0,21.0
8,61,34,17,1,1,388.0
28,18,18,2,0,0,21.0
34,23,78,2,0,0,21.0
34,84,26,2,0,0,21.0
35,3,14,2,0,1,21.0
42,78,18,2,1,0,21.0
45,65,67,2,0,0,21.0
47,12,52,2,0,0,21.0
47,76,41,2,0,0,21.0
47,82,28,2,0,0,21.0
48,35,16,2,0,0,21.0
56,24,64,2,0,0,21.0
62,22,16,2,0,0,21.0
67,65,65,2,0,0,21.0
70,76,43,2,0,0,21.0
4,61,17,17,1,2,388.0
72,49,50,2,0,0,21.0
91,4,47,17,0,1,387.0
73,49,52,2,0,0,21.0
76,91,14,2,0,0,21.0
77,13,18,17,1,0,387.0
78,37,22,2,0,0,21.0
78,85,26,2,0,0,21.0
79,2,8,2,0,0,21.0
69,41,0,17,1,1,387.0
60,65,0,17,1,1,387.0
86,68,49,17,1,2,386.0
87,22,76,2,1,0,21.0
88,33,8,2,0,0,21.0
90,82,30,2,0,0,21.0
91,38,68,2,0,0,21.0
95,63,58,2,0,0,21.0
97,1,8,2,0,0,21.0
97,29,44,2,0,0,21.0
0,15,30,2,0,0,22.0
1,44,24,2,0,1,22.0
4,7,22,2,0,0,22.0
6,37,14,2,0,0,22.0
8,10,10,2,0,0,22.0
8,14,14,2,0,0,22.0
86,39,33,17,2,0,386.0
8,15,78,2,0,0,22.0
15,57,28,2,0,1,22.0
85,6,58,17,0,2,386.0
17,22,78,2,0,0,22.0
17,37,8,2,0,0,22.0
20,12,54,2,0,0,22.0
84,13,57,17,0,0,386.0
24,21,66,2,0,0,22.0
24,58,68,2,0,0,22.0
25,82,42,2,0,0,22.0
25,86,78,2,0,0,22.0
27,43,38,2,0,0,22.0
28,45,22,2,0,1,22.0
28,85,49,2,0,0,22.0
29,13,35,2,0,0,22.0
30,20,24,2,0,0,22.0
31,29,32,2,0,0,22.0
69,5,45,17,1,1,386.0
33,28,52,2,0,0,22.0
33,55,75,2,0,0,22.0
38,40,70,2,0,1,22.0
42,88,10,2,1,0,22.0
45,60,18,2,0,0,22.0
17,27,28,17,0,1,386.0
48,22,18,2,0,0,22.0
48,67,72,2,0,0,22.0
48,70,77,2,0,0,22.0
94,7,45,17,1,0,385.0
49,63,54,2,0,0,22.0
51,64,0,2,1,0,22.0
56,59,45,2,0,1,22.0
10,68,31,17,0,1,385.0
60,84,14,2,0,0,22.0
67,29,46,2,0,0,22.0
6,92,28,17,0,0,385.0
69,65,69,2,0,0,22.0
71,66,77,2,0,0,22.0
73,55,10,2,0,1,22.0
73,65,76,2,0,0,22.0
74,82,44,2,0,0,22.0
75,31,67,2,0,0,22.0
76,10,48,2,0,0,22.0
76,17,50,2,0,0,22.0
76,52,16,2,0,0,22.0
78,44,72,2,0,0,22.0
78,56,33,2,0,0,22.0
82,51,76,2,0,1,22.0
82,83,48,2,0,0,22.0
84,43,30,2,0,0,22.0
86,20,4,2,0,1,22.0
89,65,18,2,0,1,22.0
90,27,40,2,0,0,22.0
91,43,64,2,0,0,22.0
92,24,75,2,0,0,22.0
1,39,50,2,0,0,23.0
2,80,59,2,0,0,23.0
97,92,50,17,0,0,384.0
18,94,22,2,0,0,23.0
20,75,70,2,0,0,23.0
29,6,48,2,0,0,23.0
67,17,48,17,0,1,384.0
29,70,72,2,0,0,23.0
54,4,0,17,1,2,384.0
30,97,48,2,0,0,23.0
33,76,45,2,0,0,23.0
49,45,24,17,1,1,383.0
95,46,22,17,1,0,381.0
34,41,30,2,0,1,23.0
34,78,37,2,0,0,23.0
71,61,0,17,1,2,381.0
35,13,77,2,0,0,23.0
36,60,69,2,0,0,23.0
37,11,16,2,0,0,23.0
46,63,42,2,0,0,23.0
46,72,44,2,0,0,23.0
64,73,0,17,1,1,381.0
50,24,72,2,0,0,23.0
51,75,78,2,1,0,23.0
54,31,24,2,0,0,23.0
58,6,0,17,1,1,380.0
56,38,72,2,0,0,23.0
37,68,24,17,0,2,380.0
56,79,35,2,0,0,23.0
62,80,46,2,0,0,23.0
64,14,6,2,0,0,23.0
69,12,62,2,0,1,23.0
69,96,64,2,0,1,23.0
72,21,68,2,0,0,23.0
73,35,20,2,0,1,23.0
73,79,40,2,0,0,23.0
36,89,34,17,1,1,380.0
76,13,74,2,0,0,23.0
78,32,45,2,0,0,23.0
82,13,40,2,0,1,23.0
91,1,6,2,0,1,23.0
93,20,42,2,0,0,23.0
97,56,67,2,0,0,23.0
0,28,54,2,0,0,24.0
0,50,70,2,0,0,24.0
5,15,32,2,0,0,24.0
6,9,16,2,0,0,24.0
7,10,71,2,0,0,24.0
8,25,18,2,0,0,24.0
14,4,24,2,0,0,24.0
14,16,60,2,0,0,24.0
35,27,45,17,1,1,380.0
17,79,20,2,0,0,24.0
95,93,0,17,1,1,379.0
22,12,12,2,0,1,24.0
25,79,24,2,0,0,24.0
26,38,74,2,0,0,24.0
36,21,0,17,1,1,379.0
26,59,42,2,0,1,24.0
27,61,74,2,0,0,24.0
27,87,42,2,0,1,24.0
27,68,0,17,1,2,379.0
29,10,76,2,0,0,24.0
29,15,69,2,0,1,24.0
31,6,75,2,0,0,24.0
31,91,70,2,0,0,24.0
32,38,76,2,0,0,24.0
33,0,35,2,0,0,24.0
33,3,0,2,0,0,24.0
35,18,26,2,1,0,24.0
36,7,42,2,0,0,24.0
38,87,78,2,0,1,24.0
11,9,0,17,1,1,379.0
41,28,2,2,0,1,24.0
46,39,12,2,0,0,24.0
47,67,44,2,0,0,24.0
89,99,62,17,1,0,378.0
47,91,22,2,0,0,24.0
38,7,0,17,1,1,378.0
50,69,74,2,0,0,24.0
52,61,0,2,0,0,24.0
56,66,58,2,0,1,24.0
62,6,6,2,0,0,24.0
62,43,26,2,0,0,24.0
65,48,71,2,0,1,24.0
70,41,46,2,0,0,24.0
72,64,30,2,0,0,24.0
73,24,78,2,0,0,24.0
3,45,31,17,0,2,378.0
73,39,54,2,0,0,24.0
76,84,18,2,0,0,24.0
82,3,50,2,0,0,24.0
98,76,55,17,0,1,377.0
84,23,12,2,0,0,24.0
87,27,47,2,1,0,24.0
90,14,20,2,0,0,24.0
90,61,12,2,0,0,24.0
92,91,6,2,0,1,24.0
96,7,78,2,0,0,24.0
4,86,12,2,0,1,25.0
5,32,47,2,0,0,25.0
12,16,64,2,1,0,25.0
15,3,34,2,0,1,25.0
16,31,72,2,0,0,25.0
18,4,34,2,0,1,25.0
9,39,56,17,1,0,377.0
18,85,77,2,0,0,25.0
25,75,72,2,0,0,25.0
26,36,71,2,0,0,25.0
50,80,61,17,1,0,376.0
29,55,74,2,0,1,25.0
85,81,63,16,1,0,375.0
33,95,2,2,0,0,25.0
43,65,78,2,0,0,25.0
44,38,2,2,1,0,25.0
47,70,67,2,0,0,25.0
48,64,22,2,0,0,25.0
49,46,46,2,1,0,25.0
49,52,18,2,1,0,25.0
50,96,76,2,0,1,25.0
52,91,12,2,0,0,25.0
53,97,57,16,1,1,375.0
53,52,2,2,1,0,25.0
55,24,0,2,1,1,25.0
57,13,14,2,0,0,25.0
57,24,18,2,0,1,25.0
58,29,78,2,0,0,25.0
59,11,4,2,1,0,25.0
60,62,20,2,0,0,25.0
63,92,22,2,0,0,25.0
64,61,16,2,0,0,25.0
67,5,18,2,0,1,25.0
69,53,76,2,0,1,25.0
74,17,24,2,0,0,25.0
74,51,37,2,0,1,25.0
76,16,69,2,0,0,25.0
89,39,17,16,1,1,374.0
77,38,18,2,0,1,25.0
78,7,24,2,0,0,25.0
78,98,74,2,0,0,25.0
82,28,58,2,0,0,25.0
82,43,54,2,0,0,25.0
88,74,32,2,0,0,25.0
88,87,40,2,0,1,25.0
89,21,20,2,0,1,25.0
89,92,14,2,0,0,25.0
90,73,22,2,0,1,25.0
91,19,8,2,0,0,25.0
92,10,78,2,0,0,25.0
95,33,66,2,0,0,25.0
96,64,35,2,1,0,25.0
97,44,4,2,0,1,25.0
1,10,45,3,0,1,26.0
2,34,34,3,0,0,26.0
69,57,62,16,1,1,374.0
3,34,52,3,0,1,26.0
6,14,45,3,0,0,26.0
8,43,56,3,1,0,26.0
8,63,26,3,1,0,26.0
9,75,74,3,0,0,26.0
11,34,8,3,0,1,26.0
23,73,24,16,1,1,374.0
89,19,10,16,2,0,373.0
14,0,40,3,0,0,26.0
17,77,52,3,0,0,26.0
17,83,59,3,0,0,26.0
18,2,37,3,0,0,26.0
18,27,44,3,1,0,26.0
18,32,49,3,1,0,26.0
19,52,57,3,0,0,26.0
24,73,42,3,1,0,26.0
28,61,22,3,1,0,26.0
28,91,72,3,1,0,26.0
30,71,52,3,0,0,26.0
32,16,66,3,0,0,26.0
33,12,37,3,0,1,26.0
33,81,41,3,0,0,26.0
38,0,20,3,1,0,26.0
40,54,14,3,1,0,26.0
43,75,32,3,0,1,26.0
45,37,44,3,0,0,26.0
45,47,69,3,0,0,26.0
46,14,67,3,0,0,26.0
46,24,8,3,0,1,26.0
46,35,70,3,0,1,26.0
47,14,34,3,0,0,26.0
47,27,54,3,0,0,26.0
47,42,24,3,0,1,26.0
55,63,29,3,1,0,26.0
56,21,37,3,0,1,26.0
56,42,47,3,0,1,26.0
75,86,0,16,1,2,373.0
60,93,77,3,0,0,26.0
36,83,0,16,2,1,373.0
62,30,28,3,0,0,26.0
65,0,23,3,1,0,26.0
12,38,40,16,1,1,373.0
1,22,48,16,1,1,373.0
70,73,74,3,0,1,26.0
72,86,33,3,0,1,26.0
76,32,71,3,0,0,26.0
76,57,76,3,0,2,26.0
54,19,26,16,1,0,372.0
77,39,73,3,0,0,26.0
78,24,47,3,0,1,26.0
78,89,51,3,0,1,26.0
82,35,62,3,0,1,26.0
84,62,32,3,0,0,26.0
26,85,0,16,1,1,372.0
91,54,17,3,1,0,26.0
93,56,50,3,0,0,26.0
95,41,60,3,0,2,26.0
96,74,46,3,1,0,26.0
97,67,69,3,0,0,26.0
98,91,8,3,0,1,26.0
1,52,52,3,0,1,27.0
2,39,76,3,0,0,27.0
5,71,28,3,0,1,27.0
8,78,59,3,1,0,27.0
9,4,40,3,0,1,27.0
14,46,73,3,0,0,27.0
98,84,35,16,1,0,371.0
20,27,49,3,0,0,27.0
54,18,52,16,1,1,371.0
51,60,17,16,2,1,371.0
37,49,47,16,0,2,371.0
63,52,60,16,0,1,370.0
22,5,0,3,1,1,27.0
26,41,35,3,0,1,27.0
26,57,63,3,0,0,27.0
28,59,47,3,1,1,27.0
29,81,2,3,1,0,27.0
33,23,47,3,0,1,27.0
34,5,69,3,0,1,27.0
34,61,58,3,0,2,27.0
43,98,0,16,1,1,370.0
35,44,17,3,1,1,27.0
36,45,73,3,0,0,27.0
37,17,63,3,0,0,27.0
5,49,20,16,1,2,370.0
77,8,34,16,0,2,369.0
37,18,18,3,0,1,27.0
39,44,4,3,0,2,27.0
65,46,26,16,1,1,369.0
39,81,12,3,1,0,27.0
40,99,36,3,1,0,27.0
45,26,0,16,1,2,369.0
43,58,59,3,0,0,27.0
47,11,76,3,0,0,27.0
48,13,8,3,0,1,27.0
50,79,37,3,1,0,27.0
52,15,60,3,0,1,27.0
58,65,56,3,0,1,27.0
62,8,22,3,0,1,27.0
35,91,28,16,1,1,369.0
62,18,35,3,0,1,27.0
62,54,42,3,0,1,27.0
63,22,32,3,0,2,27.0
63,79,46,3,0,0,27.0
65,32,52,3,1,0,27.0
67,77,76,3,0,0,27.0
5,29,5,16,2,1,368.0
2,65,59,16,1,1,368.0
68,4,71,3,0,1,27.0
69,74,66,3,0,0,27.0
70,52,17,3,1,1,27.0
0,86,16,16,1,2,368.0
74,22,69,3,0,1,27.0
76,88,20,3,1,0,27.0
77,78,62,3,0,0,27.0
79,52,76,3,0,0,27.0
81,58,15,3,0,0,27.0
82,33,68,3,0,0,27.0
90,34,72,3,0,0,27.0
90,54,68,3,0,1,27.0
71,13,42,16,1,1,367.0
91,18,0,3,1,1,27.0
37,61,34,16,1,2,367.0
93,7,74,3,0,0,27.0
93,23,10,3,0,1,27.0
48,9,17,16,1,1,366.0
93,77,53,3,0,1,27.0
96,22,3,3,1,1,27.0
97,53,73,3,0,1,27.0
30,7,55,16,0,1,366.0
73,64,40,16,1,1,365.0
97,55,16,3,0,1,27.0
98,81,4,3,0,1,27.0
2,66,14,3,0,0,28.0
6,60,50,3,0,1,28.0
10,90,50,3,0,1,28.0
11,24,50,3,0,1,28.0
16,48,74,3,0,1,28.0
17,87,55,3,0,1,28.0
18,25,26,3,1,0,28.0
22,18,6,3,1,1,28.0
99,81,7,16,1,1,364.0
23,77,55,3,1,0,28.0
24,44,11,3,1,1,28.0
29,48,26,3,1,0,28.0
29,53,31,3,1,1,28.0
29,57,60,3,1,0,28.0
30,19,71,3,0,0,28.0
30,75,20,3,0,1,28.0
45,84,0,16,2,1,364.0
31,36,36,3,0,2,28.0
32,35,55,3,0,2,28.0
33,75,54,3,0,1,28.0
34,73,75,3,0,2,28.0
38,84,74,3,1,0,28.0
67,2,17,16,1,1,362.0
63,83,62,16,1,0,362.0
38,85,23,3,1,1,28.0
39,8,0,3,1,1,28.0
39,9,61,3,1,0,28.0
40,33,57,3,1,0,28.0
61,75,61,16,2,1,361.0
44,20,26,3,1,0,28.0
45,14,76,3,0,0,28.0
46,17,76,3,0,1,28.0
47,43,72,3,0,0,28.0
48,5,29,3,0,2,28.0
48,54,32,3,0,0,28.0
49,25,67,3,1,0,28.0
27,58,62,16,1,1,361.0
55,83,32,3,1,0,28.0
56,99,53,3,0,1,28.0
59,15,0,3,1,1,28.0
60,58,62,3,0,0,28.0
65,13,20,3,1,1,28.0
66,49,20,3,1,1,28.0
23,38,58,16,1,1,361.0
21,13,58,16,1,1,357.0
12,32,14,16,1,1,357.0
70,80,48,3,1,0,28.0
71,14,37,3,1,0,28.0
72,5,36,3,0,0,28.0
9,53,33,16,1,2,355.0
73,4,56,16,1,2,354.0
72,84,52,3,0,0,28.0
74,42,27,3,0,1,28.0
75,32,58,3,1,0,28.0
34,95,55,16,1,1,352.0
80,16,51,3,0,1,28.0
82,60,65,3,0,0,28.0
82,98,71,3,0,1,28.0
88,13,37,3,0,0,28.0
57,77,35,16,1,1,351.0
88,50,42,3,0,1,28.0
88,63,49,3,0,0,28.0
88,66,60,3,0,1,28.0
72,94,0,15,1,1,350.0
89,73,10,3,0,2,28.0
91,82,3,3,1,1,28.0
93,74,16,3,0,1,28.0
93,82,17,3,1,1,28.0
94,46,16,3,0,1,28.0
96,83,37,3,1,0,28.0
98,37,76,3,0,0,28.0
98,75,23,3,0,1,28.0
0,1,16,3,0,1,29.0
25,87,44,15,0,2,350.0
98,95,30,4,0,2,74.0
2,18,70,3,0,1,29.0
2,22,73,3,0,1,29.0
5,62,39,3,0,0,29.0
96,11,42,4,1,0,74.0
6,15,53,3,0,1,29.0
6,63,22,3,0,1,29.0
10,5,49,3,1,0,29.0
14,32,48,3,0,1,29.0
17,43,66,3,0,0,29.0
20,63,35,3,0,0,29.0
20,80,56,3,0,0,29.0
21,80,70,3,0,1,29.0
25,56,34,3,0,1,29.0
25,65,75,3,0,1,29.0
25,72,37,3,0,1,29.0
28,43,40,3,1,0,29.0
29,49,41,3,1,1,29.0
29,88,23,3,1,0,29.0
95,16,68,4,0,1,74.0
30,28,31,3,0,1,29.0
30,46,74,3,0,1,29.0
30,79,34,3,0,1,29.0
30,83,37,3,0,1,29.0
32,61,61,3,0,3,29.0
33,79,71,3,0,1,29.0
93,3,20,4,1,1,74.0
34,54,20,3,1,0,29.0
35,92,67,3,1,0,29.0
37,29,66,3,0,1,29.0
39,43,47,3,1,0,29.0
39,50,3,3,1,1,29.0
40,65,42,3,1,1,29.0
42,6,77,3,1,0,29.0
89,43,30,4,0,1,74.0
42,14,51,3,1,0,29.0
88,76,45,4,0,1,74.0
43,80,75,3,0,1,29.0
88,31,63,4,0,0,74.0
45,4,47,3,0,2,29.0
45,59,50,3,1,1,29.0
48,39,6,3,1,1,29.0
50,97,0,3,1,1,29.0
53,76,4,3,1,1,29.0
53,78,54,3,2,0,29.0
58,26,22,3,0,1,29.0
82,48,9,4,1,1,74.0
58,61,25,3,0,0,29.0
60,80,59,3,0,1,29.0
60,88,71,3,0,0,29.0
62,37,69,3,0,0,29.0
62,93,48,3,0,1,29.0
65,95,45,3,1,1,29.0
67,79,42,3,1,0,29.0
67,84,77,3,1,0,29.0
81,44,20,4,0,1,74.0
68,20,74,3,0,1,29.0
78,46,65,4,0,1,74.0
70,65,20,3,1,2,29.0
71,16,77,3,1,0,29.0
72,17,70,3,0,0,29.0
75,81,26,4,1,1,74.0
73,70,45,3,0,1,29.0
73,89,48,4,0,2,74.0
74,18,77,3,0,1,29.0
74,24,53,3,0,1,29.0
74,36,56,3,0,1,29.0
72,53,57,4,0,2,74.0
74,48,49,3,0,1,29.0
74,70,59,3,0,1,29.0
74,86,72,3,0,1,29.0
76,11,17,3,1,1,29.0
76,40,7,3,1,1,29.0
71,42,20,4,1,1,74.0
78,68,42,3,0,2,29.0
80,12,0,3,1,1,29.0
80,40,4,3,1,1,29.0
82,69,71,3,1,0,29.0
90,38,26,3,0,1,29.0
71,35,24,4,1,2,74.0
67,97,3,4,1,1,74.0
91,13,11,3,1,1,29.0
91,93,44,3,1,1,29.0
67,41,48,4,1,0,74.0
92,48,45,3,0,1,29.0
92,77,70,3,0,0,29.0
95,3,72,3,0,1,29.0
0,91,47,3,0,1,30.0
2,14,17,3,0,1,30.0
4,14,64,3,1,0,30.0
5,14,56,3,0,0,30.0
12,24,3,3,1,1,30.0
15,84,29,3,1,1,30.0
17,13,74,3,0,1,30.0
21,4,74,3,0,1,30.0
22,77,9,3,1,0,30.0
24,33,77,3,1,0,30.0
25,19,64,3,0,0,30.0
26,23,76,3,0,1,30.0
27,8,62,3,0,1,30.0
27,24,65,3,0,1,30.0
29,61,34,3,1,0,30.0
65,29,48,4,1,1,74.0
30,48,40,3,0,1,30.0
30,56,60,3,1,0,30.0
30,63,0,3,1,1,30.0
31,46,39,3,0,2,30.0
32,92,0,3,1,1,30.0
34,89,34,3,1,0,30.0
34,90,0,3,1,1,30.0
38,46,77,3,1,1,30.0
39,42,33,3,1,1,30.0
40,66,10,3,1,1,30.0
41,0,52,3,0,1,30.0
41,17,55,3,0,2,30.0
42,53,4,3,1,2,30.0
42,72,39,3,1,0,30.0
44,15,6,3,1,1,30.0
44,26,38,3,1,0,30.0
62,98,51,4,0,1,74.0
45,28,16,3,1,1,30.0
61,97,76,4,0,0,74.0
48,69,0,3,1,2,30.0
54,80,28,4,0,1,74.0
51,88,34,3,2,0,30.0
54,60,35,3,0,1,30.0
56,3,69,3,0,1,30.0
56,16,0,3,1,1,30.0
54,43,17,4,1,1,74.0
60,64,38,3,1,0,30.0
61,69,28,3,0,2,30.0
62,78,55,3,0,1,30.0
63,44,14,3,1,1,30.0
63,50,6,3,1,1,30.0
63,76,10,3,1,1,30.0
63,81,30,3,1,1,30.0
65,21,77,3,2,0,30.0
67,93,52,3,1,1,30.0
68,44,48,3,1,1,30.0
72,63,61,3,0,2,30.0
72,69,73,3,0,2,30.0
74,71,62,3,0,2,30.0
74,77,24,3,1,0,30.0
76,75,35,3,1,1,30.0
76,81,0,3,1,1,30.0
76,87,49,3,1,1,30.0
80,18,9,3,1,1,30.0
87,1,64,3,1,1,30.0
87,86,67,3,1,1,30.0
93,51,41,3,1,2,30.0
50,22,9,4,1,2,74.0
96,80,12,3,1,1,30.0
46,32,3,4,1,1,74.0
97,64,18,3,1,0,30.0
1,34,3,3,1,1,31.0
3,0,55,3,0,1,31.0
6,0,32,3,1,0,31.0
8,54,77,3,1,0,31.0
9,5,77,3,0,1,31.0
11,57,53,3,0,1,31.0
12,1,8,3,1,1,31.0
12,14,70,3,1,0,31.0
12,49,73,3,1,1,31.0
16,46,7,3,1,1,31.0
46,1,11,4,1,1,74.0
20,82,38,3,0,1,31.0
22,95,76,3,1,0,31.0
26,15,66,3,0,1,31.0
27,95,68,3,0,2,31.0
28,79,26,3,1,0,31.0
29,4,37,3,1,1,31.0
29,83,44,3,1,0,31.0
33,66,0,3,1,1,31.0
45,64,72,4,1,1,74.0
45,57,41,4,1,2,74.0
39,84,36,3,1,1,31.0
41,76,23,3,1,1,31.0
44,40,29,3,1,1,31.0
46,58,70,3,1,0,31.0
44,74,32,4,1,1,74.0
44,60,41,4,1,1,74.0
47,34,30,3,0,1,31.0
48,32,33,3,1,1,31.0
50,3,45,3,1,1,31.0
44,22,64,4,1,1,74.0
50,52,13,3,1,1,31.0
50,74,48,3,1,1,31.0
54,7,21,3,1,1,31.0
44,13,51,4,1,2,74.0
55,11,46,3,1,0,31.0
56,34,11,3,1,1,31.0
43,90,59,4,1,0,74.0
59,41,53,3,1,1,31.0
60,45,45,3,1,1,31.0
63,1,19,3,1,1,31.0
68,6,51,3,1,1,31.0
68,38,0,3,1,2,31.0
69,98,17,3,1,1,31.0
70,37,41,3,1,0,31.0
72,46,76,3,0,2,31.0
43,64,26,4,1,0,74.0
40,9,49,4,1,1,74.0
72,48,52,3,1,1,31.0
72,54,45,3,1,1,31.0
74,19,42,3,1,0,31.0
75,41,17,3,1,1,31.0
77,91,58,3,0,1,31.0
78,9,69,3,0,0,31.0
79,41,32,3,0,1,31.0
80,43,21,3,1,1,31.0
39,82,41,4,1,1,74.0
88,98,55,3,0,1,31.0
90,51,63,3,0,2,31.0
90,77,27,3,1,0,31.0
37,46,19,4,1,1,74.0
90,79,53,3,1,0,31.0
90,85,16,3,1,1,31.0
91,69,20,3,1,1,31.0
91,95,50,3,1,1,31.0
95,12,76,3,1,1,31.0
96,60,53,3,1,1,31.0
97,11,21,3,1,1,31.0
2,3,26,3,0,1,32.0
9,6,73,3,1,1,32.0
11,35,73,3,1,1,32.0
12,35,30,3,1,2,32.0
14,77,75,3,1,1,32.0
18,58,12,3,1,0,32.0
20,7,62,3,0,0,32.0
20,13,44,3,0,2,32.0
20,26,59,3,0,1,32.0
20,41,65,3,0,2,32.0
21,62,17,3,1,1,32.0
24,60,56,3,1,1,32.0
25,67,0,3,1,1,32.0
26,86,36,3,1,1,32.0
28,84,19,3,1,1,32.0
29,43,69,3,1,0,32.0
32,85,51,3,1,0,32.0
33,26,16,3,1,1,32.0
34,21,23,3,1,1,32.0
34,97,14,3,1,1,32.0
35,53,22,3,1,2,32.0
36,34,76,3,0,1,32.0
38,13,29,3,1,1,32.0
38,86,32,3,1,3,32.0
39,15,9,3,1,1,32.0
40,92,17,3,1,1,32.0
34,24,26,4,1,1,74.0
42,52,63,3,1,0,32.0
43,9,53,3,1,1,32.0
43,46,42,3,1,1,32.0
45,87,19,3,1,2,32.0
47,18,38,3,0,1,32.0
48,17,3,3,1,1,32.0
34,1,37,4,1,1,74.0
33,20,72,4,1,0,74.0
52,19,67,3,0,0,32.0
32,89,37,4,1,0,74.0
53,6,17,3,2,1,32.0
54,55,49,3,1,1,32.0
32,63,41,4,1,1,74.0
60,43,63,3,1,1,32.0
62,77,58,3,0,2,32.0
62,95,72,3,0,1,32.0
63,17,25,3,1,1,32.0
67,26,33,3,1,1,32.0
67,48,13,3,1,1,32.0
68,92,3,3,1,1,32.0
69,85,23,3,1,2,32.0
70,32,30,3,1,1,32.0
72,95,17,3,1,1,32.0
73,9,77,3,1,1,32.0
76,61,31,3,1,0,32.0
76,80,38,3,1,1,32.0
79,4,50,3,0,2,32.0
79,7,2,3,1,0,32.0
84,60,20,3,0,2,32.0
86,18,6,3,0,2,32.0
86,88,9,3,0,1,32.0
86,89,0,3,1,2,32.0
87,40,60,3,1,1,32.0
88,43,67,3,0,1,32.0
88,86,75,3,0,1,32.0
88,93,52,3,0,2,32.0
32,5,7,4,1,1,74.0
91,9,14,3,1,2,32.0
91,73,23,3,1,2,32.0
92,47,57,3,1,0,32.0
94,39,56,3,0,1,32.0
31,65,0,4,1,2,74.0
95,18,41,3,1,1,32.0
96,13,0,3,1,1,32.0
96,39,50,3,1,1,32.0
97,24,30,3,1,1,32.0
97,85,26,3,1,1,32.0
30,27,17,4,1,1,74.0
29,96,56,4,1,1,74.0
98,9,34,3,0,2,32.0
0,62,61,3,0,0,33.0
29,93,72,4,1,1,74.0
29,50,52,4,1,1,74.0
1,12,33,3,1,1,33.0
28,92,6,4,1,1,74.0
5,90,44,3,0,1,33.0
26,92,25,4,1,1,74.0
8,33,3,3,1,1,33.0
26,61,51,4,1,1,74.0
9,2,61,3,2,0,33.0
25,85,19,4,1,1,74.0
13,31,4,3,1,1,33.0
14,59,56,3,1,1,33.0
14,83,50,3,1,0,33.0
16,71,17,3,1,1,33.0
18,51,3,3,1,2,33.0
19,7,45,3,0,1,33.0
20,98,20,3,1,1,33.0
22,72,20,3,2,1,33.0
16,65,10,4,1,2,74.0
22,91,53,3,2,1,33.0
25,38,35,3,1,1,33.0
25,54,71,3,1,1,33.0
29,30,63,3,1,1,33.0
31,92,10,3,1,1,33.0
31,98,31,3,1,1,33.0
32,12,56,3,1,1,33.0
32,27,11,3,1,2,33.0
33,10,6,3,1,1,33.0
1,94,22,4,1,1,74.0
33,14,9,3,1,1,33.0
33,41,20,3,1,1,33.0
33,60,59,3,1,1,33.0
33,61,55,3,1,1,33.0
33,84,23,3,1,1,33.0
34,0,43,3,1,0,33.0
35,10,76,3,1,1,33.0
35,50,58,3,2,1,33.0
1,75,41,4,1,1,74.0
35,96,15,3,2,1,33.0
36,5,51,3,1,2,33.0
39,21,53,3,1,1,33.0
39,88,64,3,1,1,33.0
40,18,21,3,1,1,33.0
95,71,0,4,2,2,73.0
91,40,63,4,1,1,73.0
47,85,60,3,0,1,33.0
48,25,55,3,1,1,33.0
49,37,70,3,1,1,33.0
50,16,3,3,2,1,33.0
50,39,67,3,2,1,33.0
53,8,7,3,2,1,33.0
55,37,2,3,1,1,33.0
56,32,45,3,1,1,33.0
63,37,50,3,1,1,33.0
63,98,58,3,1,1,33.0
64,69,32,3,0,2,33.0
65,33,26,3,2,1,33.0
65,53,14,3,2,2,33.0
65,55,5,3,2,1,33.0
69,8,10,3,2,1,33.0
69,28,13,3,2,1,33.0
69,34,17,3,2,1,33.0
72,8,29,3,1,1,33.0
72,16,23,3,1,1,33.0
91,23,67,4,1,2,73.0
72,20,26,3,1,1,33.0
75,35,38,3,1,2,33.0
75,38,45,3,1,2,33.0
90,78,76,4,1,0,73.0
75,76,77,3,1,1,33.0
77,72,32,3,2,1,33.0
77,97,7,3,2,1,33.0
78,92,13,3,1,1,33.0
80,99,32,3,1,0,33.0
82,7,14,3,1,0,33.0
90,46,56,4,1,1,73.0
82,55,20,3,1,1,33.0
82,56,6,3,1,1,33.0
82,73,0,3,1,2,33.0
85,57,30,3,1,1,33.0
86,0,3,3,1,1,33.0
88,60,67,4,1,1,73.0
88,0,50,3,1,0,33.0
88,90,3,3,1,1,33.0
90,3,6,3,1,1,33.0
90,4,67,3,1,1,33.0
91,35,71,3,1,2,33.0
93,61,55,3,1,2,33.0
0,37,56,3,0,1,34.0
6,19,76,3,1,0,34.0
6,90,20,3,1,1,34.0
16,50,14,3,1,2,34.0
17,42,7,3,1,1,34.0
17,89,28,3,1,2,34.0
18,71,31,3,1,1,34.0
20,6,23,3,1,1,34.0
20,38,6,3,1,2,34.0
20,65,17,3,1,2,34.0
88,7,28,4,1,0,73.0
21,45,76,3,1,1,34.0
22,60,71,3,2,1,34.0
23,1,0,3,1,1,34.0
87,68,70,4,1,2,73.0
24,6,35,3,1,1,34.0
87,59,59,4,2,1,73.0
25,45,16,3,1,2,34.0
25,93,58,3,1,1,34.0
30,86,6,3,1,1,34.0
31,72,40,3,1,1,34.0
32,70,59,3,1,2,34.0
34,56,48,3,1,1,34.0
34,75,71,3,1,2,34.0
35,38,3,3,2,2,34.0
38,56,14,3,2,1,34.0
40,64,24,3,1,1,34.0
40,91,74,3,1,1,34.0
41,99,26,3,1,1,34.0
42,55,12,3,1,1,34.0
43,11,45,3,1,1,34.0
43,19,50,3,1,0,34.0
43,50,34,3,1,2,34.0
47,6,63,3,0,3,34.0
87,45,22,4,2,2,73.0
48,23,36,3,1,2,34.0
48,28,58,3,1,1,34.0
48,37,61,3,1,1,34.0
48,76,64,3,1,2,34.0
48,77,67,3,1,2,34.0
87,31,34,4,2,1,73.0
53,2,49,3,2,1,34.0
58,22,28,3,0,2,34.0
58,42,73,3,0,1,34.0
86,93,39,4,1,2,73.0
59,51,70,3,1,2,34.0
60,33,76,3,1,1,34.0
60,48,77,3,2,1,34.0
63,45,53,3,1,2,34.0
86,80,43,4,1,1,73.0
64,86,56,3,1,2,34.0
67,20,9,3,1,1,34.0
67,85,36,3,1,1,34.0
67,99,39,3,1,1,34.0
72,80,48,3,1,1,34.0
74,60,0,3,1,2,34.0
77,54,74,3,2,1,34.0
78,34,0,3,1,2,34.0
80,29,15,3,1,2,34.0
87,2,52,3,1,1,34.0
88,54,77,3,1,1,34.0
88,81,23,3,1,1,34.0
90,65,23,3,1,2,34.0
85,86,50,4,1,2,73.0
91,33,77,3,1,2,34.0
92,53,29,3,1,2,34.0
93,21,61,3,1,2,34.0
93,35,64,3,1,2,34.0
96,70,66,3,1,2,34.0
97,54,10,3,1,2,34.0
98,58,65,3,1,0,34.0
83,11,53,4,0,1,73.0
98,79,23,3,1,1,34.0
0,7,65,3,0,0,35.0
1,8,67,3,1,1,35.0
82,21,26,4,1,1,73.0
1,20,29,3,1,1,35.0
2,38,33,3,1,2,35.0
2,56,37,3,1,1,35.0
82,10,30,4,1,1,73.0
2,93,76,3,1,1,35.0
78,90,9,4,1,1,73.0
3,77,0,3,1,2,35.0
9,13,17,3,2,1,35.0
9,29,76,3,2,1,35.0
12,42,59,3,1,1,35.0
78,63,33,4,1,1,73.0
12,90,66,3,1,2,35.0
14,51,0,3,1,2,35.0
17,97,33,3,1,1,35.0
19,21,53,3,0,2,35.0
19,70,60,3,0,3,35.0
20,21,32,3,1,1,35.0
20,48,0,3,1,2,35.0
21,7,40,3,1,1,35.0
24,63,38,3,1,1,35.0
77,0,10,4,2,1,73.0
24,79,14,3,1,1,35.0
28,58,35,3,1,0,35.0
29,27,21,3,2,1,35.0
29,77,3,3,2,2,35.0
30,82,23,3,1,1,35.0
76,74,27,4,1,1,73.0
31,24,59,3,1,1,35.0
32,11,62,3,1,1,35.0
32,94,65,3,1,1,35.0
34,67,45,3,2,1,35.0
38,12,9,3,2,2,35.0
76,29,41,4,1,2,73.0
39,58,70,3,1,2,35.0
40,81,39,3,1,1,35.0
41,71,38,3,1,2,35.0
42,26,30,3,1,1,35.0
42,36,42,3,1,2,35.0
45,22,48,3,2,2,35.0
47,35,0,3,1,2,35.0
53,12,0,3,2,2,35.0
56,72,55,3,1,1,35.0
59,62,64,3,1,0,35.0
60,77,14,3,2,2,35.0
61,38,50,3,2,2,35.0
61,82,77,3,2,1,35.0
62,53,10,3,1,2,35.0
62,55,23,3,1,1,35.0
64,38,17,3,1,2,35.0
75,72,48,4,1,2,73.0
65,20,35,3,2,1,35.0
65,34,29,3,2,2,35.0
67,54,55,3,1,2,35.0
69,13,23,3,2,1,35.0
70,15,33,3,1,1,35.0
70,98,26,3,1,1,35.0
73,84,17,3,1,2,35.0
79,31,7,3,1,1,35.0
80,6,18,3,1,2,35.0
75,13,32,4,2,1,73.0
80,27,24,3,1,1,35.0
80,97,51,3,1,1,35.0
72,22,58,4,1,2,73.0
82,6,45,3,1,1,35.0
82,11,48,3,1,1,35.0
82,81,34,3,1,1,35.0
82,86,59,3,1,2,35.0
82,99,56,3,1,1,35.0
66,86,63,4,1,2,73.0
88,32,71,3,1,1,35.0
88,46,0,3,1,1,35.0
66,80,3,4,1,2,73.0
88,64,20,3,1,1,35.0
90,28,61,3,1,1,35.0
90,31,47,3,1,1,35.0
65,10,38,4,2,1,73.0
90,55,35,3,1,1,35.0
90,69,38,3,1,2,35.0
92,62,20,3,1,1,35.0
94,56,17,3,1,1,35.0
0,43,72,3,0,1,36.0
62,66,13,4,1,1,73.0
62,61,0,4,1,3,73.0
0,49,76,3,0,1,36.0
62,41,41,4,1,1,73.0
1,16,26,3,1,1,36.0
62,28,50,4,1,1,73.0
61,92,32,4,3,1,73.0
1,18,73,3,1,1,36.0
1,45,70,3,1,2,36.0
1,76,45,3,1,2,36.0
2,79,40,3,1,1,36.0
5,75,3,3,1,2,36.0
6,66,26,3,1,2,36.0
6,86,29,3,1,3,36.0
61,53,25,4,3,2,73.0
6,96,38,3,1,2,36.0
8,5,13,3,1,1,36.0
9,78,3,3,2,1,36.0
13,6,14,3,1,2,36.0
14,12,3,3,1,2,36.0
14,43,37,3,1,1,36.0
14,80,62,3,1,1,36.0
15,72,63,3,1,1,36.0
17,49,0,3,1,2,36.0
17,69,20,3,1,2,36.0
17,74,10,3,1,1,36.0
17,98,68,3,1,1,36.0
18,31,15,3,1,2,36.0
18,56,3,3,2,1,36.0
18,78,16,3,2,1,36.0
19,93,67,3,1,1,36.0
20,30,12,3,1,1,36.0
59,25,74,4,1,1,73.0
20,59,38,3,1,2,36.0
20,69,41,3,1,2,36.0
20,83,44,3,1,1,36.0
57,62,66,4,0,1,73.0
24,19,20,3,1,1,36.0
26,28,43,3,1,1,36.0
56,60,23,4,1,2,73.0
27,44,45,3,2,1,36.0
27,79,17,3,2,1,36.0
29,2,45,3,2,1,36.0
29,85,33,3,2,1,36.0
29,92,36,3,2,1,36.0
52,96,70,4,0,1,73.0
30,67,66,3,1,1,36.0
31,73,43,3,1,2,36.0
32,51,74,3,1,2,36.0
33,1,12,3,1,2,36.0
33,16,29,3,1,1,36.0
47,80,54,4,1,1,73.0
33,21,43,3,1,1,36.0
33,49,36,3,1,2,36.0
33,83,32,3,1,1,36.0
46,21,46,4,1,1,73.0
41,93,45,4,1,2,73.0
35,83,18,3,2,1,36.0
36,87,16,3,2,2,36.0
37,13,26,3,1,1,36.0
37,90,13,3,1,1,36.0
39,29,73,3,1,2,36.0
40,62,45,3,1,1,36.0
40,50,53,4,1,2,73.0
41,44,56,3,1,1,36.0
41,66,49,3,1,2,36.0
42,16,36,3,1,1,36.0
34,11,57,4,2,1,73.0
43,32,77,3,1,1,36.0
33,78,39,4,1,1,73.0
43,63,56,3,1,2,36.0
32,54,0,4,2,2,73.0
44,47,59,3,1,1,36.0
44,54,68,3,1,2,36.0
32,43,4,4,2,2,73.0
46,75,23,3,1,2,36.0
47,3,3,3,1,1,36.0
47,8,16,3,1,1,36.0
47,24,23,3,1,1,36.0
47,31,50,3,1,1,36.0
47,87,6,3,1,2,36.0
48,78,6,3,2,1,36.0
49,95,4,3,2,2,36.0
31,66,67,4,1,1,73.0
50,41,0,3,2,2,36.0
53,72,66,3,2,1,36.0
56,11,65,3,1,1,36.0
56,71,20,3,1,2,36.0
57,32,70,3,0,2,36.0
58,35,21,3,1,2,36.0
59,22,0,3,2,2,36.0
60,7,32,3,2,0,36.0
61,40,67,3,3,1,36.0
31,34,53,4,1,2,73.0
28,36,54,4,1,2,73.0
62,23,4,3,1,1,36.0
62,72,70,3,1,1,36.0
65,25,32,3,2,1,36.0
26,87,39,4,1,2,73.0
65,28,64,3,2,1,36.0
67,21,58,3,1,2,36.0
67,42,69,3,1,1,36.0
67,45,61,3,1,2,36.0
70,34,23,3,1,2,36.0
70,36,51,3,1,2,36.0
70,83,54,3,1,1,36.0
72,59,73,3,1,2,36.0
74,11,68,3,1,1,36.0
74,33,51,3,1,1,36.0
76,77,52,3,1,2,36.0
77,69,35,3,2,2,36.0
77,74,19,3,2,1,36.0
77,82,62,3,2,1,36.0
80,82,65,3,1,1,36.0
24,28,68,4,1,1,73.0
82,26,68,3,1,1,36.0
82,49,74,3,1,2,36.0
82,62,51,3,1,2,36.0
84,2,55,3,1,1,36.0
88,48,12,3,1,2,36.0
88,96,60,3,1,1,36.0
90,66,71,3,1,1,36.0
17,39,13,4,1,2,73.0
14,29,24,4,1,2,73.0
90,88,32,3,1,1,36.0
97,31,73,3,1,1,36.0
97,58,36,3,1,1,36.0
98,40,77,3,1,1,36.0
9,35,6,4,2,2,73.0
0,13,36,3,1,1,37.0
2,19,0,3,2,1,37.0
6,13,41,4,1,3,73.0
3,62,29,3,1,1,37.0
3,81,42,3,1,1,37.0
1,79,76,4,1,1,73.0
6,11,48,3,1,2,37.0
1,58,17,4,2,1,73.0
6,78,21,3,2,1,37.0
9,10,0,3,2,1,37.0
1,0,6,4,2,1,73.0
12,7,35,3,2,0,37.0
12,61,6,3,2,3,37.0
95,57,73,4,2,0,72.0
13,7,77,3,1,1,37.0
14,7,68,3,1,0,37.0
94,10,68,4,1,1,72.0
14,64,28,3,1,1,37.0
18,63,45,3,2,1,37.0
22,61,13,3,2,3,37.0
24,10,62,3,1,1,37.0
24,22,74,3,1,2,37.0
25,18,9,3,1,2,37.0
25,47,12,3,1,1,37.0
26,71,46,3,1,2,37.0
26,94,62,3,1,1,37.0
29,91,0,3,2,2,37.0
30,9,26,3,1,2,37.0
30,34,3,3,1,2,37.0
31,9,64,3,1,2,37.0
32,8,68,3,1,2,37.0
33,30,46,3,1,1,37.0
34,12,12,3,2,2,37.0
90,59,3,4,2,2,72.0
36,64,31,3,2,1,37.0
38,34,20,3,2,2,37.0
81,88,45,4,1,1,72.0
39,27,76,3,1,2,37.0
39,37,5,3,2,1,37.0
40,4,43,3,2,1,37.0
40,61,9,3,2,3,37.0
41,30,9,3,2,1,37.0
41,35,12,3,2,2,37.0
41,38,23,3,2,2,37.0
41,72,76,3,2,1,37.0
42,45,56,3,1,2,37.0
43,62,26,3,2,1,37.0
44,75,74,3,1,2,37.0
46,69,50,3,1,2,37.0
46,76,53,3,1,2,37.0
49,22,16,3,2,2,37.0
50,82,6,3,2,2,37.0
50,94,72,3,2,1,37.0
79,80,10,4,1,2,72.0
51,17,37,3,2,1,37.0
78,14,43,4,1,1,72.0
55,32,26,3,1,2,37.0
55,90,41,3,1,1,37.0
56,4,77,3,1,1,37.0
56,29,28,3,1,2,37.0
56,90,31,3,1,2,37.0
62,26,55,3,1,1,37.0
63,89,3,3,1,2,37.0
64,23,59,3,1,2,37.0
66,62,7,3,1,1,37.0
67,19,72,3,1,1,37.0
69,70,3,3,2,2,37.0
70,72,36,3,1,2,37.0
70,86,9,3,2,1,37.0
71,75,34,3,1,3,37.0
72,11,76,3,2,1,37.0
72,92,39,3,2,1,37.0
76,70,13,4,1,2,72.0
73,31,3,3,2,2,37.0
74,89,54,4,1,1,72.0
74,85,39,3,1,1,37.0
75,10,9,3,2,1,37.0
75,18,0,3,2,2,37.0
75,88,6,3,2,1,37.0
74,38,58,4,1,2,72.0
76,69,72,3,1,3,37.0
77,48,22,3,2,2,37.0
78,51,47,3,1,2,37.0
78,93,24,3,1,2,37.0
80,44,35,3,1,2,37.0
82,14,12,3,2,1,37.0
82,36,19,3,2,2,37.0
82,80,0,3,2,2,37.0
74,15,71,4,1,1,72.0
88,14,40,3,1,1,37.0
74,14,3,4,1,2,72.0
88,22,35,3,1,2,37.0
90,74,64,3,1,1,37.0
91,45,19,3,2,2,37.0
74,7,75,4,1,2,72.0
70,11,17,4,2,2,72.0
68,41,54,4,1,2,72.0
91,49,7,3,2,2,37.0
91,84,16,3,2,1,37.0
63,0,32,4,2,1,72.0
92,98,61,3,1,1,37.0
94,35,75,3,1,2,37.0
96,0,0,3,2,1,37.0
96,75,12,3,2,2,37.0
5,0,39,3,1,1,38.0
7,27,38,3,0,2,38.0
9,52,10,3,2,1,38.0
10,1,3,3,1,2,38.0
13,45,26,3,2,2,38.0
13,76,0,3,2,2,38.0
61,79,43,4,3,1,72.0
14,27,6,3,1,2,38.0
14,87,31,3,1,2,38.0
61,15,36,4,3,1,72.0
15,71,41,3,1,2,38.0
18,90,12,3,2,2,38.0
58,72,24,4,1,2,72.0
58,33,28,4,1,2,72.0
20,43,47,3,1,2,38.0
20,73,50,3,1,2,38.0
20,91,53,3,1,2,38.0
24,13,3,3,2,2,38.0
24,87,0,3,2,2,38.0
26,33,65,3,1,1,38.0
29,36,48,3,2,2,38.0
30,72,29,3,1,2,38.0
30,76,32,3,1,2,38.0
30,98,74,3,1,1,38.0
33,42,62,3,1,2,38.0
33,53,69,3,1,2,38.0
33,69,6,3,2,2,38.0
33,87,3,3,2,2,38.0
35,39,33,3,2,2,38.0
57,30,56,4,1,1,72.0
56,81,51,4,1,1,72.0
40,6,0,3,2,2,38.0
41,19,3,3,2,1,38.0
41,27,20,3,2,2,38.0
42,47,66,3,1,1,38.0
56,46,60,4,1,1,72.0
43,23,13,3,2,1,38.0
43,39,0,3,2,2,38.0
46,3,9,3,2,1,38.0
48,0,42,3,2,1,38.0
53,80,61,4,2,2,72.0
50,46,17,3,2,2,38.0
53,15,75,3,2,1,38.0
56,17,40,3,1,1,38.0
52,75,26,4,1,2,72.0
58,37,53,3,1,1,38.0
63,16,20,3,2,1,38.0
65,27,42,3,2,2,38.0
50,18,20,4,2,2,72.0
65,39,45,3,2,2,38.0
65,64,67,3,2,1,38.0
73,19,6,3,2,1,38.0
49,16,39,4,2,1,72.0
73,52,20,3,2,1,38.0
73,72,13,3,2,2,38.0
74,2,7,3,1,2,38.0
80,14,20,3,2,1,38.0
80,33,14,3,2,2,38.0
82,18,24,3,2,2,38.0
84,1,26,3,1,2,38.0
86,8,70,3,2,1,38.0
87,38,26,3,2,2,38.0
87,60,9,3,2,2,38.0
88,5,74,3,1,1,38.0
88,9,53,3,1,2,38.0
88,77,15,3,1,3,38.0
90,19,9,3,2,1,38.0
91,5,36,3,2,1,38.0
91,96,3,3,2,2,38.0
92,45,64,3,1,2,38.0
92,80,42,3,1,2,38.0
93,2,3,3,2,2,38.0
48,49,63,4,2,2,72.0
94,11,0,3,2,2,38.0
95,11,7,3,2,2,38.0
47,40,19,4,1,2,72.0
96,54,6,3,2,2,38.0
97,98,39,3,1,2,38.0
45,93,73,4,2,2,72.0
98,90,0,3,2,2,38.0
45,52,0,4,3,1,72.0
99,19,23,3,1,1,38.0
0,47,45,3,1,1,39.0
44,4,17,4,2,2,72.0
1,24,21,3,2,2,39.0
2,61,16,3,2,3,39.0
2,77,25,3,2,2,39.0
43,45,8,4,2,3,72.0
5,19,42,3,1,1,39.0
38,99,29,4,2,1,72.0
5,38,62,3,1,2,39.0
6,24,6,3,2,2,39.0
37,25,64,4,1,1,72.0
6,99,3,3,2,1,39.0
34,58,32,4,2,1,72.0
7,51,50,3,1,2,39.0
32,80,29,4,2,2,72.0
8,56,73,3,1,1,39.0
9,77,29,3,2,2,39.0
15,65,48,3,1,2,39.0
16,23,43,3,1,1,39.0
17,30,43,3,1,1,39.0
18,16,32,3,2,1,39.0
20,56,68,3,1,1,39.0
31,77,76,4,1,3,72.0
22,0,62,3,2,1,39.0
23,26,19,3,1,1,39.0
31,76,6,4,2,2,72.0
24,26,71,3,2,1,39.0
29,24,9,4,2,2,72.0
27,53,0,4,2,3,72.0
28,1,75,3,1,2,39.0
27,15,56,4,2,1,72.0
20,89,58,4,1,1,72.0
28,13,10,3,1,2,39.0
14,5,71,4,1,2,72.0
30,47,35,3,1,1,39.0
30,87,69,3,1,2,39.0
31,63,0,3,2,2,39.0
32,50,9,3,2,2,39.0
33,17,17,3,2,1,39.0
33,37,9,3,2,1,39.0
38,37,73,3,2,1,39.0
38,42,36,3,2,2,39.0
8,60,51,4,1,2,72.0
41,81,68,3,2,1,39.0
42,77,15,3,1,4,39.0
44,98,71,3,1,2,39.0
45,20,77,3,2,1,39.0
47,63,9,3,1,2,39.0
48,4,25,3,2,2,39.0
6,44,9,4,2,2,72.0
48,88,56,3,2,1,39.0
50,25,24,3,2,1,39.0
50,28,27,3,2,2,39.0
51,26,77,3,2,1,39.0
53,63,72,3,2,2,39.0
60,42,3,3,2,2,39.0
60,56,6,3,2,2,39.0
6,21,24,4,2,2,72.0
60,91,27,3,2,2,39.0
5,63,65,4,1,2,72.0
61,91,22,3,3,2,39.0
62,82,32,3,1,2,39.0
62,87,63,3,1,2,39.0
63,80,17,3,2,2,39.0
0,71,58,4,1,2,72.0
65,22,51,3,2,3,39.0
67,31,10,3,2,2,39.0
67,52,4,3,2,1,39.0
67,94,7,3,2,2,39.0
68,48,9,3,1,2,39.0
69,48,45,3,2,2,39.0
69,60,55,3,2,2,39.0
70,28,0,3,2,2,39.0
75,57,15,3,2,1,39.0
76,65,56,3,2,2,39.0
97,43,42,4,1,2,71.0
76,95,10,3,2,2,39.0
95,53,13,4,2,3,71.0
80,37,23,3,2,1,39.0
80,90,26,3,2,2,39.0
82,23,16,3,2,1,39.0
83,64,62,3,1,1,39.0
85,8,54,3,1,2,39.0
88,11,3,3,2,2,39.0
88,94,10,3,2,2,39.0
89,12,31,3,2,2,39.0
91,72,10,3,2,2,39.0
92,44,77,3,1,1,39.0
93,87,12,3,2,2,39.0
95,61,19,3,2,3,39.0
95,27,23,4,2,2,71.0
97,13,47,3,1,2,39.0
97,28,54,3,1,2,39.0
97,68,76,3,1,2,39.0
98,8,19,3,2,1,39.0
0,4,72,3,1,2,40.0
94,45,13,4,2,3,71.0
1,2,29,3,2,2,40.0
1,84,32,3,2,1,40.0
92,97,45,4,1,2,71.0
91,86,73,4,2,2,71.0
3,83,48,3,1,1,40.0
4,58,39,3,2,1,40.0
6,55,38,3,2,1,40.0
9,67,20,3,2,2,40.0
11,45,67,3,2,2,40.0
91,41,30,4,2,2,71.0
12,11,21,3,2,2,40.0
12,85,42,3,2,1,40.0
14,31,34,3,1,2,40.0
14,67,47,3,1,2,40.0
16,33,46,3,1,2,40.0
17,12,65,3,1,2,40.0
19,71,12,3,1,2,40.0
24,49,13,3,2,2,40.0
91,24,39,4,2,2,71.0
25,0,48,3,1,1,40.0
25,30,38,3,1,1,40.0
90,26,16,4,2,2,71.0
25,50,41,3,1,2,40.0
26,0,74,3,1,2,40.0
26,42,20,3,2,2,40.0
27,62,35,3,2,1,40.0
28,46,3,3,2,2,40.0
28,69,58,3,2,2,40.0
90,17,71,4,2,1,71.0
31,22,23,3,2,2,40.0
32,4,21,3,2,2,40.0
34,86,67,3,2,2,40.0
39,38,39,3,2,2,40.0
88,55,52,4,2,1,71.0
39,60,17,3,2,2,40.0
40,21,50,3,2,1,40.0
40,38,53,3,2,2,40.0
88,10,13,4,2,1,71.0
87,99,72,4,2,1,71.0
87,46,76,4,2,3,71.0
40,53,4,3,2,3,40.0
84,97,39,4,1,2,71.0
41,39,26,3,2,2,40.0
43,31,18,3,2,2,40.0
44,68,58,3,2,1,40.0
46,49,43,3,2,2,40.0
47,15,26,3,1,2,40.0
80,83,57,4,2,1,71.0
47,21,29,3,1,2,40.0
48,18,28,3,2,2,40.0
80,67,33,4,2,2,71.0
48,79,31,3,2,1,40.0
79,21,47,4,1,2,71.0
50,83,75,3,2,1,40.0
53,38,42,3,3,2,40.0
55,26,56,3,1,2,40.0
58,20,42,3,1,2,40.0
58,39,48,3,1,2,40.0
59,76,13,3,2,2,40.0
60,86,35,3,2,3,40.0
78,99,59,4,1,1,71.0
63,13,6,3,2,2,40.0
63,46,12,3,2,2,40.0
78,60,63,4,1,2,71.0
70,29,6,3,2,2,40.0
70,71,23,3,2,2,40.0
70,90,34,3,2,2,40.0
72,42,0,3,2,2,40.0
78,15,29,4,1,2,71.0
73,50,30,3,2,2,40.0
74,53,36,3,1,3,40.0
74,67,13,3,1,2,40.0
75,70,37,3,2,2,40.0
75,97,18,3,2,2,40.0
76,6,28,3,2,2,40.0
76,64,35,3,2,1,40.0
78,2,50,3,1,2,40.0
78,53,67,3,1,3,40.0
78,74,70,3,1,2,40.0
79,72,20,3,1,2,40.0
81,86,77,3,1,2,40.0
82,32,35,3,2,2,40.0
83,43,21,3,1,2,40.0
84,99,43,3,1,1,40.0
75,40,46,4,2,2,71.0
88,25,6,3,2,1,40.0
89,5,34,3,2,2,40.0
90,99,46,3,2,1,40.0
95,40,27,3,2,2,40.0
98,71,4,3,2,2,40.0
1,15,44,3,2,1,41.0
5,97,0,3,2,2,41.0
74,55,59,4,2,1,71.0
6,79,51,3,2,1,41.0
7,63,24,3,1,2,41.0
8,49,10,3,2,2,41.0
8,73,16,3,2,2,41.0
10,85,57,3,1,1,41.0
72,3,16,4,2,1,71.0
12,78,73,3,2,1,41.0
13,47,32,3,2,1,41.0
13,98,13,3,2,2,41.0
14,88,59,3,1,2,41.0
15,23,3,3,1,2,41.0
15,63,3,3,2,2,41.0
17,56,0,3,2,2,41.0
17,82,3,3,2,2,41.0
17,90,20,3,2,2,41.0
18,69,61,3,2,2,41.0
20,16,62,3,1,1,41.0
24,43,29,3,2,2,41.0
25,9,44,3,1,2,41.0
25,98,27,3,1,2,41.0
69,21,64,4,2,2,71.0
26,54,23,3,2,2,41.0
27,33,32,3,2,2,41.0
28,88,17,3,2,2,41.0
29,12,18,3,2,2,41.0
29,32,51,3,2,2,41.0
30,26,49,3,1,2,41.0
30,32,77,3,1,2,41.0
31,19,26,3,2,1,41.0
31,51,44,3,2,2,41.0
32,28,12,3,2,2,41.0
32,71,15,3,2,2,41.0
33,35,41,3,2,2,41.0
34,25,61,3,2,1,41.0
34,68,6,3,2,1,41.0
39,28,8,3,2,2,41.0
39,32,42,3,2,2,41.0
43,55,63,3,2,1,41.0
44,45,21,3,2,3,41.0
45,92,49,3,3,1,41.0
46,8,0,3,2,2,41.0
69,11,76,4,2,2,71.0
46,55,66,3,2,1,41.0
47,23,40,3,1,1,41.0
47,39,62,3,1,2,41.0
62,38,76,4,1,2,71.0
60,97,58,4,2,2,71.0
47,57,69,3,1,2,41.0
47,69,75,3,1,3,41.0
47,74,72,3,1,3,41.0
56,94,17,4,2,2,71.0
48,91,48,3,2,2,41.0
51,66,6,3,2,2,41.0
51,84,58,3,2,1,41.0
56,8,3,3,2,2,41.0
56,18,35,3,2,2,41.0
56,93,9,3,2,2,41.0
60,18,38,3,2,2,41.0
54,93,15,4,2,2,71.0
60,29,67,3,2,2,41.0
60,55,70,3,2,1,41.0
60,83,41,3,2,1,41.0
62,11,38,3,1,2,41.0
62,40,58,3,1,2,41.0
50,4,37,4,2,3,71.0
62,50,73,3,1,3,41.0
46,6,31,4,2,2,71.0
63,23,50,3,2,1,41.0
64,3,76,3,1,1,41.0
68,24,17,3,2,2,41.0
69,36,68,3,2,3,41.0
44,19,29,4,2,1,71.0
70,46,26,3,2,2,41.0
72,36,45,3,2,2,41.0
72,81,55,3,2,1,41.0
43,84,50,4,2,1,71.0
73,1,35,3,2,2,41.0
74,23,45,3,1,2,41.0
76,25,3,3,2,1,41.0
77,45,38,3,2,3,41.0
79,15,37,3,1,2,41.0
79,57,26,3,1,2,41.0
81,32,58,3,1,2,41.0
81,37,61,3,1,2,41.0
82,34,9,3,2,2,41.0
82,44,38,3,2,2,41.0
82,66,74,3,2,1,41.0
82,85,45,3,2,1,41.0
42,1,39,4,2,2,71.0
85,20,65,3,2,1,41.0
87,9,66,3,2,3,41.0
88,45,24,3,2,3,41.0
40,85,12,4,2,2,71.0
89,20,71,3,2,1,41.0
90,68,23,3,2,3,41.0
90,91,43,3,2,2,41.0
91,87,13,3,2,3,41.0
93,9,49,3,2,2,41.0
94,67,23,3,2,2,41.0
94,91,56,3,2,2,41.0
95,37,77,3,2,1,41.0
38,62,65,4,2,2,71.0
35,64,44,4,2,2,71.0
96,78,76,3,2,1,41.0
97,36,22,3,2,2,41.0
98,7,30,3,2,1,41.0
33,15,20,4,2,2,71.0
98,33,24,3,2,2,41.0
0,75,65,3,1,2,42.0
1,55,0,3,2,2,42.0
30,4,52,4,1,3,71.0
2,91,59,3,2,2,42.0
29,5,54,4,2,2,71.0
6,2,35,3,2,2,42.0
6,28,41,3,2,2,42.0
27,29,60,4,2,2,71.0
6,94,44,3,2,2,42.0
9,46,23,3,2,2,42.0
10,86,17,3,1,3,42.0
17,86,6,3,2,3,42.0
20,2,10,3,2,2,42.0
26,27,27,4,2,2,71.0
20,23,7,3,2,1,42.0
25,76,51,4,1,3,71.0
20,62,0,3,2,2,42.0
24,27,48,3,2,2,42.0
25,53,68,3,1,4,42.0
26,22,38,3,2,2,42.0
26,40,31,3,2,2,42.0
27,48,51,3,2,2,42.0
28,3,36,3,2,1,42.0
31,26,41,3,2,2,42.0
31,37,29,3,2,1,42.0
32,13,18,3,2,2,42.0
25,17,9,4,2,2,71.0
34,35,48,3,2,2,42.0
34,63,36,3,2,2,42.0
34,88,39,3,2,2,42.0
24,59,24,4,2,2,71.0
35,6,51,3,2,3,42.0
36,84,76,3,2,1,42.0
36,93,27,3,2,2,42.0
19,29,76,4,1,2,71.0
37,73,16,3,1,3,42.0
18,15,41,4,2,2,71.0
39,0,68,3,2,1,42.0
39,23,20,3,2,2,42.0
16,15,54,4,1,2,71.0
39,34,71,3,2,2,42.0
39,57,23,3,2,1,42.0
41,64,6,3,2,2,42.0
41,94,34,3,2,2,42.0
9,99,67,4,2,1,71.0
4,57,29,4,2,2,71.0
44,64,0,3,2,2,42.0
46,26,35,3,2,2,42.0
46,90,49,3,2,2,42.0
46,98,46,3,2,2,42.0
47,7,17,3,2,1,42.0
48,31,37,3,2,2,42.0
48,99,34,3,2,1,42.0
50,23,48,3,2,2,42.0
52,43,32,3,1,2,42.0
1,23,51,4,2,2,71.0
52,62,7,3,1,2,42.0
53,49,70,3,3,2,42.0
56,13,21,3,2,2,42.0
57,7,0,3,1,2,42.0
58,62,45,3,1,2,42.0
61,9,40,3,3,2,42.0
65,92,70,3,2,1,42.0
69,55,3,3,3,2,42.0
70,26,44,3,2,2,42.0
0,92,75,4,1,2,71.0
71,85,7,3,2,2,42.0
72,37,3,3,2,2,42.0
72,88,32,3,2,2,42.0
0,84,46,4,2,1,71.0
74,45,4,3,2,3,42.0
75,1,55,3,2,2,42.0
75,47,40,3,2,2,42.0
75,96,43,3,2,2,42.0
76,39,59,3,2,2,42.0
78,18,48,3,2,2,42.0
78,22,3,3,2,2,42.0
78,26,52,3,2,2,42.0
96,23,15,4,2,2,70.0
79,92,54,3,1,1,42.0
82,1,48,3,2,2,42.0
82,25,27,3,2,2,42.0
83,12,24,3,1,2,42.0
87,21,0,3,3,2,42.0
88,36,0,3,2,3,42.0
95,48,59,4,2,2,70.0
88,59,20,3,2,2,42.0
88,92,67,3,2,1,42.0
89,94,37,3,2,2,42.0
90,2,38,3,2,2,42.0
90,20,52,3,2,2,42.0
91,42,65,3,2,2,42.0
94,19,47,4,2,1,70.0
95,52,35,3,2,1,42.0
82,40,61,4,2,2,70.0
96,5,21,3,2,2,42.0
96,10,24,3,2,1,42.0
96,61,29,3,2,3,42.0
0,5,24,3,2,2,43.0
0,26,59,3,2,2,43.0
1,88,62,3,2,2,43.0
81,34,64,4,1,3,70.0
2,74,13,3,2,2,43.0
3,30,39,3,1,2,43.0
6,33,54,3,2,2,43.0
7,43,35,3,1,2,43.0
78,35,67,4,2,2,70.0
8,91,62,3,2,2,43.0
13,9,37,3,2,2,43.0
14,79,65,3,1,1,43.0
17,7,27,3,2,1,43.0
23,41,39,3,2,2,43.0
24,45,32,3,2,3,43.0
78,30,6,4,2,2,70.0
25,34,15,3,2,2,43.0
25,43,38,3,2,2,43.0
25,88,35,3,2,2,43.0
28,30,20,3,2,2,43.0
77,7,41,4,2,2,70.0
28,41,44,3,2,2,43.0
28,63,47,3,2,2,43.0
29,33,64,3,2,2,43.0
30,6,47,3,2,2,43.0
31,3,51,3,2,1,43.0
31,23,55,3,2,2,43.0
74,80,37,4,2,2,70.0
31,47,47,3,2,2,43.0
32,87,38,3,2,3,43.0
73,82,53,4,2,2,70.0
35,62,61,3,2,2,43.0
73,54,26,4,2,2,70.0
36,23,39,3,2,3,43.0
37,51,9,3,2,2,43.0
39,95,51,3,2,2,43.0
40,16,65,3,2,1,43.0
41,10,72,3,2,1,43.0
41,15,15,3,2,2,43.0
73,33,57,4,2,2,70.0
45,38,69,3,3,2,43.0
46,52,55,3,2,1,43.0
71,7,71,4,2,1,70.0
46,64,20,3,2,2,43.0
47,10,20,3,2,1,43.0
47,38,0,3,2,3,43.0
48,3,3,3,2,2,43.0
48,73,67,3,2,2,43.0
65,88,73,4,2,2,70.0
49,4,77,3,2,2,43.0
50,89,44,3,2,2,43.0
65,74,59,4,2,3,70.0
51,7,12,3,2,2,43.0
51,41,53,3,2,3,43.0
54,65,19,3,2,3,43.0
54,86,38,3,2,3,43.0
55,95,76,3,1,3,43.0
58,93,56,3,1,2,43.0
59,12,28,3,2,2,43.0
60,15,45,3,2,2,43.0
62,51,3,3,2,3,43.0
65,67,0,4,3,2,70.0
65,24,35,3,3,2,43.0
67,28,30,3,2,2,43.0
63,73,39,4,2,2,70.0
69,27,14,3,3,2,43.0
69,78,0,3,3,2,43.0
62,64,10,4,2,2,70.0
70,59,31,3,2,2,43.0
70,81,71,3,2,1,43.0
72,6,6,3,2,3,43.0
62,0,14,4,2,2,70.0
61,55,47,4,3,2,70.0
72,57,52,3,2,2,43.0
72,67,42,3,2,2,43.0
75,5,58,3,2,2,43.0
60,63,73,4,2,3,70.0
76,41,48,3,2,2,43.0
77,40,70,3,2,2,43.0
77,64,48,3,2,2,43.0
78,64,14,3,2,2,43.0
78,71,26,3,2,2,43.0
60,61,51,4,3,3,70.0
79,35,57,3,1,3,43.0
80,57,7,3,2,1,43.0
83,63,27,3,1,2,43.0
84,49,67,3,1,2,43.0
88,57,45,3,2,2,43.0
89,68,66,3,2,2,43.0
90,64,55,3,2,2,43.0
60,30,0,4,3,2,70.0
90,72,58,3,2,2,43.0
90,75,61,3,2,2,43.0
91,52,77,3,2,1,43.0
92,40,73,3,1,2,43.0
95,24,43,3,2,2,43.0
95,42,46,3,2,2,43.0
95,81,38,3,2,2,43.0
97,17,13,3,2,2,43.0
97,72,62,3,2,2,43.0
98,26,62,3,2,2,43.0
98,72,65,3,2,2,43.0
99,28,50,3,1,2,43.0
0,9,56,3,2,2,44.0
0,24,51,3,2,2,44.0
0,77,77,3,2,2,44.0
0,98,7,3,2,2,44.0
1,31,58,3,2,2,44.0
59,78,34,4,2,2,70.0
59,8,50,4,2,2,70.0
1,81,65,3,2,2,44.0
2,70,41,3,2,2,44.0
6,4,75,3,2,3,44.0
58,50,57,4,2,2,70.0
56,95,54,4,2,2,70.0
6,74,0,3,3,2,44.0
7,86,3,3,2,3,44.0
8,26,65,3,2,2,44.0
8,71,29,3,2,2,44.0
8,84,71,3,2,1,44.0
12,20,15,3,2,2,44.0
12,88,48,3,2,2,44.0
14,11,53,3,1,2,44.0
14,45,17,3,2,3,44.0
16,53,58,3,1,3,44.0
17,21,16,3,2,2,44.0
17,64,23,3,2,2,44.0
17,92,30,3,2,2,44.0
18,36,51,3,2,3,44.0
20,81,74,3,2,1,44.0
20,97,3,3,2,2,44.0
23,44,24,3,2,2,44.0
24,15,58,3,2,2,44.0
27,78,64,3,2,2,44.0
28,40,23,3,2,2,44.0
56,45,27,4,2,3,70.0
28,72,68,3,2,2,44.0
54,78,30,4,2,2,70.0
29,19,70,3,2,2,44.0
30,1,68,3,2,2,44.0
30,13,29,3,2,2,44.0
53,75,50,4,3,2,70.0
30,52,23,3,2,1,44.0
30,80,50,3,2,2,44.0
31,1,71,3,2,2,44.0
50,54,61,4,2,2,70.0
31,18,64,3,2,2,44.0
31,70,74,3,2,2,44.0
31,79,61,3,2,1,44.0
31,96,67,3,2,2,44.0
32,2,45,3,2,2,44.0
32,41,48,3,2,3,44.0
32,81,54,3,2,2,44.0
32,90,61,3,2,3,44.0
33,7,35,3,2,2,44.0
33,38,38,3,2,3,44.0
48,14,70,4,2,2,70.0
34,50,26,3,2,3,44.0
36,19,15,3,3,1,44.0
37,3,54,3,2,1,44.0
37,59,16,3,2,2,44.0
38,32,64,3,3,2,44.0
38,83,51,3,3,1,44.0
46,62,69,4,2,2,70.0
39,14,29,3,2,2,44.0
39,47,36,3,2,2,44.0
40,42,16,3,2,2,44.0
40,57,34,3,2,2,44.0
46,42,58,4,2,2,70.0
41,1,51,3,2,3,44.0
45,6,35,3,3,3,44.0
44,32,73,4,2,2,70.0
47,96,9,3,2,2,44.0
50,58,59,3,3,1,44.0
50,91,68,3,3,2,44.0
50,99,0,3,3,1,44.0
52,71,49,3,1,2,44.0
56,89,40,3,2,2,44.0
61,94,64,3,3,2,44.0
62,24,54,3,2,2,44.0
62,47,23,3,2,2,44.0
63,78,43,3,2,2,44.0
64,26,68,3,2,2,44.0
65,54,41,3,3,2,44.0
67,78,17,3,2,2,44.0
67,96,50,3,2,2,44.0
73,62,46,3,2,3,44.0
73,97,70,3,2,2,44.0
73,99,63,3,2,1,44.0
74,49,7,3,2,3,44.0
42,23,6,4,2,2,70.0
34,46,74,4,2,4,70.0
75,12,68,3,2,2,44.0
34,38,3,4,3,3,70.0
75,14,77,3,2,2,44.0
33,94,67,4,2,2,70.0
75,25,0,3,3,2,44.0
76,19,38,3,2,1,44.0
77,14,45,3,2,2,44.0
77,88,55,3,2,3,44.0
78,84,61,3,2,1,44.0
33,6,71,4,2,3,70.0
80,20,45,3,2,2,44.0
80,51,66,3,2,2,44.0
80,52,53,3,2,2,44.0
82,91,41,3,2,3,44.0
83,9,71,3,1,2,44.0
86,97,9,3,3,2,44.0
31,78,10,4,3,2,70.0
31,61,55,4,3,3,70.0
88,6,27,3,2,3,44.0
88,12,56,3,2,2,44.0
88,18,70,3,2,2,44.0
88,24,77,3,2,2,44.0
89,82,57,3,2,2,44.0
90,15,75,3,2,2,44.0
90,49,0,3,3,3,44.0
91,27,67,3,3,2,44.0
91,71,32,3,3,2,44.0
92,19,33,3,2,1,44.0
31,53,17,4,3,3,70.0
30,84,10,4,2,2,70.0
94,38,26,3,2,3,44.0
94,43,59,3,2,2,44.0
30,69,32,4,2,3,70.0
96,66,32,3,2,2,44.0
98,0,10,3,2,2,44.0
99,96,76,3,1,3,44.0
0,54,34,3,2,2,45.0
0,67,27,3,2,2,45.0
1,6,3,3,3,3,45.0
1,61,70,3,3,3,45.0
25,57,3,4,2,1,70.0
1,98,16,3,3,2,45.0
2,5,62,3,2,2,45.0
2,82,65,3,2,2,45.0
2,98,53,3,2,2,45.0
3,23,62,3,1,2,45.0
4,8,33,3,2,3,45.0
5,12,38,3,2,2,45.0
6,23,10,3,3,2,45.0
6,30,14,3,3,2,45.0
25,10,52,4,2,1,70.0
7,57,18,3,2,1,45.0
11,85,26,3,2,2,45.0
12,25,45,3,2,2,45.0
14,6,20,3,2,3,45.0
14,69,7,3,2,3,45.0
15,66,0,3,2,2,45.0
16,26,72,3,1,2,45.0
17,23,33,3,2,2,45.0
17,24,61,3,2,2,45.0
18,77,54,3,2,3,45.0
22,42,43,3,2,2,45.0
22,64,65,3,2,2,45.0
24,1,64,3,2,3,45.0
24,17,67,3,2,2,45.0
24,30,74,3,2,2,45.0
24,37,0,3,3,2,45.0
25,6,23,3,2,3,45.0
25,12,59,3,2,2,45.0
26,35,75,3,2,3,45.0
28,39,65,3,2,2,45.0
31,5,77,3,2,2,45.0
24,72,71,4,3,2,70.0
24,32,3,4,3,3,70.0
32,49,67,3,2,3,45.0
33,44,49,3,2,2,45.0
34,28,42,3,2,3,45.0
34,57,64,3,2,2,45.0
34,92,0,3,3,2,45.0
40,46,37,3,2,3,45.0
41,50,3,3,3,3,45.0
41,54,44,3,3,2,45.0
24,0,18,4,3,2,70.0
42,21,10,3,2,2,45.0
42,40,76,3,2,2,45.0
22,31,0,4,3,3,70.0
43,6,54,3,2,3,45.0
46,13,62,3,2,2,45.0
48,63,75,3,2,2,45.0
50,1,6,3,3,3,45.0
53,3,7,3,3,2,45.0
21,46,3,4,2,3,70.0
53,7,21,3,3,2,45.0
20,99,18,4,2,2,70.0
54,84,47,3,2,2,45.0
56,54,50,3,2,2,45.0
56,61,73,3,2,3,45.0
20,31,22,4,2,3,70.0
56,91,12,3,2,3,45.0
19,73,51,4,1,3,70.0
57,79,10,3,1,2,45.0
60,26,48,3,2,3,45.0
60,39,55,3,3,2,45.0
60,72,4,3,3,3,45.0
60,85,16,3,3,2,45.0
18,89,74,4,2,2,70.0
62,9,18,3,2,3,45.0
63,56,69,3,2,2,45.0
63,64,53,3,2,3,45.0
65,50,9,3,3,3,45.0
65,97,6,3,3,2,45.0
18,55,57,4,2,2,70.0
67,36,37,3,2,3,45.0
18,24,7,4,3,3,70.0
67,56,58,3,2,2,45.0
12,74,51,4,2,2,70.0
70,30,53,3,2,2,45.0
70,62,48,3,2,2,45.0
10,71,34,4,1,3,70.0
71,9,35,3,2,3,45.0
72,30,17,3,3,2,45.0
75,21,7,3,3,2,45.0
75,46,52,3,3,2,45.0
76,42,23,3,2,2,45.0
76,51,16,3,2,3,45.0
80,13,69,3,2,2,45.0
80,17,72,3,2,2,45.0
80,23,75,3,2,2,45.0
80,36,3,3,3,3,45.0
10,57,0,4,2,2,70.0
6,40,30,4,3,3,70.0
80,74,10,3,3,2,45.0
81,41,0,3,2,3,45.0
83,3,65,3,1,1,45.0
4,5,42,4,2,2,70.0
99,55,6,4,2,2,69.0
97,16,75,4,2,1,69.0
86,24,12,3,3,3,45.0
86,60,20,3,3,3,45.0
87,97,25,3,3,2,45.0
88,62,42,3,2,2,45.0
89,30,60,3,2,2,45.0
90,23,27,3,3,2,45.0
90,37,6,3,3,2,45.0
90,45,41,3,3,3,45.0
90,98,33,3,3,2,45.0
97,3,28,4,2,2,69.0
91,66,17,3,3,1,45.0
93,29,0,3,2,3,45.0
95,17,64,3,2,2,45.0
95,14,10,4,3,2,69.0
96,15,61,3,2,2,45.0
96,16,35,3,2,2,45.0
96,58,46,3,2,2,45.0
97,12,32,3,2,3,45.0
97,37,35,3,2,2,45.0
0,99,0,3,2,2,46.0
1,47,12,3,3,2,46.0
2,11,32,3,2,2,46.0
2,59,56,3,2,2,46.0
8,97,6,3,2,3,46.0
93,12,19,4,2,3,69.0
13,72,40,3,2,3,46.0
14,2,74,3,2,2,46.0
91,83,0,4,3,2,69.0
91,37,20,4,3,2,69.0
14,41,14,3,2,3,46.0
14,54,58,3,2,2,46.0
90,87,9,4,3,3,69.0
16,52,38,3,2,1,46.0
17,8,58,3,2,2,46.0
19,51,55,3,1,3,46.0
90,44,13,4,3,2,69.0
20,9,26,3,2,3,46.0
23,47,30,3,2,2,46.0
90,41,17,4,3,3,69.0
25,20,30,3,2,2,46.0
25,26,18,3,2,3,46.0
25,48,41,3,2,3,46.0
25,99,48,3,2,2,46.0
82,39,68,4,2,3,69.0
26,82,77,3,3,2,46.0
26,97,51,3,3,2,46.0
30,8,26,3,2,2,46.0
81,92,3,4,2,2,69.0
32,65,12,3,3,3,46.0
34,3,57,3,3,1,46.0
79,14,23,4,2,2,69.0
34,14,32,3,3,2,46.0
34,60,7,3,3,3,46.0
35,23,0,3,3,2,46.0
36,22,6,3,3,2,46.0
36,53,10,3,3,3,46.0
37,97,65,3,2,2,46.0
38,53,29,3,3,3,46.0
40,19,40,3,2,2,46.0
77,80,6,4,3,3,69.0
41,67,61,3,3,2,46.0
43,28,71,3,2,2,46.0
43,34,68,3,2,3,46.0
46,74,73,3,2,2,46.0
47,29,3,3,2,3,46.0
47,72,26,3,2,3,46.0
48,1,19,3,2,3,46.0
77,79,0,4,3,2,69.0
50,53,32,3,3,3,46.0
76,71,67,4,2,2,69.0
51,24,22,3,3,3,46.0
76,55,19,4,2,2,69.0
52,10,42,3,1,1,46.0
52,78,45,3,1,3,46.0
53,26,24,3,3,3,46.0
56,33,61,3,2,2,46.0
56,63,24,3,2,3,46.0
60,46,10,3,3,3,46.0
74,58,16,4,2,2,69.0
74,6,41,4,2,3,69.0
62,14,35,3,2,2,46.0
62,34,26,3,2,3,46.0
62,97,29,3,2,3,46.0
63,2,19,3,3,2,46.0
63,3,0,3,3,2,46.0
63,4,36,3,3,2,46.0
63,29,6,3,3,3,46.0
73,93,30,4,3,2,69.0
63,87,3,3,3,3,46.0
65,16,15,3,3,2,46.0
65,90,22,3,3,3,46.0
67,34,53,3,2,3,46.0
67,37,68,3,2,2,46.0
67,83,64,3,2,2,46.0
72,65,29,3,3,3,46.0
74,97,55,3,2,2,46.0
70,63,62,4,2,3,69.0
75,6,17,3,3,3,46.0
75,7,24,3,3,2,46.0
75,56,31,3,3,2,46.0
75,84,64,3,3,1,46.0
75,85,3,3,3,2,46.0
75,93,59,3,3,2,46.0
70,22,4,4,3,3,69.0
76,38,41,3,2,3,46.0
76,46,71,3,2,3,46.0
76,83,74,3,2,2,46.0
77,42,26,3,3,2,46.0
70,13,55,4,3,2,69.0
79,43,68,3,1,3,46.0
80,58,0,3,3,2,46.0
81,33,7,3,2,3,46.0
82,61,76,3,3,3,46.0
83,66,68,3,1,2,46.0
84,77,20,3,2,3,46.0
84,90,3,3,2,3,46.0
85,95,0,3,2,3,46.0
87,8,19,3,3,2,46.0
87,13,59,3,3,2,46.0
87,43,74,3,3,2,46.0
90,50,36,3,3,3,46.0
91,74,24,3,3,2,46.0
95,30,36,3,3,2,46.0
98,3,36,3,2,2,46.0
98,83,42,3,2,2,46.0
99,80,13,3,2,3,46.0
69,73,10,4,3,3,69.0
0,32,30,3,2,3,47.0
0,35,3,3,2,3,47.0
1,54,73,3,3,2,47.0
2,21,68,3,2,2,47.0
5,3,46,3,2,2,47.0
5,69,65,3,2,3,47.0
5,85,68,3,2,2,47.0
9,28,61,3,3,2,47.0
10,35,27,3,1,3,47.0
11,98,56,3,2,2,47.0
12,69,62,3,2,3,47.0
12,96,76,3,2,4,47.0
14,57,38,3,2,2,47.0
20,86,48,3,2,3,47.0
20,92,36,3,2,2,47.0
68,96,20,4,2,3,69.0
21,74,20,3,2,2,47.0
23,34,42,3,2,3,47.0
67,30,71,4,2,3,69.0
24,47,33,3,3,2,47.0
25,14,62,3,2,2,47.0
67,18,75,4,2,3,69.0
25,70,56,3,2,2,47.0
65,70,25,4,3,3,69.0
26,16,0,3,3,2,47.0
26,21,13,3,3,2,47.0
26,77,10,3,3,3,47.0
27,75,70,3,2,3,47.0
28,68,33,3,2,3,47.0
29,72,9,3,3,3,47.0
29,95,14,3,3,3,47.0
30,44,42,3,2,2,47.0
30,92,56,3,2,2,47.0
31,0,37,3,3,2,47.0
63,60,27,4,3,3,69.0
31,74,27,3,3,2,47.0
62,17,38,4,2,2,69.0
32,6,38,3,3,3,47.0
32,66,77,3,3,1,47.0
34,51,10,3,3,3,47.0
34,85,19,3,3,2,47.0
36,43,77,3,3,2,47.0
36,63,31,3,3,3,47.0
39,7,74,3,2,3,47.0
39,59,77,3,2,2,47.0
39,91,4,3,3,3,47.0
40,23,71,3,3,2,47.0
40,25,65,3,3,2,47.0
41,22,68,3,3,2,47.0
42,81,13,3,2,2,47.0
43,76,77,3,3,2,47.0
43,87,6,3,3,3,47.0
46,80,6,3,2,4,47.0
48,16,15,3,2,3,47.0
48,47,6,3,3,2,47.0
60,24,36,4,3,3,69.0
50,81,16,3,3,2,47.0
51,56,43,3,3,2,47.0
60,17,42,4,3,2,69.0
53,67,39,3,3,3,47.0
59,30,63,4,2,2,69.0
54,3,65,3,2,2,47.0
58,81,20,4,2,2,69.0
54,95,76,3,2,4,47.0
55,49,10,3,2,3,47.0
56,85,46,3,2,2,47.0
60,41,23,3,3,3,47.0
62,44,77,3,2,2,47.0
65,43,32,3,3,3,47.0
67,47,43,3,3,2,47.0
67,98,49,3,3,2,47.0
69,71,52,3,3,2,47.0
70,14,77,3,2,3,47.0
70,75,10,3,3,3,47.0
70,88,0,3,3,3,47.0
72,47,50,3,3,2,47.0
56,92,64,4,2,2,69.0
74,4,30,3,2,3,47.0
56,74,76,4,2,2,69.0
75,8,13,3,3,2,47.0
54,92,7,4,3,2,69.0
76,5,0,3,3,3,47.0
78,61,20,3,2,4,47.0
81,18,24,3,2,3,47.0
82,84,0,3,3,2,47.0
83,62,32,3,2,2,47.0
53,95,45,4,3,3,69.0
84,40,6,3,2,3,47.0
88,73,3,3,3,3,47.0
89,37,6,3,2,3,47.0
51,94,29,4,3,2,69.0
89,54,52,3,2,3,47.0
49,87,28,4,3,3,69.0
90,9,30,3,3,3,47.0
91,14,48,3,3,2,47.0
92,46,13,3,2,3,47.0
95,92,17,3,3,2,47.0
98,19,59,3,2,1,47.0
0,59,41,3,2,2,48.0
48,84,23,4,3,2,69.0
1,43,0,3,3,3,48.0
2,41,71,3,2,3,48.0
2,69,22,3,2,3,48.0
5,81,10,3,3,2,48.0
5,84,14,3,3,2,48.0
6,53,75,3,3,3,48.0
48,68,45,4,3,2,69.0
8,6,22,3,2,4,48.0
9,73,0,3,3,3,48.0
9,82,3,3,3,3,48.0
14,28,0,3,2,3,48.0
48,15,9,4,3,2,69.0
14,50,41,3,2,3,48.0
14,76,55,3,2,3,48.0
14,84,51,3,2,2,48.0
14,96,65,3,2,3,48.0
15,25,68,3,2,2,48.0
48,11,13,4,3,2,69.0
17,67,46,3,2,3,48.0
18,35,67,3,2,3,48.0
18,87,16,3,3,3,48.0
20,4,33,3,2,3,48.0
20,53,55,3,2,3,48.0
20,67,58,3,2,3,48.0
24,39,15,3,3,3,48.0
24,96,53,3,3,2,48.0
25,77,71,3,2,3,48.0
27,52,73,3,2,2,48.0
47,30,53,4,2,3,69.0
29,35,17,3,3,3,48.0
30,93,77,3,2,2,48.0
45,86,44,4,3,3,69.0
43,88,9,4,3,3,69.0
30,95,71,3,2,3,48.0
32,36,18,3,3,3,48.0
32,79,7,3,3,2,48.0
33,11,0,3,2,3,48.0
33,34,13,3,3,3,48.0
33,80,16,3,3,3,48.0
34,99,22,3,3,2,48.0
42,51,49,4,2,3,69.0
35,79,13,3,3,2,48.0
37,83,12,3,2,2,48.0
38,41,7,3,3,3,48.0
40,7,9,3,3,2,48.0
40,98,68,3,3,2,48.0
43,94,3,3,3,2,48.0
44,31,45,3,2,3,48.0
41,51,33,4,3,3,69.0
44,37,52,3,2,3,48.0
45,9,52,3,3,3,48.0
45,75,55,3,3,3,48.0
47,64,58,3,2,2,48.0
47,90,64,3,2,3,48.0
52,24,25,3,2,3,48.0
54,14,0,3,3,3,48.0
56,15,6,3,3,2,48.0
56,67,0,3,3,3,48.0
40,72,0,4,3,3,69.0
57,89,4,3,2,3,48.0
57,93,7,3,2,3,48.0
59,16,7,3,2,2,48.0
39,75,20,4,3,3,69.0
59,56,10,3,2,3,48.0
62,56,57,3,2,3,48.0
38,76,10,4,3,3,69.0
63,26,39,3,3,3,48.0
38,58,32,4,3,2,69.0
64,46,17,3,2,3,48.0
67,10,65,3,3,1,48.0
72,28,74,3,3,2,48.0
73,83,6,3,3,2,48.0
36,82,21,4,3,3,69.0
74,29,33,3,2,3,48.0
36,55,25,4,3,2,69.0
74,84,63,3,2,2,48.0
74,96,45,3,2,3,48.0
75,73,27,3,3,3,48.0
76,35,6,3,3,3,48.0
78,31,40,3,2,3,48.0
78,48,55,3,2,3,48.0
35,81,30,4,3,2,69.0
34,53,35,4,3,4,69.0
78,75,73,3,2,3,48.0
82,2,6,3,3,3,48.0
34,32,45,4,3,3,69.0
82,9,9,3,3,3,48.0
82,38,14,3,3,3,48.0
85,42,29,3,2,2,48.0
31,86,51,4,3,3,69.0
86,47,61,3,3,2,48.0
89,22,63,3,2,3,48.0
89,91,7,3,3,3,48.0
91,0,62,3,3,2,48.0
92,18,20,3,2,3,48.0
96,6,57,3,2,3,48.0
96,38,70,3,2,3,48.0
97,70,13,3,3,3,48.0
98,21,74,3,2,2,48.0
98,96,64,3,3,2,48.0
99,59,44,3,2,2,48.0
0,3,68,3,2,2,49.0
0,85,71,3,2,2,49.0
1,71,55,3,3,2,49.0
31,42,32,4,3,2,69.0
2,84,77,3,2,2,49.0
5,2,3,3,3,3,49.0
31,39,59,4,3,3,69.0
13,56,65,3,2,3,49.0
15,42,71,3,2,2,49.0
17,33,49,3,2,3,49.0
17,52,76,3,2,2,49.0
30,60,31,4,3,3,69.0
20,71,77,3,2,2,49.0
22,26,77,3,2,4,49.0
24,3,40,3,3,2,49.0
25,32,74,3,2,3,49.0
25,39,77,3,2,3,49.0
26,8,74,3,3,2,49.0
27,77,23,3,3,3,49.0
28,16,77,3,2,2,49.0
29,14,20,4,3,3,69.0
30,24,28,3,3,3,49.0
31,15,48,3,3,2,49.0
28,82,17,4,3,3,69.0
31,64,71,3,3,2,49.0
31,88,6,3,3,3,49.0
32,88,15,3,3,3,49.0
26,43,27,4,3,3,69.0
33,31,63,3,3,3,49.0
33,58,3,3,3,2,49.0
34,26,60,3,3,3,49.0
34,55,16,3,3,2,49.0
35,36,34,3,3,3,49.0
38,18,44,3,3,3,49.0
25,8,0,4,3,3,69.0
38,89,17,3,3,3,49.0
25,7,27,4,3,2,69.0
39,77,29,3,3,3,49.0
40,10,12,3,3,2,49.0
40,88,18,3,3,3,49.0
40,94,40,3,3,2,49.0
41,61,10,3,3,4,49.0
44,86,55,3,2,3,49.0
45,27,58,3,3,3,49.0
45,89,61,3,3,3,49.0
46,38,20,3,3,3,49.0
46,54,23,3,3,3,49.0
47,5,67,3,2,3,49.0
22,92,23,4,3,2,69.0
47,88,70,3,2,3,49.0
48,75,37,3,3,3,49.0
22,49,13,4,3,3,69.0
49,21,32,3,3,2,49.0
51,59,59,3,3,2,49.0
21,33,35,4,2,3,69.0
54,36,40,3,3,3,49.0
54,83,15,3,3,2,49.0
56,2,13,3,3,3,49.0
56,69,17,3,3,3,49.0
56,82,25,3,3,3,49.0
56,87,22,3,3,3,49.0
57,35,10,3,2,3,49.0
20,85,61,4,2,2,69.0
18,81,34,4,3,2,69.0
57,92,48,3,2,2,49.0
59,46,47,3,2,3,49.0
59,69,68,3,2,3,49.0
60,16,46,3,3,2,49.0
61,27,0,3,4,3,49.0
62,73,73,3,2,3,49.0
68,11,10,3,3,2,49.0
17,94,51,4,3,2,69.0
69,49,25,3,3,3,49.0
70,3,16,3,3,2,49.0
72,60,13,3,3,3,49.0
14,60,58,4,3,3,69.0
72,83,20,3,3,2,49.0
74,46,66,3,2,3,49.0
76,28,3,3,3,3,49.0
76,34,29,3,3,3,49.0
79,0,65,3,2,2,49.0
80,63,42,3,3,3,49.0
80,89,20,3,3,3,49.0
9,31,74,4,3,3,69.0
82,68,28,3,3,3,49.0
82,71,31,3,3,3,49.0
9,19,12,4,3,2,69.0
87,7,32,3,3,2,49.0
90,18,47,3,3,3,49.0
91,16,27,3,3,2,49.0
91,78,58,3,3,2,49.0
91,98,77,3,3,2,49.0
92,52,39,3,2,2,49.0
93,58,6,3,2,2,49.0
96,9,73,3,2,4,49.0
96,14,3,3,3,3,49.0
6,68,45,4,3,3,69.0
97,23,0,3,3,3,49.0
97,95,3,3,3,3,49.0
98,39,0,3,3,3,49.0
98,92,27,3,3,2,49.0
0,74,48,3,3,2,50.0
2,42,53,3,3,2,50.0
2,86,0,3,3,3,50.0
5,73,19,3,3,3,50.0
5,88,22,3,3,3,50.0
6,3,60,3,3,2,50.0
6,12,66,3,3,3,50.0
6,8,4,4,4,3,69.0
8,67,77,3,2,3,50.0
9,40,21,3,3,3,50.0
10,39,7,3,2,3,50.0
11,7,45,3,2,2,50.0
11,20,70,3,2,2,50.0
14,53,62,3,3,3,50.0
14,61,6,3,3,4,50.0
14,63,9,3,3,3,50.0
14,91,35,3,3,3,50.0
5,40,25,4,3,3,69.0
14,99,25,3,3,2,50.0
15,38,33,3,2,4,50.0
16,40,43,3,2,3,50.0
16,97,10,3,2,3,50.0
17,48,52,3,2,3,50.0
5,23,6,4,3,3,69.0
17,54,3,3,3,3,50.0
17,70,19,3,3,3,50.0
18,33,0,3,3,3,50.0
3,22,19,4,2,3,69.0
18,37,27,3,3,2,50.0
18,59,3,3,3,3,50.0
18,76,38,3,3,3,50.0
20,11,39,3,2,3,50.0
20,19,65,3,2,2,50.0
20,74,0,3,3,3,50.0
20,95,6,3,3,3,50.0
2,89,23,4,3,3,69.0
24,85,43,3,3,2,50.0
25,22,8,3,3,3,50.0
25,89,11,3,3,3,50.0
26,49,3,3,3,3,50.0
28,12,6,3,3,3,50.0
0,61,13,4,3,4,69.0
28,20,9,3,3,3,50.0
28,62,12,3,3,3,50.0
0,46,26,4,3,3,69.0
28,93,34,3,3,2,50.0
29,3,24,3,3,2,50.0
29,9,38,3,3,3,50.0
0,22,30,4,3,3,69.0
30,15,64,3,3,2,50.0
97,84,32,4,3,2,68.0
30,51,0,3,3,3,50.0
30,53,3,3,3,4,50.0
31,12,14,3,3,3,50.0
31,68,66,3,3,3,50.0
32,1,22,3,3,3,50.0
32,45,64,3,3,3,50.0
33,45,72,3,3,3,50.0
33,51,19,3,3,3,50.0
96,35,37,4,3,3,68.0
35,1,41,3,3,3,50.0
38,25,23,3,3,3,50.0
39,20,12,3,3,3,50.0
40,12,35,3,3,3,50.0
42,44,68,3,2,2,50.0
42,82,34,3,3,3,50.0
43,22,35,3,3,3,50.0
43,26,21,3,3,3,50.0
44,17,61,3,2,3,50.0
44,48,64,3,2,3,50.0
45,77,75,3,3,4,50.0
47,98,73,3,2,3,50.0
47,99,76,3,2,2,50.0
48,87,49,3,3,3,50.0
49,17,22,3,3,3,50.0
92,21,42,4,2,2,68.0
49,20,17,3,3,3,50.0
92,8,51,4,2,3,68.0
50,37,44,3,3,2,50.0
91,61,44,4,3,4,68.0
51,10,25,3,3,2,50.0
56,78,76,3,3,2,50.0
57,1,58,3,2,3,50.0
58,94,73,3,2,2,50.0
60,2,62,3,3,3,50.0
60,82,65,3,3,3,50.0
88,69,28,4,3,3,68.0
62,45,0,3,3,4,50.0
65,12,38,3,3,3,50.0
65,63,45,3,3,3,50.0
70,12,29,3,3,3,50.0
71,81,27,3,3,2,50.0
72,25,32,3,3,3,50.0
72,73,23,3,3,3,50.0
73,66,35,3,3,2,50.0
75,74,40,3,3,3,50.0
88,26,32,4,3,3,68.0
87,81,41,4,3,2,68.0
76,27,14,3,3,3,50.0
77,52,32,3,3,2,50.0
77,60,68,3,3,3,50.0
80,70,32,3,3,3,50.0
82,19,62,3,3,1,50.0
82,95,39,3,3,3,50.0
83,77,35,3,2,3,50.0
84,70,36,4,2,3,68.0
85,3,32,3,2,2,50.0
84,55,40,4,2,2,68.0
86,78,23,3,3,2,50.0
84,53,27,4,2,4,68.0
87,10,35,3,3,2,50.0
90,22,44,3,3,3,50.0
83,27,26,4,2,3,68.0
90,94,76,3,3,2,50.0
91,2,38,3,3,3,50.0
83,21,38,4,2,3,68.0
82,90,50,4,3,3,68.0
91,68,51,3,3,3,50.0
91,80,54,3,3,3,50.0
92,6,59,3,2,4,50.0
94,3,10,3,3,2,50.0
94,71,0,3,3,3,50.0
80,56,28,4,3,3,68.0
80,48,58,4,3,3,68.0
95,51,62,3,3,3,50.0
80,22,38,4,3,3,68.0
96,94,6,3,3,3,50.0
98,29,30,3,3,3,50.0
0,72,35,4,3,3,51.0
1,90,25,4,3,4,51.0
1,99,29,4,3,2,51.0
78,96,9,4,3,3,68.0
2,73,41,4,3,3,51.0
9,33,41,4,3,3,51.0
15,18,11,4,3,3,51.0
15,34,49,4,3,3,51.0
17,55,29,4,3,2,51.0
17,73,45,4,3,3,51.0
78,6,0,4,3,4,68.0
18,30,57,4,3,3,51.0
20,46,30,4,3,3,51.0
21,42,0,4,3,3,51.0
75,60,76,4,3,3,68.0
75,50,47,4,3,3,68.0
23,99,33,4,3,2,51.0
25,16,18,4,3,2,51.0
25,59,14,4,3,3,51.0
74,31,3,4,3,4,68.0
25,60,71,4,3,3,51.0
27,22,47,4,3,3,51.0
28,6,25,4,3,4,51.0
73,13,76,4,3,2,68.0
72,43,43,4,3,3,68.0
28,47,21,4,3,3,51.0
28,64,29,4,3,2,51.0
29,90,54,4,3,3,51.0
30,25,35,4,3,3,51.0
33,8,22,4,3,3,51.0
35,32,49,4,3,3,51.0
36,91,71,4,3,3,51.0
39,53,39,4,3,4,51.0
40,1,46,4,3,3,51.0
40,24,56,4,3,3,51.0
40,55,51,4,3,2,51.0
40,73,60,4,3,3,51.0
43,8,13,4,3,3,51.0
46,89,40,4,3,3,51.0
47,55,33,4,3,2,51.0
47,58,9,4,3,2,51.0
72,33,53,4,3,3,68.0
48,55,67,4,3,2,51.0
49,65,48,4,3,3,51.0
51,23,65,4,3,3,51.0
53,17,6,4,4,3,51.0
53,24,46,4,4,3,51.0
53,34,71,4,4,3,51.0
54,42,11,4,3,3,51.0
54,71,18,4,3,3,51.0
55,64,61,4,2,2,51.0
55,80,71,4,2,3,51.0
56,50,51,4,3,3,51.0
56,68,36,4,3,3,51.0
60,22,54,4,4,3,51.0
64,17,33,4,2,3,51.0
65,47,52,4,3,3,51.0
65,76,58,4,3,3,51.0
67,60,3,4,3,4,51.0
72,32,57,4,3,3,68.0
68,21,4,4,3,3,51.0
70,33,45,4,3,3,51.0
70,77,40,4,3,3,51.0
73,75,55,4,3,4,51.0
74,1,33,4,3,3,51.0
74,62,7,4,3,3,51.0
74,79,16,4,3,2,51.0
74,98,11,4,3,3,51.0
77,61,48,4,3,4,51.0
78,13,72,4,3,2,51.0
78,25,4,4,3,3,51.0
78,52,13,4,3,2,51.0
82,22,58,4,3,3,51.0
82,24,42,4,3,4,51.0
65,91,62,4,3,4,68.0
82,37,71,4,3,2,51.0
83,69,45,4,2,3,51.0
85,75,35,4,2,4,51.0
86,95,65,4,3,3,51.0
62,85,39,4,3,2,68.0
87,3,52,4,3,2,51.0
89,16,30,4,3,2,51.0
89,24,64,4,3,3,51.0
91,44,0,4,4,3,51.0
60,6,8,4,4,4,68.0
58,92,24,4,2,3,68.0
92,13,68,4,2,3,51.0
49,9,55,4,3,3,68.0
92,75,43,4,3,3,51.0
96,46,50,4,3,3,51.0
97,48,17,4,3,3,51.0
1,96,37,4,3,4,52.0
3,73,56,4,2,4,52.0
6,87,45,4,4,3,52.0
47,45,3,4,3,4,68.0
10,83,49,4,2,2,52.0
12,56,41,4,3,3,52.0
14,98,15,4,3,3,52.0
16,37,49,4,2,2,52.0
17,58,37,4,3,2,52.0
17,60,12,4,3,4,52.0
17,62,25,4,3,3,52.0
18,23,50,4,3,3,52.0
20,0,20,4,3,3,52.0
46,68,54,4,3,3,68.0
20,32,25,4,3,3,52.0
46,61,58,4,3,4,68.0
46,28,62,4,3,3,68.0
20,55,75,4,3,2,52.0
44,30,6,4,3,3,68.0
23,50,12,4,3,3,52.0
23,97,21,4,3,3,52.0
24,71,60,4,3,3,52.0
27,5,30,4,3,3,52.0
28,37,38,4,3,2,52.0
28,97,45,4,3,3,52.0
30,23,16,4,3,3,52.0
31,13,7,4,4,3,52.0
31,25,39,4,4,3,52.0
31,40,74,4,4,3,52.0
44,25,43,4,3,3,68.0
31,80,23,4,4,3,52.0
31,87,62,4,4,3,52.0
32,58,41,4,3,2,52.0
33,86,75,4,3,3,52.0
33,88,58,4,3,3,52.0
34,17,75,4,3,3,52.0
34,19,0,4,4,2,52.0
34,96,13,4,4,3,52.0
43,51,38,4,3,3,68.0
35,12,23,4,3,3,52.0
37,21,30,4,2,3,52.0
38,65,73,4,3,3,52.0
38,80,47,4,3,3,52.0
43,12,47,4,3,3,52.0
43,36,54,4,3,3,68.0
48,10,28,4,3,2,52.0
41,97,37,4,3,3,68.0
48,36,0,4,3,4,52.0
48,89,71,4,3,3,52.0
50,36,62,4,3,3,52.0
51,47,69,4,3,3,52.0
53,46,10,4,4,4,52.0
55,44,10,4,3,3,52.0
56,43,60,4,3,3,52.0
57,12,72,4,2,3,52.0
57,67,13,4,2,3,52.0
60,38,58,4,4,3,52.0
60,50,19,4,4,3,52.0
62,2,16,4,3,3,52.0
39,94,24,4,3,3,68.0
62,48,32,4,3,3,52.0
64,7,51,4,2,2,52.0
65,42,66,4,3,3,52.0
38,91,54,4,3,4,68.0
67,66,9,4,3,2,52.0
35,31,44,4,3,4,68.0
67,82,54,4,3,3,52.0
69,25,55,4,3,3,52.0
34,37,57,4,4,2,68.0
69,29,41,4,3,3,52.0
69,39,36,4,3,4,52.0
70,51,73,4,3,3,52.0
70,55,49,4,3,3,52.0
72,23,61,4,3,3,52.0
73,16,64,4,3,2,52.0
73,25,68,4,3,4,52.0
73,80,62,4,4,3,52.0
74,40,20,4,3,4,52.0
74,44,24,4,3,3,52.0
75,33,26,4,4,3,52.0
75,87,66,4,4,3,52.0
75,92,0,4,4,3,52.0
76,56,32,4,3,3,52.0
78,94,17,4,3,3,52.0
79,56,45,4,2,3,52.0
80,39,66,4,3,4,52.0
80,60,75,4,3,4,52.0
80,95,20,4,4,3,52.0
81,61,68,4,2,4,52.0
82,89,46,4,3,3,52.0
82,96,24,4,4,3,52.0
85,60,49,4,2,4,52.0
33,89,30,4,3,4,68.0
28,74,49,4,3,3,68.0
88,34,36,4,3,4,52.0
89,55,0,4,3,3,52.0
89,76,75,4,3,3,52.0
24,29,75,4,3,3,68.0
89,90,34,4,3,4,52.0
90,63,67,4,3,3,52.0
91,32,33,4,4,3,52.0
97,49,41,4,3,3,52.0
20,39,34,4,3,3,68.0
1,11,76,4,3,3,53.0
1,37,75,4,4,2,53.0
1,68,0,4,4,3,53.0
2,12,9,4,3,3,53.0
2,15,27,4,3,3,53.0
17,91,41,4,3,4,68.0
2,88,45,4,3,3,53.0
8,52,8,4,3,2,53.0
9,41,45,4,3,4,53.0
10,49,59,4,2,3,53.0
14,72,65,4,3,3,53.0
16,1,22,4,2,4,53.0
17,95,55,4,3,3,53.0
20,37,38,4,3,3,53.0
20,52,42,4,3,2,53.0
24,48,75,4,4,3,53.0
24,98,3,4,4,3,53.0
25,2,49,4,3,3,53.0
25,21,59,4,3,3,53.0
25,71,64,4,3,3,53.0
26,75,6,4,3,4,53.0
26,88,63,4,3,3,53.0
28,25,75,4,3,3,53.0
28,83,53,4,3,2,53.0
17,84,66,4,3,2,68.0
30,5,39,4,3,3,53.0
32,15,53,4,3,3,53.0
33,2,66,4,3,3,53.0
34,52,4,4,4,2,53.0
35,37,60,4,3,3,53.0
17,45,70,4,3,4,68.0
35,98,53,4,3,3,53.0
15,79,31,4,3,2,68.0
37,47,13,4,3,3,53.0
38,17,0,4,4,4,53.0
39,26,43,4,3,3,53.0
39,87,47,4,3,4,53.0
40,89,50,4,4,3,53.0
14,94,28,4,3,3,68.0
42,25,4,4,3,4,53.0
43,66,17,4,3,2,53.0
9,92,69,4,3,3,68.0
43,73,71,4,3,4,53.0
44,63,14,4,3,3,53.0
9,20,46,4,4,3,68.0
46,20,50,4,4,3,53.0
47,84,56,4,3,2,53.0
52,81,46,4,2,2,53.0
53,71,14,4,4,3,53.0
53,92,18,4,4,3,53.0
7,97,55,4,2,3,68.0
56,77,68,4,3,4,53.0
58,30,49,4,2,3,53.0
58,51,28,4,2,4,53.0
59,98,7,4,3,3,53.0
60,37,23,4,4,3,53.0
60,73,27,4,4,4,53.0
62,1,49,4,3,4,53.0
62,33,3,4,3,4,53.0
62,42,20,4,3,3,53.0
63,9,50,4,3,4,53.0
63,15,57,4,3,3,53.0
63,94,13,4,4,3,53.0
67,64,17,4,3,3,53.0
7,8,59,4,2,3,68.0
69,7,63,4,4,2,53.0
69,86,69,4,4,3,53.0
69,92,4,4,4,3,53.0
5,98,34,4,3,3,68.0
72,75,70,4,3,4,53.0
72,93,62,4,4,2,53.0
4,73,0,4,3,4,68.0
73,86,4,4,4,4,53.0
74,30,43,4,3,3,53.0
3,39,72,4,2,3,68.0
2,52,56,4,3,2,68.0
1,77,44,4,4,3,68.0
74,54,28,4,3,3,53.0
1,74,53,4,4,3,68.0
75,20,59,4,4,3,53.0
0,68,40,4,3,3,68.0
0,56,72,4,3,3,68.0
76,2,70,4,3,3,53.0
81,7,50,4,2,3,53.0
81,11,59,4,2,2,53.0
83,98,57,4,2,3,53.0
84,8,70,4,2,3,53.0
88,15,40,4,3,3,53.0
88,40,73,4,3,4,53.0
0,51,6,4,3,3,68.0
89,13,54,4,3,3,53.0
90,0,71,4,3,4,53.0
90,52,0,4,4,2,53.0
0,45,44,4,3,4,68.0
91,48,4,4,4,4,53.0
92,65,8,4,3,4,53.0
95,91,24,4,3,4,53.0
97,69,25,4,3,4,53.0
98,11,41,4,3,2,53.0
0,63,0,4,3,4,54.0
0,93,66,4,3,2,54.0
1,19,4,4,4,2,54.0
1,48,8,4,4,4,54.0
2,26,31,4,3,4,54.0
2,35,74,4,3,4,54.0
2,71,3,4,4,3,54.0
3,93,76,4,2,3,54.0
6,31,12,4,4,4,54.0
6,83,67,4,4,2,54.0
6,85,53,4,4,2,54.0
14,17,38,4,3,4,54.0
97,94,49,4,3,3,67.0
14,35,70,4,3,3,54.0
14,58,53,4,3,2,54.0
17,61,23,4,4,4,54.0
17,99,51,4,4,2,54.0
97,75,74,4,3,4,67.0
18,86,30,4,3,4,54.0
20,8,55,4,3,3,54.0
21,56,8,4,3,4,54.0
23,66,42,4,3,2,54.0
95,2,28,4,3,4,67.0
25,52,17,4,4,2,54.0
25,73,8,4,4,4,54.0
26,5,54,4,3,3,54.0
26,69,0,4,4,4,54.0
27,12,51,4,3,3,54.0
29,22,66,4,3,3,54.0
29,80,45,4,3,4,54.0
29,99,58,4,3,2,54.0
30,49,75,4,3,3,54.0
32,20,67,4,3,3,54.0
32,29,49,4,4,3,54.0
34,48,17,4,4,4,54.0
91,8,17,4,4,3,67.0
35,93,0,4,4,3,54.0
36,3,43,4,3,3,54.0
37,98,19,4,3,3,54.0
90,58,61,4,4,2,67.0
38,2,7,4,4,4,54.0
38,52,21,4,4,2,54.0
40,2,11,4,4,4,54.0
40,15,0,4,4,3,54.0
40,86,15,4,4,4,54.0
42,67,24,4,3,3,54.0
43,49,64,4,3,4,54.0
45,18,61,4,4,3,54.0
46,65,0,4,4,4,54.0
47,17,17,4,3,4,54.0
47,41,26,4,3,3,54.0
49,5,63,4,3,3,54.0
90,39,51,4,4,3,67.0
50,12,55,4,3,3,54.0
50,13,76,4,3,3,54.0
51,1,12,4,4,4,54.0
90,33,7,4,4,4,67.0
51,78,21,4,4,3,54.0
55,21,14,4,3,3,54.0
55,50,4,4,3,4,54.0
55,97,59,4,3,3,54.0
56,5,43,4,4,3,54.0
56,12,0,4,4,3,54.0
60,5,70,4,4,3,54.0
61,26,27,4,4,4,54.0
62,12,59,4,3,3,54.0
62,71,53,4,3,3,54.0
62,75,10,4,4,4,54.0
63,5,47,4,4,3,54.0
63,65,4,4,4,4,54.0
63,90,17,4,4,4,54.0
65,40,24,4,4,4,54.0
90,16,55,4,4,2,67.0
65,71,38,4,4,3,54.0
67,51,32,4,3,4,54.0
89,51,0,4,4,4,67.0
88,61,31,4,4,4,67.0
68,5,58,4,3,3,54.0
69,23,29,4,4,3,54.0
70,84,63,4,3,3,54.0
88,27,49,4,3,4,67.0
87,91,70,4,3,4,67.0
70,92,67,4,3,4,54.0
87,63,8,4,4,4,67.0
85,82,57,4,2,4,67.0
72,62,66,4,4,3,54.0
74,43,63,4,3,4,54.0
76,47,41,4,3,3,54.0
76,98,23,4,3,3,54.0
85,14,74,4,2,4,67.0
77,43,57,4,3,4,54.0
78,23,25,4,3,3,54.0
78,65,29,4,3,4,54.0
80,9,0,4,4,4,54.0
82,52,28,4,4,2,54.0
82,79,35,4,4,2,54.0
82,93,10,4,4,3,54.0
84,5,74,4,3,3,54.0
84,14,42,4,3,3,54.0
84,48,0,4,3,4,54.0
86,74,67,4,4,3,54.0
87,93,14,4,4,3,54.0
81,17,72,4,2,4,67.0
80,1,16,4,4,4,67.0
88,58,65,4,4,2,54.0
90,1,29,4,4,4,54.0
90,57,21,4,4,2,54.0
91,65,12,4,4,4,54.0
92,20,63,4,3,3,54.0
78,76,62,4,3,3,67.0
93,49,35,4,3,3,54.0
95,56,32,4,3,4,54.0
96,27,41,4,3,3,54.0
98,4,45,4,3,3,54.0
99,72,37,4,2,4,54.0
99,77,62,4,2,3,54.0
78,59,33,4,3,3,67.0
0,10,53,4,3,2,55.0
0,33,57,4,3,4,55.0
0,57,61,4,3,3,55.0
2,94,32,4,4,3,55.0
78,49,37,4,3,4,67.0
4,52,60,4,3,2,55.0
5,47,37,4,4,3,55.0
78,4,41,4,3,3,67.0
8,70,26,4,3,4,55.0
9,50,8,4,4,4,55.0
14,21,46,4,3,3,55.0
15,68,15,4,3,3,55.0
16,88,3,4,2,4,55.0
20,40,4,4,4,4,55.0
20,70,71,4,3,4,55.0
21,70,18,4,3,4,55.0
76,36,47,4,3,3,67.0
24,7,67,4,4,2,55.0
25,31,27,4,4,4,55.0
76,4,17,4,3,3,67.0
74,81,76,4,3,2,67.0
25,81,0,4,4,3,55.0
27,18,65,4,3,3,55.0
28,2,57,4,3,4,55.0
28,4,66,4,3,3,55.0
29,69,8,4,4,4,55.0
29,78,62,4,3,4,55.0
31,38,16,4,4,4,55.0
32,18,69,4,4,3,55.0
34,6,29,4,4,4,55.0
34,71,8,4,4,3,55.0
74,72,0,4,4,4,67.0
34,94,40,4,4,3,55.0
73,98,49,4,4,3,67.0
35,47,45,4,4,3,55.0
36,17,58,4,3,4,55.0
36,49,70,4,4,3,55.0
39,49,55,4,3,4,55.0
40,31,31,4,4,4,55.0
40,71,42,4,4,3,55.0
73,96,31,4,4,3,67.0
41,46,56,4,3,4,55.0
41,78,76,4,3,3,55.0
41,92,12,4,4,3,55.0
43,57,17,4,4,2,55.0
72,96,54,4,4,3,67.0
72,9,4,4,4,4,67.0
43,68,69,4,4,3,55.0
43,79,27,4,4,2,55.0
45,5,7,4,4,4,55.0
67,95,28,4,3,4,67.0
65,6,16,4,4,4,67.0
45,51,16,4,4,4,55.0
47,50,60,4,3,4,55.0
48,7,71,4,4,2,55.0
52,1,35,4,2,4,55.0
63,25,21,4,4,4,67.0
55,38,25,4,3,4,55.0
63,10,38,4,4,2,67.0
56,19,16,4,4,2,55.0
56,65,20,4,4,4,55.0
61,25,35,4,4,4,67.0
57,17,4,4,3,4,55.0
58,98,76,4,2,3,55.0
53,61,52,4,4,4,67.0
60,96,31,4,4,4,55.0
61,10,63,4,4,2,55.0
62,15,70,4,3,3,55.0
62,52,74,4,3,3,55.0
62,67,61,4,4,3,55.0
64,34,74,4,2,4,55.0
64,70,37,4,2,4,55.0
65,59,42,4,4,3,55.0
65,72,33,4,4,4,55.0
66,87,21,4,2,4,55.0
53,31,56,4,4,4,67.0
67,49,68,4,3,4,55.0
67,89,72,4,3,4,55.0
69,37,33,4,4,3,55.0
70,2,22,4,4,4,55.0
53,0,76,4,4,3,67.0
70,54,32,4,4,3,55.0
70,82,0,4,4,4,55.0
72,91,8,4,4,4,55.0
75,63,30,4,4,4,55.0
76,86,0,4,4,4,55.0
78,19,48,4,3,2,55.0
80,11,63,4,4,2,55.0
48,81,12,4,4,3,67.0
80,73,12,4,4,4,55.0
81,20,8,4,3,4,55.0
82,94,44,4,4,3,55.0
84,88,7,4,3,4,55.0
87,28,70,4,4,3,55.0
88,75,14,4,4,4,55.0
48,33,21,4,4,4,67.0
90,13,11,4,4,3,55.0
90,40,38,4,4,4,55.0
91,25,45,4,4,4,55.0
93,41,64,4,3,3,55.0
96,40,58,4,3,4,55.0
96,85,68,4,3,3,55.0
47,44,64,4,3,3,67.0
46,92,28,4,4,3,67.0
98,17,67,4,3,4,55.0
99,34,66,4,2,4,55.0
0,30,10,4,4,3,56.0
1,35,39,4,4,4,56.0
1,42,57,4,4,3,56.0
44,76,18,4,3,4,67.0
2,54,36,4,4,3,56.0
5,57,0,4,4,3,56.0
43,82,4,4,4,4,67.0
6,41,33,4,4,4,56.0
6,64,37,4,4,3,56.0
7,13,0,4,3,3,56.0
8,88,36,4,3,4,56.0
9,91,28,4,4,4,56.0
42,49,15,4,3,4,67.0
11,39,63,4,3,3,56.0
12,55,76,4,3,3,56.0
41,98,0,4,4,4,67.0
13,16,59,4,3,2,56.0
14,33,11,4,4,4,56.0
15,39,4,4,3,4,56.0
17,50,12,4,4,4,56.0
18,0,0,4,4,4,56.0
18,9,12,4,4,4,56.0
18,21,22,4,4,3,56.0
18,83,4,4,4,3,56.0
18,96,72,4,4,3,56.0
19,87,25,4,2,4,56.0
20,49,0,4,4,4,56.0
20,64,12,4,4,3,56.0
23,33,46,4,3,4,56.0
36,75,18,4,4,4,67.0
34,13,21,4,4,3,67.0
24,38,11,4,4,4,56.0
33,57,15,4,4,3,67.0
24,46,15,4,4,4,56.0
33,18,26,4,4,4,67.0
24,68,19,4,4,3,56.0
25,94,53,4,4,3,56.0
28,75,22,4,4,4,56.0
28,96,0,4,4,4,56.0
29,0,4,4,4,4,56.0
29,54,70,4,3,3,56.0
29,68,62,4,4,3,56.0
30,11,20,4,3,3,56.0
30,12,24,4,3,4,56.0
30,58,67,4,3,3,56.0
33,46,32,4,4,4,56.0
36,10,42,4,4,2,56.0
31,95,49,4,4,3,67.0
39,98,8,4,4,4,56.0
40,58,46,4,4,3,56.0
40,97,63,4,4,3,56.0
41,33,37,4,4,4,56.0
42,59,28,4,3,3,56.0
43,15,21,4,4,3,56.0
43,30,0,4,4,4,56.0
43,70,8,4,4,4,56.0
46,78,66,4,4,3,56.0
47,53,22,4,4,4,56.0
31,52,66,4,4,2,67.0
48,58,25,4,4,3,56.0
27,54,61,4,3,3,67.0
49,84,11,4,4,3,56.0
51,36,4,4,4,4,56.0
56,37,27,4,4,3,56.0
56,40,54,4,4,4,56.0
58,9,16,4,3,4,56.0
27,19,8,4,3,2,67.0
58,24,7,4,3,4,56.0
25,96,12,4,4,4,67.0
58,66,38,4,3,2,56.0
59,20,18,4,3,4,56.0
62,13,15,4,4,3,56.0
62,32,0,4,4,4,56.0
62,58,20,4,4,3,56.0
62,79,39,4,4,2,56.0
64,93,21,4,3,3,56.0
65,26,67,4,4,3,56.0
65,81,46,4,4,3,56.0
68,59,73,4,3,3,56.0
69,24,37,4,4,4,56.0
70,49,4,4,4,4,56.0
25,28,31,4,4,4,67.0
22,13,72,4,3,3,67.0
70,89,12,4,4,4,56.0
72,71,22,4,4,3,56.0
74,75,39,4,4,4,56.0
75,15,44,4,4,3,56.0
75,26,48,4,4,4,56.0
77,46,4,4,4,4,56.0
77,86,8,4,4,4,56.0
20,54,43,4,4,3,67.0
79,70,49,4,2,4,56.0
82,67,14,4,4,4,56.0
87,29,0,4,4,4,56.0
17,96,8,4,4,4,67.0
87,76,66,4,4,3,56.0
15,10,74,4,3,2,67.0
89,46,19,4,4,4,56.0
89,96,4,4,4,4,56.0
10,63,67,4,2,4,67.0
9,37,42,4,4,3,67.0
90,81,42,4,4,3,56.0
90,96,46,4,4,4,56.0
8,36,46,4,3,4,67.0
91,26,37,4,4,4,56.0
91,47,74,4,4,3,56.0
91,77,49,4,4,4,56.0
92,26,52,4,3,4,56.0
96,4,21,4,4,3,56.0
2,92,47,4,4,3,67.0
96,52,16,4,4,3,56.0
96,55,41,4,4,3,56.0
96,56,50,4,4,4,56.0
96,77,25,4,4,4,56.0
0,65,50,4,4,4,57.0
0,82,18,4,4,4,57.0
1,70,61,4,4,4,57.0
1,95,65,4,4,4,57.0
3,10,15,4,3,2,57.0
0,95,14,4,4,4,67.0
5,21,26,4,4,3,57.0
5,59,22,4,4,3,57.0
6,20,49,4,4,4,57.0
8,13,63,4,3,3,57.0
8,89,40,4,3,4,57.0
8,94,74,4,3,3,57.0
9,58,32,4,4,3,57.0
9,72,58,4,4,4,57.0
12,34,44,4,4,4,57.0
0,27,34,4,4,3,67.0
97,87,4,4,4,4,66.0
12,37,0,4,4,3,57.0
14,82,39,4,4,4,57.0
14,86,19,4,4,4,57.0
97,78,67,4,3,4,66.0
96,98,54,4,4,4,66.0
17,2,42,4,4,4,57.0
18,73,16,4,4,4,57.0
96,67,58,4,4,4,66.0
20,3,22,4,4,3,57.0
20,28,26,4,4,4,57.0
22,3,76,4,3,3,57.0
24,80,24,4,4,4,57.0
28,80,35,4,4,4,57.0
29,42,37,4,4,3,57.0
95,38,36,4,4,4,66.0
29,46,23,4,4,4,57.0
29,58,12,4,4,3,57.0
29,59,46,4,4,3,57.0
92,88,56,4,3,4,66.0
31,28,70,4,4,4,57.0
32,34,25,4,4,4,57.0
92,69,73,4,3,4,66.0
92,67,32,4,3,4,66.0
33,56,61,4,4,4,57.0
35,30,4,4,4,4,57.0
35,76,8,4,4,4,57.0
92,64,36,4,3,4,66.0
35,95,18,4,4,4,57.0
39,3,0,4,4,3,57.0
40,37,67,4,4,3,57.0
42,4,70,4,3,3,57.0
43,72,12,4,4,4,57.0
43,99,31,4,4,3,57.0
45,66,52,4,4,2,57.0
90,92,71,4,4,4,66.0
46,15,36,4,4,3,57.0
87,51,36,4,4,4,66.0
46,34,61,4,4,4,57.0
46,93,40,4,4,3,57.0
86,5,41,4,4,4,66.0
47,26,4,4,4,4,57.0
47,54,47,4,4,3,57.0
51,45,40,4,4,4,57.0
51,80,49,4,4,4,57.0
53,22,31,4,4,4,57.0
56,9,36,4,4,4,57.0
57,33,41,4,3,4,57.0
59,19,52,4,3,2,57.0
59,89,56,4,3,4,57.0
60,12,35,4,4,4,57.0
62,81,4,4,4,3,57.0
64,21,42,4,3,3,57.0
84,3,26,4,3,3,66.0
65,3,54,4,4,3,57.0
70,25,41,4,4,4,57.0
70,50,45,4,4,4,57.0
82,47,51,4,4,4,66.0
71,41,49,4,3,4,57.0
71,50,68,4,3,4,57.0
72,0,26,4,4,4,57.0
72,7,16,4,4,3,57.0
73,23,75,4,4,3,57.0
78,58,52,4,3,3,66.0
73,88,20,4,4,4,57.0
74,37,9,4,4,3,57.0
77,62,29,4,4,4,66.0
76,8,4,4,4,4,57.0
76,62,24,4,4,4,57.0
76,78,56,4,4,3,57.0
77,57,19,4,4,3,57.0
78,45,11,4,4,4,57.0
78,57,23,4,4,3,57.0
78,69,15,4,4,4,57.0
79,61,72,4,2,4,57.0
80,46,70,4,4,4,57.0
90,36,65,4,4,4,57.0
91,30,58,4,4,4,57.0
77,9,54,4,4,4,66.0
76,33,50,4,4,4,66.0
92,82,61,4,4,4,57.0
92,85,0,4,4,3,57.0
93,8,25,4,3,4,57.0
93,32,29,4,3,4,57.0
94,86,36,4,3,4,57.0
98,15,61,4,4,3,57.0
0,58,42,4,4,3,58.0
0,79,54,4,4,2,58.0
74,35,13,4,4,4,66.0
74,28,4,4,4,4,66.0
2,10,15,4,4,3,58.0
2,63,51,4,4,4,58.0
73,81,35,4,4,3,66.0
2,97,61,4,4,4,58.0
3,57,8,4,3,3,58.0
4,93,56,4,3,3,58.0
5,8,11,4,4,4,58.0
5,52,30,4,4,3,58.0
5,61,76,4,4,4,58.0
73,20,39,4,4,4,66.0
73,14,43,4,4,4,66.0
5,70,53,4,4,4,58.0
70,4,57,4,4,4,66.0
6,22,41,4,4,4,58.0
68,98,4,4,4,4,66.0
6,76,62,4,4,4,58.0
68,32,8,4,4,4,66.0
9,84,20,4,4,3,58.0
14,15,65,4,4,3,58.0
14,89,23,4,4,4,58.0
16,25,72,4,2,4,58.0
18,57,30,4,4,3,58.0
20,35,30,4,4,4,58.0
24,50,28,4,4,4,58.0
24,62,33,4,4,4,58.0
25,63,57,4,4,4,58.0
68,22,0,4,4,4,66.0
26,11,8,4,4,3,58.0
27,82,69,4,3,4,58.0
28,33,65,4,4,4,58.0
29,44,28,4,4,3,58.0
30,33,69,4,4,4,58.0
30,38,29,4,4,4,58.0
32,67,4,4,4,4,58.0
32,95,40,4,4,4,58.0
64,80,28,4,3,4,66.0
33,4,73,4,4,4,58.0
62,29,50,4,4,4,66.0
37,0,46,4,3,4,58.0
60,95,44,4,4,4,66.0
37,94,55,4,3,4,58.0
42,28,41,4,3,4,58.0
42,29,74,4,3,4,58.0
42,89,45,4,3,4,58.0
43,86,45,4,4,4,58.0
44,99,70,4,3,2,58.0
45,3,30,4,4,3,58.0
57,88,45,4,3,4,66.0
47,1,69,4,4,4,58.0
47,97,0,4,4,4,58.0
48,95,32,4,4,4,58.0
53,20,60,4,4,4,58.0
56,10,4,4,4,3,66.0
53,64,64,4,4,3,58.0
56,36,12,4,4,4,58.0
50,14,0,4,4,4,66.0
56,44,74,4,4,3,58.0
49,85,19,4,4,3,66.0
61,11,39,4,4,4,58.0
62,16,68,4,4,2,58.0
63,28,61,4,4,4,58.0
63,85,25,4,4,3,58.0
64,56,68,4,3,4,58.0
67,32,18,4,4,4,58.0
48,46,44,4,4,4,66.0
67,71,72,4,4,3,58.0
71,83,76,4,3,3,58.0
72,45,48,4,4,4,58.0
73,21,66,4,4,3,58.0
74,90,75,4,4,4,58.0
76,7,12,4,4,3,58.0
76,22,35,4,4,4,58.0
76,72,41,4,4,4,58.0
77,47,33,4,4,4,58.0
78,5,45,4,4,4,58.0
48,38,40,4,4,4,66.0
80,25,76,4,4,4,58.0
82,41,65,4,4,4,58.0
82,97,73,4,4,4,58.0
83,49,23,4,3,4,58.0
48,29,54,4,4,4,66.0
47,52,8,4,4,3,66.0
88,85,40,4,4,3,58.0
89,87,51,4,4,4,58.0
91,67,66,4,4,4,58.0
93,42,49,4,3,3,58.0
96,97,65,4,4,4,58.0
0,55,30,4,4,3,59.0
2,32,65,4,4,4,59.0
3,63,34,4,3,4,59.0
47,28,12,4,4,4,66.0
6,50,72,4,4,4,59.0
7,11,4,4,3,3,59.0
7,69,20,4,3,4,59.0
11,96,69,4,3,4,59.0
16,86,23,4,3,4,59.0
17,9,62,4,4,4,59.0
17,41,27,4,4,4,59.0
18,17,34,4,4,4,59.0
18,79,58,4,4,2,59.0
19,47,29,4,2,4,59.0
20,24,53,4,4,4,59.0
20,93,68,4,4,3,59.0
20,94,64,4,4,3,59.0
25,13,49,4,4,3,59.0
25,51,61,4,4,4,59.0
45,39,20,4,4,4,66.0
43,60,39,4,4,4,66.0
26,3,58,4,4,3,59.0
41,20,72,4,4,4,66.0
27,34,53,4,4,4,59.0
34,2,70,4,4,4,66.0
28,8,16,4,4,4,59.0
29,16,18,4,4,3,59.0
30,89,8,4,4,4,59.0
32,98,12,4,4,4,66.0
30,99,12,4,4,3,59.0
32,3,33,4,4,4,59.0
32,76,45,4,4,4,66.0
35,58,56,4,4,3,59.0
35,99,22,4,4,3,59.0
39,17,46,4,4,4,59.0
41,87,41,4,4,4,59.0
42,24,61,4,3,4,59.0
43,48,49,4,4,4,59.0
47,59,37,4,4,3,59.0
50,29,32,4,4,4,59.0
52,83,0,4,3,3,59.0
60,0,62,4,4,4,59.0
60,76,66,4,4,4,59.0
62,27,73,4,4,3,59.0
30,74,17,4,4,4,66.0
30,50,21,4,4,4,66.0
30,14,33,4,4,4,66.0
64,37,72,4,3,3,59.0
67,0,22,4,4,4,59.0
67,38,44,4,4,4,59.0
67,63,76,4,4,4,59.0
29,98,41,4,4,4,66.0
69,87,55,4,4,4,59.0
70,0,66,4,4,4,59.0
71,59,60,4,4,3,59.0
72,24,71,4,4,4,59.0
74,39,24,4,4,4,59.0
28,10,8,4,4,3,66.0
76,45,74,4,4,4,59.0
76,94,70,4,4,3,59.0
79,97,8,4,3,4,59.0
80,84,53,4,4,3,59.0
24,83,46,4,4,3,66.0
83,18,8,4,3,4,59.0
83,19,33,4,3,2,59.0
83,95,50,4,3,4,59.0
84,50,16,4,3,4,59.0
24,52,57,4,4,3,66.0
84,80,57,4,3,4,59.0
84,92,30,4,3,4,59.0
18,47,41,4,4,4,66.0
88,70,75,4,4,4,59.0
14,92,4,4,4,4,66.0
14,81,27,4,4,3,66.0
14,10,47,4,4,3,66.0
8,98,20,4,4,4,66.0
8,37,76,4,4,3,66.0
6,18,76,4,4,4,66.0
93,13,45,4,3,3,59.0
94,50,36,4,4,4,59.0
95,8,0,4,4,4,59.0
95,28,54,4,4,4,59.0
2,47,74,4,4,4,66.0
98,42,16,4,4,4,59.0
0,38,58,4,4,4,60.0
0,48,75,4,4,4,60.0
5,10,57,4,4,3,60.0
8,57,34,4,4,3,60.0
88,67,26,4,4,4,65.0
9,45,24,4,4,4,60.0
11,99,16,4,3,3,60.0
13,0,38,4,4,4,60.0
14,23,54,4,4,3,60.0
14,26,15,4,4,4,60.0
88,23,69,4,4,3,65.0
26,58,62,4,4,3,60.0
28,7,45,4,4,3,60.0
28,11,49,4,4,3,60.0
30,88,49,4,4,4,60.0
35,97,26,4,4,4,60.0
42,65,58,4,4,4,60.0
47,4,16,4,4,4,60.0
47,77,58,4,4,4,60.0
47,79,62,4,4,3,60.0
86,62,54,4,4,4,65.0
50,57,49,4,4,3,60.0
51,79,68,4,4,2,60.0
52,87,61,4,3,4,60.0
64,45,56,4,3,4,60.0
69,32,59,4,4,4,60.0
80,7,39,4,4,3,65.0
78,17,76,4,4,4,60.0
78,41,4,4,4,4,60.0
81,72,75,4,3,4,60.0
78,42,53,4,4,3,65.0
86,21,50,4,4,3,60.0
88,41,60,4,4,4,60.0
74,99,35,4,4,3,65.0
92,35,34,4,4,4,60.0
98,78,27,4,4,4,60.0
4,59,4,4,3,4,61.0
14,78,58,4,4,4,61.0
18,68,45,4,4,4,61.0
19,98,73,4,2,4,61.0
20,45,34,4,4,4,61.0
26,50,41,4,4,4,61.0
27,64,3,4,3,3,61.0
69,15,41,4,4,4,65.0
30,62,43,4,4,4,61.0
30,77,37,4,4,4,61.0
31,81,35,4,4,4,61.0
35,45,65,4,4,4,61.0
35,67,49,4,4,4,61.0
65,15,62,4,4,4,65.0
36,8,29,4,4,4,61.0
36,26,22,4,4,4,61.0
37,58,0,4,4,3,61.0
38,11,53,4,4,3,61.0
39,18,50,4,4,4,61.0
39,36,54,4,4,4,61.0
41,18,54,4,4,4,61.0
41,58,76,4,4,3,61.0
42,11,12,4,4,3,61.0
48,94,58,4,4,3,61.0
49,27,27,4,4,4,61.0
50,15,53,4,4,4,61.0
55,23,18,4,3,4,61.0
58,3,71,4,3,3,61.0
58,7,8,4,4,3,61.0
59,55,64,4,3,3,61.0
64,44,32,4,3,3,61.0
64,74,46,4,3,4,61.0
64,78,0,4,4,4,61.0
67,92,8,4,4,4,61.0
68,8,38,4,4,4,61.0
68,42,20,4,4,4,61.0
58,85,4,4,4,3,65.0
74,50,64,4,4,4,61.0
74,64,60,4,4,3,61.0
77,83,41,4,4,3,61.0
77,84,0,4,4,4,61.0
78,27,19,4,4,3,61.0
86,35,60,4,4,4,61.0
87,19,29,4,4,3,61.0
97,19,20,4,4,2,61.0
55,48,36,4,3,4,65.0
54,57,55,4,3,3,65.0
99,30,53,4,3,4,61.0
4,12,8,4,3,4,62.0
9,94,66,4,4,4,62.0
48,8,62,4,4,4,65.0
14,44,69,4,4,4,62.0
18,98,65,4,4,4,62.0
19,42,43,4,2,4,62.0
23,30,25,4,4,4,62.0
30,37,62,4,4,4,62.0
30,59,73,4,4,4,62.0
32,21,54,4,4,3,62.0
36,57,74,4,4,3,62.0
37,39,12,4,4,4,62.0
38,20,76,4,4,4,62.0
38,98,48,4,4,4,62.0
41,79,16,4,4,3,62.0
44,77,45,4,4,4,62.0
48,83,66,4,4,3,62.0
49,97,31,4,4,4,62.0
51,50,76,4,4,4,62.0
54,15,66,4,3,4,62.0
57,28,74,4,4,4,62.0
57,81,65,4,3,3,62.0
59,79,68,4,3,3,62.0
63,11,42,4,4,3,62.0
44,11,57,4,3,3,65.0
64,77,62,4,4,4,62.0
65,37,71,4,4,4,62.0
66,71,13,4,2,4,62.0
66,93,60,4,2,3,62.0
43,92,53,4,4,4,65.0
74,69,50,4,4,4,62.0
78,79,31,4,4,3,62.0
81,43,73,4,4,4,62.0
95,54,4,4,4,4,62.0
38,81,69,4,4,3,65.0
97,52,12,4,4,3,62.0
5,22,15,4,4,4,63.0
38,66,64,4,4,2,65.0
7,76,28,4,3,4,63.0
8,3,47,4,4,3,63.0
37,10,19,4,4,2,65.0
12,10,19,4,4,3,63.0
13,86,71,4,4,4,63.0
26,32,73,4,4,4,63.0
37,43,35,4,4,4,63.0
54,9,76,4,3,4,63.0
54,12,12,4,4,4,63.0
54,39,16,4,4,4,63.0
54,85,8,4,4,3,63.0
66,16,56,4,2,3,63.0
68,49,49,4,4,4,63.0
68,84,34,4,4,3,63.0
74,26,68,4,4,4,63.0
74,59,28,4,4,4,63.0
78,16,35,4,4,3,63.0
78,54,39,4,4,4,63.0
78,83,71,4,4,3,63.0
79,44,76,4,2,4,63.0
89,93,34,4,4,4,63.0
94,69,45,4,4,4,63.0
97,83,16,4,4,3,63.0
98,97,35,4,4,4,63.0
5,37,49,4,4,4,64.0
15,13,25,4,4,3,64.0
15,86,75,4,4,4,64.0
29,39,58,4,4,4,65.0
27,81,16,4,4,3,64.0
41,23,8,4,4,4,64.0
42,58,0,4,4,4,64.0
44,36,36,4,3,4,64.0
44,42,47,4,3,4,64.0
23,8,42,4,4,4,65.0
19,36,58,4,2,4,65.0
74,57,54,4,4,4,64.0
15,8,57,4,4,4,65.0
13,22,4,4,4,4,65.0
7,52,24,4,3,3,65.0
4,66,12,4,3,3,65.0
93,10,72,4,3,3,64.0
93,55,45,4,4,3,64.0
98,66,31,4,4,3,64.0
99,84,46,4,3,3,64.0
3,71,4,4,3,4,65.0
